NOMBRE : MTLARP8_9_6_2.dat
VERTICES ORIGINALES : 66
VERTICES TOTALES : 1085
DEPOTS : 6
61
62
63
64
65
66
LINEAS ORIGINALES : 68
LINE 1 2 76.2051 7
	67 10.9235
	68 10.8865
	69 10.8642
	70 10.8567
	71 10.8642
	72 10.8865
	2 10.9235
LINE 1 9 179.815 16
	73 12.2461
	74 11.8585
	75 11.5159
	76 11.2224
	77 10.9819
	78 10.798
	79 10.6737
	80 10.611
	81 10.611
	82 10.6737
	83 10.798
	84 10.9819
	85 11.2224
	86 11.5159
	87 11.8585
	9 12.2461
LINE 2 3 167.804 15
	88 11.7023
	89 11.4857
	90 11.2993
	91 11.1444
	92 11.0224
	93 10.9345
	94 10.8814
	95 10.8636
	96 10.8814
	97 10.9345
	98 11.0224
	99 11.1444
	100 11.2993
	101 11.4857
	3 11.7023
LINE 2 10 205.997 19
	102 11.0344
	103 10.9708
	104 10.9144
	105 10.8652
	106 10.8234
	107 10.7891
	108 10.7624
	109 10.7432
	110 10.7317
	111 10.7279
	112 10.7317
	113 10.7432
	114 10.7624
	115 10.7891
	116 10.8234
	117 10.8652
	118 10.9144
	119 10.9708
	10 11.0344
LINE 3 4 211.351 19
	120 11.5159
	121 11.3873
	122 11.2726
	123 11.1723
	124 11.0867
	125 11.0161
	126 10.9609
	127 10.9213
	128 10.8975
	129 10.8896
	130 10.8975
	131 10.9213
	132 10.9609
	133 11.0161
	134 11.0867
	135 11.1723
	136 11.2726
	137 11.3873
	4 11.5159
LINE 3 11 87.0353 8
	138 10.9301
	139 10.8867
	140 10.8577
	141 10.8432
	142 10.8432
	143 10.8577
	144 10.8867
	11 10.9301
LINE 3 12 166.087 15
	145 11.2448
	146 11.1714
	147 11.109
	148 11.0577
	149 11.0176
	150 10.9888
	151 10.9715
	152 10.9658
	153 10.9715
	154 10.9888
	155 11.0176
	156 11.0577
	157 11.109
	158 11.1714
	12 11.2448
LINE 4 12 181.331 17
	159 10.6863
	160 10.6789
	161 10.6725
	162 10.6671
	163 10.6626
	164 10.6591
	165 10.6567
	166 10.6552
	167 10.6547
	168 10.6552
	169 10.6567
	170 10.6591
	171 10.6626
	172 10.6671
	173 10.6725
	174 10.6789
	12 10.6863
LINE 4 13 259.449 24
	175 10.8213
	176 10.8185
	177 10.8159
	178 10.8135
	179 10.8115
	180 10.8097
	181 10.8081
	182 10.8068
	183 10.8058
	184 10.805
	185 10.8045
	186 10.8042
	187 10.8042
	188 10.8045
	189 10.805
	190 10.8058
	191 10.8068
	192 10.8081
	193 10.8097
	194 10.8115
	195 10.8135
	196 10.8159
	197 10.8185
	13 10.8213
LINE 5 6 197.298 18
	198 11.2428
	199 11.1445
	200 11.0578
	201 10.9829
	202 10.9201
	203 10.8696
	204 10.8316
	205 10.8061
	206 10.7934
	207 10.7934
	208 10.8061
	209 10.8316
	210 10.8696
	211 10.9201
	212 10.9829
	213 11.0578
	214 11.1445
	6 11.2428
LINE 7 16 235.907 22
	215 10.7233
	216 10.7232
	217 10.7231
	218 10.7231
	219 10.723
	220 10.723
	221 10.723
	222 10.7229
	223 10.7229
	224 10.7229
	225 10.7229
	226 10.7229
	227 10.7229
	228 10.7229
	229 10.7229
	230 10.723
	231 10.723
	232 10.723
	233 10.7231
	234 10.7231
	235 10.7232
	16 10.7233
LINE 8 17 173.568 16
	236 10.9886
	237 10.9327
	238 10.8845
	239 10.8442
	240 10.8119
	241 10.7876
	242 10.7713
	243 10.7632
	244 10.7632
	245 10.7713
	246 10.7876
	247 10.8119
	248 10.8442
	249 10.8845
	250 10.9327
	17 10.9886
LINE 10 11 169.598 16
	251 10.6661
	252 10.6397
	253 10.617
	254 10.598
	255 10.5829
	256 10.5715
	257 10.5638
	258 10.56
	259 10.56
	260 10.5638
	261 10.5715
	262 10.5829
	263 10.598
	264 10.617
	265 10.6397
	11 10.6661
LINE 10 19 91.7292 8
	266 11.7739
	267 11.5121
	268 11.3343
	269 11.2443
	270 11.2443
	271 11.3343
	272 11.5121
	19 11.7739
LINE 12 22 280.866 25
	273 12.2647
	274 12.0184
	275 11.789
	276 11.5775
	277 11.385
	278 11.2124
	279 11.0606
	280 10.9305
	281 10.8229
	282 10.7385
	283 10.6778
	284 10.6412
	285 10.629
	286 10.6412
	287 10.6778
	288 10.7385
	289 10.8229
	290 10.9305
	291 11.0606
	292 11.2124
	293 11.385
	294 11.5775
	295 11.789
	296 12.0184
	22 12.2647
LINE 13 14 85.9671 8
	297 10.8058
	298 10.7545
	299 10.7202
	300 10.703
	301 10.703
	302 10.7202
	303 10.7545
	14 10.8058
LINE 13 22 180.895 17
	304 10.6807
	305 10.6658
	306 10.6528
	307 10.6419
	308 10.6329
	309 10.6259
	310 10.6209
	311 10.6179
	312 10.6169
	313 10.6179
	314 10.6209
	315 10.6259
	316 10.6329
	317 10.6419
	318 10.6528
	319 10.6658
	22 10.6807
LINE 15 24 197.683 18
	320 10.9826
	321 10.9825
	322 10.9825
	323 10.9824
	324 10.9824
	325 10.9824
	326 10.9823
	327 10.9823
	328 10.9823
	329 10.9823
	330 10.9823
	331 10.9823
	332 10.9824
	333 10.9824
	334 10.9824
	335 10.9825
	336 10.9825
	24 10.9826
LINE 16 17 174.115 16
	337 10.893
	338 10.8886
	339 10.8849
	340 10.8819
	341 10.8794
	342 10.8775
	343 10.8763
	344 10.8757
	345 10.8757
	346 10.8763
	347 10.8775
	348 10.8794
	349 10.8819
	350 10.8849
	351 10.8886
	17 10.893
LINE 16 26 197.765 18
	352 11.8354
	353 11.5463
	354 11.2872
	355 11.0603
	356 10.8676
	357 10.7109
	358 10.5919
	359 10.5118
	360 10.4715
	361 10.4715
	362 10.5118
	363 10.5919
	364 10.7109
	365 10.8676
	366 11.0603
	367 11.2872
	368 11.5463
	26 11.8354
LINE 17 26 105.559 10
	369 10.7885
	370 10.6346
	371 10.5177
	372 10.439
	373 10.3995
	374 10.3995
	375 10.439
	376 10.5177
	377 10.6346
	26 10.7885
LINE 18 27 111.366 10
	378 11.3478
	379 11.2079
	380 11.1019
	381 11.0307
	382 10.9949
	383 10.9949
	384 11.0307
	385 11.1019
	386 11.2079
	27 11.3478
LINE 20 29 150.469 14
	387 10.8213
	388 10.7874
	389 10.7592
	390 10.7365
	391 10.7195
	392 10.7081
	393 10.7024
	394 10.7024
	395 10.7081
	396 10.7195
	397 10.7365
	398 10.7592
	399 10.7874
	29 10.8213
LINE 20 30 211.699 20
	400 10.6851
	401 10.6536
	402 10.6256
	403 10.6009
	404 10.5798
	405 10.5622
	406 10.548
	407 10.5374
	408 10.5303
	409 10.5268
	410 10.5268
	411 10.5303
	412 10.5374
	413 10.548
	414 10.5622
	415 10.5798
	416 10.6009
	417 10.6256
	418 10.6536
	30 10.6851
LINE 21 22 75.726 7
	419 10.8299
	420 10.818
	421 10.8109
	422 10.8085
	423 10.8109
	424 10.818
	22 10.8299
LINE 22 31 72.362 7
	425 10.3462
	426 10.3374
	427 10.3322
	428 10.3304
	429 10.3322
	430 10.3374
	31 10.3462
LINE 23 24 161.085 14
	431 12.5747
	432 12.1001
	433 11.69
	434 11.3512
	435 11.0903
	436 10.913
	437 10.8232
	438 10.8232
	439 10.913
	440 11.0903
	441 11.3512
	442 11.69
	443 12.1001
	24 12.5747
LINE 24 25 161.753 15
	444 10.8304
	445 10.8104
	446 10.7934
	447 10.7794
	448 10.7686
	449 10.7608
	450 10.7562
	451 10.7546
	452 10.7562
	453 10.7608
	454 10.7686
	455 10.7794
	456 10.7934
	457 10.8104
	25 10.8304
LINE 27 28 212.926 19
	458 11.7339
	459 11.5619
	460 11.408
	461 11.273
	462 11.1574
	463 11.062
	464 10.9872
	465 10.9334
	466 10.901
	467 10.8902
	468 10.901
	469 10.9334
	470 10.9872
	471 11.062
	472 11.1574
	473 11.273
	474 11.408
	475 11.5619
	28 11.7339
LINE 27 33 147.513 14
	476 10.6498
	477 10.5978
	478 10.5543
	479 10.5193
	480 10.4931
	481 10.4755
	482 10.4667
	483 10.4667
	484 10.4755
	485 10.4931
	486 10.5193
	487 10.5543
	488 10.5978
	33 10.6498
LINE 27 34 235.816 22
	489 10.8252
	490 10.795
	491 10.7677
	492 10.7434
	493 10.7221
	494 10.7038
	495 10.6885
	496 10.6763
	497 10.6671
	498 10.661
	499 10.6579
	500 10.6579
	501 10.661
	502 10.6671
	503 10.6763
	504 10.6885
	505 10.7038
	506 10.7221
	507 10.7434
	508 10.7677
	509 10.795
	34 10.8252
LINE 28 29 128.395 12
	510 10.7202
	511 10.709
	512 10.6999
	513 10.6932
	514 10.6887
	515 10.6864
	516 10.6864
	517 10.6887
	518 10.6932
	519 10.6999
	520 10.709
	29 10.7202
LINE 28 34 116.861 11
	521 10.7492
	522 10.6743
	523 10.6156
	524 10.5735
	525 10.5482
	526 10.5397
	527 10.5482
	528 10.5735
	529 10.6156
	530 10.6743
	34 10.7492
LINE 29 30 140.726 13
	531 10.8251
	532 10.8251
	533 10.8251
	534 10.8251
	535 10.8251
	536 10.8251
	537 10.8251
	538 10.8251
	539 10.8251
	540 10.8251
	541 10.8251
	542 10.8251
	30 10.8251
LINE 29 35 131.08 12
	543 11.2715
	544 11.0839
	545 10.9316
	546 10.8159
	547 10.7381
	548 10.699
	549 10.699
	550 10.7381
	551 10.8159
	552 10.9316
	553 11.0839
	35 11.2715
LINE 29 36 212.45 19
	554 12.1556
	555 11.8436
	556 11.5614
	557 11.311
	558 11.0948
	559 10.9148
	560 10.7726
	561 10.6699
	562 10.6078
	563 10.587
	564 10.6078
	565 10.6699
	566 10.7726
	567 10.9148
	568 11.0948
	569 11.311
	570 11.5614
	571 11.8436
	36 12.1556
LINE 30 31 159.662 15
	572 10.7084
	573 10.6809
	574 10.6576
	575 10.6385
	576 10.6237
	577 10.613
	578 10.6067
	579 10.6045
	580 10.6067
	581 10.613
	582 10.6237
	583 10.6385
	584 10.6576
	585 10.6809
	31 10.7084
LINE 31 37 161.627 15
	586 11.2382
	587 11.0434
	588 10.8758
	589 10.7368
	590 10.6274
	591 10.5485
	592 10.5009
	593 10.485
	594 10.5009
	595 10.5485
	596 10.6274
	597 10.7368
	598 10.8758
	599 11.0434
	37 11.2382
LINE 32 38 143.446 13
	600 11.6358
	601 11.3416
	602 11.0951
	603 10.8996
	604 10.7577
	605 10.6717
	606 10.6429
	607 10.6717
	608 10.7577
	609 10.8996
	610 11.0951
	611 11.3416
	38 11.6358
LINE 32 40 191.803 18
	612 10.7532
	613 10.7189
	614 10.6889
	615 10.6631
	616 10.6415
	617 10.6242
	618 10.6112
	619 10.6025
	620 10.5982
	621 10.5982
	622 10.6025
	623 10.6112
	624 10.6242
	625 10.6415
	626 10.6631
	627 10.6889
	628 10.7189
	40 10.7532
LINE 34 41 218.204 20
	629 11.1473
	630 11.0732
	631 11.0069
	632 10.9486
	633 10.8983
	634 10.8563
	635 10.8225
	636 10.7972
	637 10.7802
	638 10.7717
	639 10.7717
	640 10.7802
	641 10.7972
	642 10.8225
	643 10.8563
	644 10.8983
	645 10.9486
	646 11.0069
	647 11.0732
	41 11.1473
LINE 34 42 262.015 23
	648 12.308
	649 12.0676
	650 11.8459
	651 11.644
	652 11.4629
	653 11.3035
	654 11.167
	655 11.054
	656 10.9653
	657 10.9015
	658 10.863
	659 10.8502
	660 10.863
	661 10.9015
	662 10.9653
	663 11.054
	664 11.167
	665 11.3035
	666 11.4629
	667 11.644
	668 11.8459
	669 12.0676
	42 12.308
LINE 35 36 156.588 15
	670 10.5142
	671 10.4822
	672 10.455
	673 10.4327
	674 10.4153
	675 10.4029
	676 10.3954
	677 10.3929
	678 10.3954
	679 10.4029
	680 10.4153
	681 10.4327
	682 10.455
	683 10.4822
	36 10.5142
LINE 35 43 205.319 18
	684 12.1633
	685 11.9041
	686 11.6727
	687 11.4706
	688 11.2994
	689 11.1606
	690 11.0553
	691 10.9846
	692 10.949
	693 10.949
	694 10.9846
	695 11.0553
	696 11.1606
	697 11.2994
	698 11.4706
	699 11.6727
	700 11.9041
	43 12.1633
LINE 36 37 139.078 13
	701 10.7071
	702 10.7027
	703 10.6991
	704 10.6963
	705 10.6943
	706 10.6931
	707 10.6927
	708 10.6931
	709 10.6943
	710 10.6963
	711 10.6991
	712 10.7027
	37 10.7071
LINE 36 43 237.666 21
	713 11.9711
	714 11.7803
	715 11.6069
	716 11.4518
	717 11.3156
	718 11.199
	719 11.1028
	720 11.0273
	721 10.9731
	722 10.9405
	723 10.9295
	724 10.9405
	725 10.9731
	726 11.0273
	727 11.1028
	728 11.199
	729 11.3156
	730 11.4518
	731 11.6069
	732 11.7803
	43 11.9711
LINE 37 38 159.795 14
	733 12.2731
	734 11.8888
	735 11.5588
	736 11.2879
	737 11.0803
	738 10.9398
	739 10.8688
	740 10.8688
	741 10.9398
	742 11.0803
	743 11.2879
	744 11.5588
	745 11.8888
	38 12.2731
LINE 37 44 162.928 15
	746 11.5849
	747 11.2838
	748 11.0225
	749 10.8041
	750 10.6311
	751 10.5058
	752 10.4299
	753 10.4044
	754 10.4299
	755 10.5058
	756 10.6311
	757 10.8041
	758 11.0225
	759 11.2838
	44 11.5849
LINE 38 39 169.998 15
	760 11.8601
	761 11.6388
	762 11.4481
	763 11.2898
	764 11.165
	765 11.0751
	766 11.0208
	767 11.0026
	768 11.0208
	769 11.0751
	770 11.165
	771 11.2898
	772 11.4481
	773 11.6388
	39 11.8601
LINE 40 47 189.117 17
	774 11.7561
	775 11.5252
	776 11.3213
	777 11.1459
	778 11.0002
	779 10.8856
	780 10.803
	781 10.7531
	782 10.7365
	783 10.7531
	784 10.803
	785 10.8856
	786 11.0002
	787 11.1459
	788 11.3213
	789 11.5252
	47 11.7561
LINE 41 42 232.923 21
	790 11.7078
	791 11.5277
	792 11.3642
	793 11.2179
	794 11.0896
	795 10.9799
	796 10.8893
	797 10.8182
	798 10.7672
	799 10.7365
	800 10.7263
	801 10.7365
	802 10.7672
	803 10.8182
	804 10.8893
	805 10.9799
	806 11.0896
	807 11.2179
	808 11.3642
	809 11.5277
	42 11.7078
LINE 42 49 199.663 19
	810 10.5361
	811 10.527
	812 10.5188
	813 10.5118
	814 10.5059
	815 10.501
	816 10.4972
	817 10.4945
	818 10.4928
	819 10.4923
	820 10.4928
	821 10.4945
	822 10.4972
	823 10.501
	824 10.5059
	825 10.5118
	826 10.5188
	827 10.527
	49 10.5361
LINE 43 44 219.769 20
	828 11.2284
	829 11.1534
	830 11.0863
	831 11.0273
	832 10.9764
	833 10.9339
	834 10.8997
	835 10.874
	836 10.8568
	837 10.8482
	838 10.8482
	839 10.8568
	840 10.874
	841 10.8997
	842 10.9339
	843 10.9764
	844 11.0273
	845 11.0863
	846 11.1534
	44 11.2284
LINE 43 49 199.62 18
	847 11.2334
	848 11.1831
	849 11.1389
	850 11.1008
	851 11.069
	852 11.0435
	853 11.0243
	854 11.0115
	855 11.0051
	856 11.0051
	857 11.0115
	858 11.0243
	859 11.0435
	860 11.069
	861 11.1008
	862 11.1389
	863 11.1831
	49 11.2334
LINE 43 50 120.803 11
	864 11.3463
	865 11.1305
	866 10.9597
	867 10.836
	868 10.7611
	869 10.736
	870 10.7611
	871 10.836
	872 10.9597
	873 11.1305
	50 11.3463
LINE 44 50 211.842 19
	874 12.1342
	875 11.819
	876 11.5337
	877 11.2807
	878 11.062
	879 10.8799
	880 10.736
	881 10.6321
	882 10.5693
	883 10.5482
	884 10.5693
	885 10.6321
	886 10.736
	887 10.8799
	888 11.062
	889 11.2807
	890 11.5337
	891 11.819
	50 12.1342
LINE 44 51 152.588 14
	892 11.263
	893 11.0974
	894 10.9575
	895 10.8443
	896 10.7586
	897 10.7011
	898 10.6722
	899 10.6722
	900 10.7011
	901 10.7586
	902 10.8443
	903 10.9575
	904 11.0974
	51 11.263
LINE 45 46 194.726 18
	905 10.8766
	906 10.856
	907 10.838
	908 10.8225
	909 10.8095
	910 10.7992
	911 10.7914
	912 10.7862
	913 10.7837
	914 10.7837
	915 10.7862
	916 10.7914
	917 10.7992
	918 10.8095
	919 10.8225
	920 10.838
	921 10.856
	46 10.8766
LINE 48 56 262.973 24
	922 10.9897
	923 10.9812
	924 10.9735
	925 10.9666
	926 10.9604
	927 10.955
	928 10.9504
	929 10.9465
	930 10.9434
	931 10.9411
	932 10.9396
	933 10.9388
	934 10.9388
	935 10.9396
	936 10.9411
	937 10.9434
	938 10.9465
	939 10.9504
	940 10.955
	941 10.9604
	942 10.9666
	943 10.9735
	944 10.9812
	56 10.9897
LINE 50 57 172.738 15
	945 12.4078
	946 12.038
	947 11.716
	948 11.4458
	949 11.2311
	950 11.0752
	951 10.9807
	952 10.9489
	953 10.9807
	954 11.0752
	955 11.2311
	956 11.4458
	957 11.716
	958 12.038
	57 12.4078
LINE 51 52 218.066 20
	959 10.9698
	960 10.9489
	961 10.9302
	962 10.9139
	963 10.8999
	964 10.8882
	965 10.8788
	966 10.8717
	967 10.867
	968 10.8647
	969 10.8647
	970 10.867
	971 10.8717
	972 10.8788
	973 10.8882
	974 10.8999
	975 10.9139
	976 10.9302
	977 10.9489
	52 10.9698
LINE 51 57 215.341 19
	978 11.9586
	979 11.7556
	980 11.5734
	981 11.4133
	982 11.276
	983 11.1624
	984 11.0732
	985 11.0091
	986 10.9704
	987 10.9575
	988 10.9704
	989 11.0091
	990 11.0732
	991 11.1624
	992 11.276
	993 11.4133
	994 11.5734
	995 11.7556
	57 11.9586
LINE 51 58 231.267 21
	996 11.8956
	997 11.6406
	998 11.4075
	999 11.1978
	1000 11.0129
	1001 10.854
	1002 10.7222
	1003 10.6185
	1004 10.5439
	1005 10.4988
	1006 10.4838
	1007 10.4988
	1008 10.5439
	1009 10.6185
	1010 10.7222
	1011 10.854
	1012 11.0129
	1013 11.1978
	1014 11.4075
	1015 11.6406
	58 11.8956
LINE 52 53 89.024 8
	1016 11.3703
	1017 11.1639
	1018 11.0242
	1019 10.9536
	1020 10.9536
	1021 11.0242
	1022 11.1639
	53 11.3703
LINE 53 54 205.966 18
	1023 12.534
	1024 12.165
	1025 11.8327
	1026 11.5402
	1027 11.2907
	1028 11.087
	1029 10.9318
	1030 10.8271
	1031 10.7743
	1032 10.7743
	1033 10.8271
	1034 10.9318
	1035 11.087
	1036 11.2907
	1037 11.5402
	1038 11.8327
	1039 12.165
	54 12.534
LINE 53 59 145.518 14
	1040 10.4156
	1041 10.4057
	1042 10.3974
	1043 10.3908
	1044 10.3858
	1045 10.3825
	1046 10.3809
	1047 10.3809
	1048 10.3825
	1049 10.3858
	1050 10.3908
	1051 10.3974
	1052 10.4057
	59 10.4156
LINE 55 60 189.934 18
	1053 10.5587
	1054 10.5563
	1055 10.5542
	1056 10.5524
	1057 10.5509
	1058 10.5497
	1059 10.5488
	1060 10.5482
	1061 10.5479
	1062 10.5479
	1063 10.5482
	1064 10.5488
	1065 10.5497
	1066 10.5509
	1067 10.5524
	1068 10.5542
	1069 10.5563
	60 10.5587
LINE 57 58 189.636 17
	1070 11.4214
	1071 11.3226
	1072 11.2362
	1073 11.1627
	1074 11.1021
	1075 11.0548
	1076 11.0209
	1077 11.0004
	1078 10.9936
	1079 11.0004
	1080 11.0209
	1081 11.0548
	1082 11.1021
	1083 11.1627
	1084 11.2362
	1085 11.3226
	58 11.4214
COORDENADAS :
1	73.6544	734.32
2	124.312	733.495
3	229.88	707.855
4	362.584	745.477
5	423.296	740.282
6	544.996	696.014
7	667.788	750.184
8	820.055	711.833
9	51.4626	623.418
10	164.673	603.741
11	262.274	659.962
12	312.405	635.644
13	459.745	602.499
14	516.378	609.558
15	658.694	649.034
16	750.296	616.296
17	865.895	606.586
18	56.0065	506.526
19	125.652	558.282
20	231.052	491.912
21	365.175	500.938
22	414.618	490.957
23	535.731	535.381
24	635.357	519.329
25	740.486	496.657
26	849.493	539.259
27	34.9896	436.336
28	172.667	427.793
29	251.232	394.089
30	343.934	408.509
31	441.206	450.743
32	645.391	396.43
33	50.9371	339.968
34	165.823	350.805
35	270.869	310.82
36	371.836	335.454
37	463.61	348.314
38	564.923	351.344
39	674.913	354.187
40	747.867	321.122
41	118.865	215.091
42	268.944	220.25
43	323.219	190.37
44	457.352	244.458
45	515.791	196.597
46	638.327	238.182
47	767.863	201.096
48	21.3301	93.7022
49	235.56	91.6086
50	379.82	135.644
51	415.086	154.3
52	555.953	120.53
53	612.804	107.291
54	738.767	136.091
55	866.062	91.9077
56	169.153	0
57	355.729	28.8379
58	480.174	22.7494
59	626.365	11.3587
60	766.081	14.2875
61	160.982	472.833
62	29.8013	762.93
63	750.774	710.926
64	0	418.022
65	765.249	658.898
66	125.99	467.584
67	80.9044	735.006
68	88.15	735.424
69	95.3912	735.575
70	102.628	735.457
71	109.861	735.071
72	117.089	734.417
73	68.2621	728.19
74	63.4038	721.953
75	59.0796	715.609
76	55.2894	709.159
77	52.0333	702.602
78	49.3112	695.937
79	47.1231	689.166
80	45.4691	682.288
81	44.3491	675.304
82	43.7632	668.212
83	43.7113	661.014
84	44.1935	653.708
85	45.2097	646.296
86	46.76	638.777
87	48.8443	631.151
88	130.666	728.967
89	137.117	724.842
90	143.666	721.12
91	150.312	717.8
92	157.057	714.883
93	163.899	712.369
94	170.839	710.257
95	177.877	708.547
96	185.013	707.241
97	192.246	706.337
98	199.577	705.835
99	207.006	705.736
100	214.533	706.04
101	222.157	706.746
102	128.081	727.177
103	131.667	720.803
104	135.07	714.371
105	138.29	707.883
106	141.328	701.338
107	144.183	694.736
108	146.855	688.077
109	149.345	681.362
110	151.652	674.59
111	153.776	667.76
112	155.717	660.874
113	157.476	653.932
114	159.053	646.932
115	160.446	639.875
116	161.657	632.762
117	162.685	625.592
118	163.531	618.365
119	164.193	611.081
120	236.183	712.238
121	242.562	716.354
122	249.016	720.203
123	255.547	723.785
124	262.153	727.1
125	268.834	730.148
126	275.592	732.929
127	282.425	735.443
128	289.334	737.69
129	296.318	739.67
130	303.378	741.383
131	310.514	742.829
132	317.726	744.009
133	325.013	744.921
134	332.376	745.566
135	339.814	745.944
136	347.329	746.056
137	354.919	745.9
138	234.696	702.388
139	239.294	696.772
140	243.672	691.007
141	247.831	685.095
142	251.771	679.034
143	255.491	672.825
144	258.992	666.467
145	236.474	704.29
146	242.912	700.546
147	249.195	696.624
148	255.321	692.524
149	261.291	688.245
150	267.105	683.788
151	272.763	679.152
152	278.264	674.338
153	283.61	669.346
154	288.799	664.175
155	293.833	658.826
156	298.71	653.298
157	303.431	647.592
158	307.996	641.707
159	359.134	739.244
160	355.747	732.982
161	352.422	726.692
162	349.159	720.374
163	345.958	714.027
164	342.82	707.651
165	339.743	701.247
166	336.73	694.815
167	333.778	688.354
168	330.888	681.865
169	328.061	675.347
170	325.296	668.801
171	322.593	662.227
172	319.953	655.624
173	317.375	648.992
174	314.858	642.332
175	366.968	739.748
176	371.323	733.999
177	375.649	728.23
178	379.946	722.441
179	384.213	716.633
180	388.451	710.804
181	392.66	704.956
182	396.84	699.088
183	400.99	693.2
184	405.112	687.292
185	409.204	681.365
186	413.267	675.417
187	417.301	669.45
188	421.305	663.462
189	425.281	657.455
190	429.227	651.429
191	433.144	645.382
192	437.031	639.315
193	440.89	633.229
194	444.719	627.123
195	448.52	620.997
196	452.291	614.851
197	456.032	608.685
198	429.338	735.848
199	435.466	731.646
200	441.677	727.676
201	447.974	723.939
202	454.354	720.434
203	460.82	717.161
204	467.37	714.121
205	474.004	711.313
206	480.723	708.737
207	487.526	706.394
208	494.414	704.283
209	501.387	702.405
210	508.443	700.759
211	515.585	699.345
212	522.811	698.164
213	530.121	697.215
214	537.516	696.498
215	671.487	744.066
216	675.191	737.952
217	678.9	731.84
218	682.613	725.732
219	686.332	719.626
220	690.055	713.524
221	693.784	707.425
222	697.517	701.328
223	701.255	695.235
224	704.998	689.144
225	708.746	683.057
226	712.499	676.973
227	716.256	670.892
228	720.019	664.813
229	723.787	658.738
230	727.559	652.666
231	731.336	646.597
232	735.118	640.53
233	738.906	634.467
234	742.698	628.407
235	746.494	622.35
236	824.276	705.846
237	828.317	699.78
238	832.177	693.635
239	835.856	687.412
240	839.354	681.11
241	842.671	674.729
242	845.807	668.269
243	848.763	661.73
244	851.537	655.113
245	854.131	648.417
246	856.544	641.642
247	858.776	634.789
248	860.827	627.856
249	862.697	620.845
250	864.387	613.755
251	170.273	608.123
252	175.94	612.39
253	181.673	616.541
254	187.473	620.575
255	193.339	624.495
256	199.272	628.298
257	205.272	631.986
258	211.339	635.557
259	217.472	639.013
260	223.673	642.353
261	229.939	645.577
262	236.273	648.686
263	242.673	651.679
264	249.14	654.555
265	255.674	657.316
266	158.011	599.59
267	151.859	595.002
268	146.217	589.976
269	141.084	584.513
270	136.461	578.612
271	132.348	572.273
272	128.745	565.496
273	319.825	632.211
274	326.968	628.581
275	333.833	624.755
276	340.421	620.733
277	346.731	616.515
278	352.763	612.1
279	358.518	607.49
280	363.995	602.683
281	369.194	597.68
282	374.115	592.481
283	378.759	587.086
284	383.125	581.495
285	387.214	575.707
286	391.025	569.724
287	394.558	563.544
288	397.813	557.168
289	400.791	550.596
290	403.491	543.827
291	405.914	536.863
292	408.059	529.702
293	409.926	522.346
294	411.515	514.793
295	412.827	507.044
296	413.861	499.098
297	466.7	604.375
298	473.691	605.967
299	480.717	607.275
300	487.779	608.3
301	494.875	609.04
302	502.008	609.497
303	509.175	609.669
304	456.37	596.229
305	453.086	589.923
306	449.891	583.58
307	446.787	577.201
308	443.772	570.785
309	440.847	564.333
310	438.013	557.845
311	435.268	551.32
312	432.614	544.759
313	430.049	538.161
314	427.575	531.527
315	425.19	524.856
316	422.896	518.149
317	420.691	511.406
318	418.577	504.626
319	416.552	497.81
320	657.349	641.837
321	656.01	634.639
322	654.677	627.44
323	653.349	620.24
324	652.027	613.038
325	650.711	605.836
326	649.4	598.633
327	648.095	591.429
328	646.795	584.223
329	645.502	577.017
330	644.214	569.809
331	642.932	562.601
332	641.655	555.392
333	640.384	548.181
334	639.119	540.97
335	637.859	533.757
336	636.605	526.544
337	757.487	615.28
338	764.682	614.319
339	771.882	613.413
340	779.086	612.56
341	786.295	611.763
342	793.509	611.02
343	800.727	610.331
344	807.949	609.697
345	815.177	609.118
346	822.408	608.592
347	829.645	608.122
348	836.886	607.706
349	844.131	607.344
350	851.381	607.037
351	858.636	606.784
352	758.067	614.925
353	765.571	613.212
354	772.81	611.157
355	779.783	608.76
356	786.49	606.021
357	792.931	602.939
358	799.107	599.515
359	805.016	595.748
360	810.66	591.639
361	816.038	587.188
362	821.15	582.395
363	825.997	577.26
364	830.577	571.782
365	834.892	565.962
366	838.941	559.799
367	842.724	553.295
368	846.241	546.448
369	866.126	599.398
370	865.942	592.31
371	865.341	585.324
372	864.325	578.439
373	862.892	571.656
374	861.044	564.974
375	858.78	558.393
376	856.1	551.914
377	853.004	545.536
378	52.1003	500.048
379	48.595	493.449
380	45.4908	486.73
381	42.7876	479.891
382	40.4854	472.932
383	38.5843	465.853
384	37.0841	458.654
385	35.9849	451.335
386	35.2868	443.896
387	233.541	485.141
388	235.869	478.336
389	238.035	471.498
390	240.04	464.627
391	241.884	457.723
392	243.567	450.785
393	245.089	443.815
394	246.45	436.811
395	247.65	429.773
396	248.689	422.703
397	249.566	415.599
398	250.282	408.462
399	250.838	401.292
400	237.424	488.726
401	243.718	485.436
402	249.936	482.043
403	256.078	478.546
404	262.143	474.945
405	268.131	471.241
406	274.043	467.434
407	279.879	463.522
408	285.637	459.508
409	291.32	455.389
410	296.926	451.167
411	302.455	446.842
412	307.908	442.413
413	313.284	437.88
414	318.584	433.244
415	323.807	428.504
416	328.953	423.661
417	334.024	418.714
418	339.017	413.663
419	372.328	499.956
420	379.451	498.826
421	386.544	497.548
422	393.608	496.123
423	400.641	494.549
424	407.644	492.827
425	418.099	485.002
426	421.686	479.118
427	425.378	473.303
428	429.177	467.558
429	433.081	461.883
430	437.091	456.278
431	543.528	538.461
432	551.22	540.89
433	558.808	542.669
434	566.291	543.798
435	573.669	544.277
436	580.942	544.105
437	588.11	543.284
438	595.174	541.812
439	602.133	539.69
440	608.988	536.918
441	615.737	533.496
442	622.382	529.424
443	628.922	524.702
444	642.545	518.651
445	649.708	517.854
446	656.845	516.938
447	663.957	515.903
448	671.042	514.749
449	678.102	513.476
450	685.137	512.083
451	692.145	510.572
452	699.128	508.941
453	706.085	507.192
454	713.017	505.323
455	719.923	503.335
456	726.803	501.228
457	733.657	499.002
458	42.0554	432.98
459	49.1413	429.946
460	56.2472	427.235
461	63.3732	424.848
462	70.5191	422.783
463	77.6852	421.041
464	84.8712	419.623
465	92.0774	418.527
466	99.3035	417.754
467	106.55	417.305
468	113.816	417.178
469	121.102	417.375
470	128.409	417.894
471	135.735	418.736
472	143.081	419.902
473	150.448	421.39
474	157.834	423.201
475	165.241	425.336
476	34.8315	429.238
477	34.873	422.173
478	35.114	415.141
479	35.5546	408.142
480	36.1948	401.176
481	37.0345	394.243
482	38.0739	387.343
483	39.3127	380.476
484	40.7512	373.642
485	42.3892	366.841
486	44.2268	360.073
487	46.264	353.339
488	48.5008	346.637
489	41.629	433.508
490	48.2024	430.578
491	54.7099	427.548
492	61.1514	424.416
493	67.527	421.184
494	73.8366	417.851
495	80.0803	414.418
496	86.2581	410.883
497	92.3699	407.247
498	98.4158	403.511
499	104.396	399.673
500	110.31	395.735
501	116.158	391.696
502	121.94	387.556
503	127.656	383.315
504	133.306	378.974
505	138.891	374.531
506	144.409	369.988
507	149.861	365.343
508	155.248	360.598
509	160.568	355.752
510	178.99	424.461
511	185.353	421.224
512	191.757	418.082
513	198.202	415.035
514	204.688	412.084
515	211.215	409.227
516	217.782	406.466
517	224.39	403.8
518	231.039	401.23
519	237.729	398.754
520	244.46	396.374
521	170.643	420.919
522	168.899	414.02
523	167.436	407.096
524	166.253	400.147
525	165.35	393.173
526	164.728	386.174
527	164.386	379.15
528	164.324	372.101
529	164.543	365.028
530	165.043	357.929
531	258.366	395.178
532	265.5	396.27
533	272.633	397.366
534	279.765	398.465
535	286.897	399.568
536	294.029	400.673
537	301.16	401.783
538	308.29	402.895
539	315.42	404.011
540	322.549	405.131
541	329.678	406.253
542	336.806	407.379
543	255.179	387.695
544	258.706	381.202
545	261.813	374.609
546	264.5	367.918
547	266.766	361.128
548	268.613	354.238
549	270.039	347.249
550	271.045	340.162
551	271.631	332.975
552	271.797	325.689
553	271.543	318.304
554	255.839	387.422
555	260.639	381.153
556	265.632	375.282
557	270.819	369.808
558	276.199	364.733
559	281.773	360.055
560	287.541	355.775
561	293.501	351.894
562	299.656	348.41
563	306.003	345.324
564	312.544	342.635
565	319.279	340.345
566	326.207	338.453
567	333.328	336.958
568	340.643	335.862
569	348.151	335.163
570	355.853	334.862
571	363.748	334.959
572	350.814	410.415
573	357.638	412.451
574	364.404	414.616
575	371.115	416.912
576	377.769	419.338
577	384.367	421.893
578	390.908	424.579
579	397.393	427.395
580	403.821	430.34
581	410.193	433.416
582	416.509	436.622
583	422.768	439.957
584	428.97	443.423
585	435.116	447.018
586	445.334	444.491
587	449.085	438.156
588	452.461	431.739
589	455.459	425.24
590	458.082	418.658
591	460.328	411.994
592	462.198	405.248
593	463.692	398.419
594	464.809	391.508
595	465.55	384.515
596	465.914	377.44
597	465.903	370.282
598	465.515	363.042
599	464.75	355.719
600	637.669	395.697
601	630.202	394.509
602	622.99	392.864
603	616.034	390.764
604	609.333	388.207
605	602.888	385.195
606	596.698	381.727
607	590.764	377.803
608	585.085	373.423
609	579.661	368.587
610	574.493	363.295
611	569.581	357.547
612	651.804	393.225
613	658.132	389.905
614	664.375	386.47
615	670.533	382.92
616	676.607	379.254
617	682.597	375.473
618	688.501	371.577
619	694.321	367.566
620	700.057	363.44
621	705.708	359.199
622	711.274	354.842
623	716.755	350.37
624	722.152	345.783
625	727.465	341.081
626	732.692	336.264
627	737.835	331.332
628	742.893	326.284
629	161.665	344.646
630	157.697	338.421
631	153.92	332.129
632	150.334	325.772
633	146.938	319.349
634	143.733	312.86
635	140.718	306.305
636	137.894	299.684
637	135.26	292.997
638	132.817	286.244
639	130.565	279.426
640	128.502	272.541
641	126.631	265.591
642	124.95	258.574
643	123.459	251.492
644	122.159	244.343
645	121.05	237.129
646	120.131	229.849
647	119.403	222.503
648	173.346	347.53
649	180.593	344.036
650	187.563	340.324
651	194.258	336.394
652	200.676	332.246
653	206.817	327.879
654	212.682	323.294
655	218.271	318.491
656	223.584	313.469
657	228.62	308.23
658	233.38	302.772
659	237.863	297.095
660	242.071	291.201
661	246.001	285.088
662	249.656	278.757
663	253.034	272.207
664	256.136	265.44
665	258.961	258.454
666	261.511	251.249
667	263.783	243.827
668	265.78	236.186
669	267.5	228.327
670	277.852	311.431
671	284.798	312.19
672	291.709	313.095
673	298.584	314.148
674	305.423	315.348
675	312.226	316.696
676	318.993	318.191
677	325.725	319.833
678	332.42	321.623
679	339.079	323.56
680	345.702	325.644
681	352.29	327.875
682	358.841	330.254
683	365.357	332.78
684	277.022	305.539
685	282.793	300.091
686	288.182	294.478
687	293.19	288.699
688	297.816	282.754
689	302.06	276.643
690	305.923	270.366
691	309.404	263.923
692	312.503	257.314
693	315.221	250.539
694	317.556	243.599
695	319.51	236.492
696	321.083	229.22
697	322.273	221.782
698	323.082	214.177
699	323.509	206.407
700	323.555	198.471
701	378.947	336.076
702	386.05	336.759
703	393.144	337.504
704	400.229	338.309
705	407.305	339.176
706	414.373	340.104
707	421.433	341.094
708	428.484	342.144
709	435.526	343.256
710	442.56	344.429
711	449.585	345.663
712	456.602	346.958
713	366.434	329.58
714	361.34	323.602
715	356.556	317.521
716	352.079	311.336
717	347.912	305.048
718	344.053	298.657
719	340.503	292.162
720	337.262	285.563
721	334.329	278.861
722	331.705	272.056
723	329.39	265.147
724	327.384	258.135
725	325.686	251.019
726	324.297	243.8
727	323.217	236.478
728	322.445	229.052
729	321.983	221.522
730	321.829	213.889
731	321.983	206.153
732	322.447	198.313
733	470.96	344.721
734	478.293	341.713
735	485.609	339.292
736	492.907	337.457
737	500.187	336.208
738	507.45	335.545
739	514.696	335.468
740	521.924	335.977
741	529.134	337.073
742	536.327	338.755
743	543.502	341.023
744	550.66	343.877
745	557.801	347.317
746	459.802	341.595
747	456.479	334.846
748	453.64	328.069
749	451.285	321.262
750	449.415	314.425
751	448.029	307.56
752	447.128	300.665
753	446.711	293.742
754	446.778	286.789
755	447.329	279.807
756	448.365	272.795
757	449.886	265.755
758	451.89	258.685
759	454.379	251.586
760	572.332	348.582
761	579.73	346.243
762	587.117	344.325
763	594.494	342.828
764	601.859	341.753
765	609.213	341.099
766	616.557	340.867
767	623.89	341.057
768	631.211	341.668
769	638.522	342.701
770	645.822	344.155
771	653.111	346.031
772	660.389	348.328
773	667.656	351.047
774	745.894	313.537
775	744.315	306.017
776	743.129	298.563
777	742.337	291.175
778	741.939	283.852
779	741.934	276.595
780	742.323	269.404
781	743.105	262.278
782	744.282	255.218
783	745.852	248.223
784	747.815	241.294
785	750.172	234.43
786	752.923	227.632
787	756.068	220.9
788	759.606	214.233
789	763.537	207.632
790	126.119	212.21
791	133.362	209.642
792	140.595	207.386
793	147.817	205.443
794	155.028	203.813
795	162.228	202.496
796	169.418	201.491
797	176.597	200.798
798	183.765	200.419
799	190.922	200.352
800	198.069	200.598
801	205.205	201.156
802	212.33	202.027
803	219.444	203.21
804	226.548	204.707
805	233.641	206.516
806	240.723	208.637
807	247.794	211.071
808	254.855	213.818
809	261.905	216.878
810	266.567	213.64
811	264.259	207.012
812	262.02	200.367
813	259.85	193.704
814	257.749	187.022
815	255.717	180.323
816	253.753	173.606
817	251.858	166.871
818	250.032	160.119
819	248.275	153.348
820	246.587	146.56
821	244.968	139.753
822	243.417	132.929
823	241.936	126.087
824	240.523	119.227
825	239.179	112.349
826	237.904	105.454
827	236.697	98.54
828	329.202	194.868
829	335.261	199.177
830	341.397	203.298
831	347.609	207.23
832	353.897	210.973
833	360.261	214.527
834	366.701	217.892
835	373.217	221.069
836	379.81	224.056
837	386.478	226.855
838	393.223	229.465
839	400.044	231.886
840	406.941	234.119
841	413.914	236.162
842	420.964	238.017
843	428.089	239.683
844	435.291	241.16
845	442.568	242.448
846	449.922	243.548
847	317.223	185.882
848	311.36	181.276
849	305.63	176.554
850	300.032	171.713
851	294.566	166.755
852	289.233	161.68
853	284.032	156.487
854	278.963	151.177
855	274.027	145.749
856	269.223	140.203
857	264.552	134.54
858	260.013	128.76
859	255.607	122.862
860	251.332	116.846
861	247.191	110.713
862	243.181	104.462
863	239.305	98.0943
864	330.065	187.154
865	336.572	183.587
866	342.738	179.667
867	348.564	175.396
868	354.05	170.773
869	359.195	165.798
870	364.001	160.471
871	368.466	154.792
872	372.591	148.761
873	376.375	142.379
874	450.015	241.052
875	443.04	237.387
876	436.426	233.465
877	430.175	229.285
878	424.285	224.847
879	418.757	220.151
880	413.591	215.197
881	408.786	209.986
882	404.344	204.516
883	400.263	198.789
884	396.544	192.804
885	393.187	186.562
886	390.192	180.061
887	387.559	173.303
888	385.287	166.287
889	383.378	159.013
890	381.83	151.481
891	380.644	143.691
892	456.513	236.997
893	455.338	229.693
894	453.827	222.545
895	451.982	215.555
896	449.801	208.723
897	447.285	202.047
898	444.434	195.528
899	441.247	189.167
900	437.725	182.963
901	433.868	176.916
902	429.675	171.026
903	425.147	165.294
904	420.284	159.719
905	522.903	198.01
906	529.979	199.529
907	537.019	201.153
908	544.024	202.883
909	550.993	204.718
910	557.926	206.659
911	564.823	208.705
912	571.684	210.857
913	578.509	213.115
914	585.299	215.478
915	592.053	217.946
916	598.771	220.52
917	605.453	223.2
918	612.099	225.985
919	618.71	228.876
920	625.285	231.873
921	631.823	234.975
922	27.8668	90.3933
923	34.3707	87.0327
924	40.8418	83.6203
925	47.28	80.1561
926	53.6855	76.6401
927	60.0581	73.0724
928	66.3979	69.4529
929	72.7048	65.7816
930	78.979	62.0585
931	85.2203	58.2837
932	91.4289	54.4571
933	97.6046	50.5787
934	103.747	46.6486
935	109.858	42.6667
936	115.935	38.633
937	121.979	34.5475
938	127.991	30.4103
939	133.97	26.2213
940	139.916	21.9805
941	145.829	17.6879
942	151.709	13.3436
943	157.557	8.94751
944	163.371	4.49964
945	374.418	129.38
946	369.558	122.993
947	365.24	116.485
948	361.465	109.854
949	358.232	103.1
950	355.541	96.2243
951	353.393	89.2262
952	351.786	82.1058
953	350.723	74.8631
954	350.201	67.498
955	350.222	60.0106
956	350.785	52.4009
957	351.891	44.6689
958	353.539	36.8145
959	421.893	151.628
960	428.726	149.06
961	435.583	146.594
962	442.465	144.233
963	449.372	141.975
964	456.303	139.82
965	463.26	137.769
966	470.241	135.822
967	477.247	133.978
968	484.278	132.238
969	491.334	130.601
970	498.415	129.068
971	505.52	127.638
972	512.65	126.312
973	519.805	125.09
974	526.985	123.971
975	534.19	122.955
976	541.42	122.043
977	548.674	121.235
978	414.848	146.332
979	414.29	138.514
980	413.411	130.849
981	412.211	123.335
982	410.69	115.973
983	408.849	108.763
984	406.687	101.705
985	404.204	94.798
986	401.401	88.043
987	398.277	81.4397
988	394.832	74.9881
989	391.067	68.6883
990	386.981	62.5402
991	382.574	56.5438
992	377.846	50.6992
993	372.798	45.0062
994	367.429	39.4651
995	361.739	34.0756
996	414.826	146.374
997	414.903	138.614
998	415.315	131.02
999	416.064	123.593
1000	417.148	116.331
1001	418.568	109.236
1002	420.324	102.307
1003	422.416	95.5441
1004	424.844	88.9474
1005	427.607	82.5169
1006	430.707	76.2525
1007	434.142	70.1544
1008	437.913	64.2224
1009	442.02	58.4567
1010	446.463	52.8571
1011	451.242	47.4237
1012	456.357	42.1564
1013	461.807	37.0554
1014	467.594	32.1206
1015	473.716	27.3519
1016	563.525	120.876
1017	570.965	120.65
1018	578.271	119.853
1019	585.444	118.484
1020	592.483	116.543
1021	599.39	114.031
1022	606.164	110.947
1023	620.755	104.722
1024	628.594	102.643
1025	636.321	101.055
1026	643.936	99.9566
1027	651.439	99.3493
1028	658.829	99.2325
1029	666.107	99.6061
1030	673.273	100.47
1031	680.327	101.825
1032	687.269	103.67
1033	694.099	106.006
1034	700.816	108.832
1035	707.422	112.149
1036	713.915	115.956
1037	720.296	120.254
1038	726.565	125.042
1039	732.722	130.321
1040	613.21	100.359
1041	613.703	93.4397
1042	614.282	86.5323
1043	614.947	79.6371
1044	615.7	72.7542
1045	616.538	65.8835
1046	617.464	59.0251
1047	618.476	52.1789
1048	619.574	45.3449
1049	620.759	38.5232
1050	622.031	31.7137
1051	623.389	24.9165
1052	624.834	18.1315
1053	860.703	87.3439
1054	855.321	82.8097
1055	849.916	78.3052
1056	844.487	73.8302
1057	839.036	69.3847
1058	833.562	64.9689
1059	828.065	60.5827
1060	822.545	56.2261
1061	817.002	51.8991
1062	811.436	47.6016
1063	805.847	43.3338
1064	800.235	39.0955
1065	794.6	34.8869
1066	788.943	30.7078
1067	783.262	26.5584
1068	777.558	22.4385
1069	771.831	18.3482
1070	363.15	30.5415
1071	370.559	31.9875
1072	377.955	33.1757
1073	385.338	34.1062
1074	392.709	34.779
1075	400.067	35.194
1076	407.412	35.3513
1077	414.745	35.2509
1078	422.066	34.8928
1079	429.373	34.2769
1080	436.669	33.4033
1081	443.951	32.272
1082	451.221	30.8829
1083	458.478	29.2361
1084	465.723	27.3316
1085	472.955	25.1694
