NOMBRE : MTLARP8_10_6_1.dat
VERTICES ORIGINALES : 70
VERTICES TOTALES : 866
DEPOTS : 6
65
66
67
68
69
70
LINEAS ORIGINALES : 53
LINE 1 7 171.113 16
	71 11.2173
	72 11.0127
	73 10.8342
	74 10.6831
	75 10.5608
	76 10.468
	77 10.4058
	78 10.3745
	79 10.3745
	80 10.4058
	81 10.468
	82 10.5608
	83 10.6831
	84 10.8342
	85 11.0127
	7 11.2173
LINE 2 9 110.918 10
	86 12.0239
	87 11.4205
	88 10.9462
	89 10.6182
	90 10.4503
	91 10.4503
	92 10.6182
	93 10.9462
	94 11.4205
	9 12.0239
LINE 3 12 253.43 23
	95 12.0842
	96 11.8067
	97 11.5499
	98 11.3151
	99 11.1039
	100 10.9176
	101 10.7573
	102 10.6245
	103 10.5199
	104 10.4446
	105 10.3992
	106 10.384
	107 10.3992
	108 10.4446
	109 10.5199
	110 10.6245
	111 10.7573
	112 10.9176
	113 11.1039
	114 11.3151
	115 11.5499
	116 11.8067
	12 12.0842
LINE 4 5 149.027 14
	117 11.2275
	118 10.9646
	119 10.7407
	120 10.5581
	121 10.419
	122 10.3253
	123 10.2781
	124 10.2781
	125 10.3253
	126 10.419
	127 10.5581
	128 10.7407
	129 10.9646
	5 11.2275
LINE 6 15 263.739 24
	130 11.7545
	131 11.5614
	132 11.3831
	133 11.2202
	134 11.0734
	135 10.9433
	136 10.8306
	137 10.7357
	138 10.6592
	139 10.6015
	140 10.5628
	141 10.5435
	142 10.5435
	143 10.5628
	144 10.6015
	145 10.6592
	146 10.7357
	147 10.8306
	148 10.9433
	149 11.0734
	150 11.2202
	151 11.3831
	152 11.5614
	15 11.7545
LINE 7 16 229.828 22
	153 10.556
	154 10.5249
	155 10.4969
	156 10.4719
	157 10.45
	158 10.4312
	159 10.4155
	160 10.4029
	161 10.3935
	162 10.3872
	163 10.384
	164 10.384
	165 10.3872
	166 10.3935
	167 10.4029
	168 10.4155
	169 10.4312
	170 10.45
	171 10.4719
	172 10.4969
	173 10.5249
	16 10.556
LINE 8 9 156.319 14
	174 12.0346
	175 11.6463
	176 11.3126
	177 11.0384
	178 10.8281
	179 10.6857
	180 10.6137
	181 10.6137
	182 10.6857
	183 10.8281
	184 11.0384
	185 11.3126
	186 11.6463
	9 12.0346
LINE 8 17 143.249 13
	187 11.9469
	188 11.4985
	189 11.1182
	190 10.8132
	191 10.5899
	192 10.4537
	193 10.4079
	194 10.4537
	195 10.5899
	196 10.8132
	197 11.1182
	198 11.4985
	17 11.9469
LINE 10 11 91.003 8
	199 11.7871
	200 11.4378
	201 11.199
	202 11.0776
	203 11.0776
	204 11.199
	205 11.4378
	11 11.7871
LINE 11 20 144.1 13
	206 12.4841
	207 11.8189
	208 11.2454
	209 10.7783
	210 10.4319
	211 10.2184
	212 10.1462
	213 10.2184
	214 10.4319
	215 10.7783
	216 11.2454
	217 11.8189
	20 12.4841
LINE 12 21 199.515 18
	218 12.5516
	219 12.0634
	220 11.6194
	221 11.2248
	222 10.8851
	223 10.6055
	224 10.3909
	225 10.2453
	226 10.1717
	227 10.1717
	228 10.2453
	229 10.3909
	230 10.6055
	231 10.8851
	232 11.2248
	233 11.6194
	234 12.0634
	21 12.5516
LINE 13 14 145.604 14
	235 10.4379
	236 10.4206
	237 10.4061
	238 10.3945
	239 10.3858
	240 10.38
	241 10.3771
	242 10.3771
	243 10.38
	244 10.3858
	245 10.3945
	246 10.4061
	247 10.4206
	14 10.4379
LINE 14 22 201.036 19
	248 11.0959
	249 10.928
	250 10.7778
	251 10.6458
	252 10.5329
	253 10.4396
	254 10.3664
	255 10.3138
	256 10.2822
	257 10.2716
	258 10.2822
	259 10.3138
	260 10.3664
	261 10.4396
	262 10.5329
	263 10.6458
	264 10.7778
	265 10.928
	22 11.0959
LINE 15 16 163.071 15
	266 11.4735
	267 11.2215
	268 11.0038
	269 10.8224
	270 10.6792
	271 10.5757
	272 10.5132
	273 10.4922
	274 10.5132
	275 10.5757
	276 10.6792
	277 10.8224
	278 11.0038
	279 11.2215
	16 11.4735
LINE 17 25 195.425 18
	280 11.9527
	281 11.5831
	282 11.2498
	283 10.956
	284 10.7051
	285 10.5
	286 10.3435
	287 10.2378
	288 10.1846
	289 10.1846
	290 10.2378
	291 10.3435
	292 10.5
	293 10.7051
	294 10.956
	295 11.2498
	296 11.5831
	25 11.9527
LINE 18 26 237.422 21
	297 12.8237
	298 12.3957
	299 11.9999
	300 11.6394
	301 11.3177
	302 11.0382
	303 10.8042
	304 10.6185
	305 10.4839
	306 10.4024
	307 10.375
	308 10.4024
	309 10.4839
	310 10.6185
	311 10.8042
	312 11.0382
	313 11.3177
	314 11.6394
	315 11.9999
	316 12.3957
	26 12.8237
LINE 19 28 252.173 22
	317 13.1769
	318 12.7199
	319 12.2941
	320 11.9028
	321 11.5496
	322 11.2379
	323 10.9715
	324 10.7536
	325 10.5872
	326 10.4749
	327 10.4182
	328 10.4182
	329 10.4749
	330 10.5872
	331 10.7536
	332 10.9715
	333 11.2379
	334 11.5496
	335 11.9028
	336 12.2941
	337 12.7199
	28 13.1769
LINE 22 31 173.308 16
	338 11.9667
	339 11.5329
	340 11.1477
	341 10.8162
	342 10.5435
	343 10.3342
	344 10.1924
	345 10.1207
	346 10.1207
	347 10.1924
	348 10.3342
	349 10.5435
	350 10.8162
	351 11.1477
	352 11.5329
	31 11.9667
LINE 23 24 139.443 13
	353 10.7589
	354 10.7427
	355 10.7293
	356 10.719
	357 10.7116
	358 10.7071
	359 10.7056
	360 10.7071
	361 10.7116
	362 10.719
	363 10.7293
	364 10.7427
	24 10.7589
LINE 24 33 280.503 25
	365 12.3045
	366 12.0458
	367 11.8047
	368 11.5821
	369 11.3794
	370 11.1974
	371 11.0372
	372 10.8999
	373 10.7862
	374 10.697
	375 10.6328
	376 10.5941
	377 10.5811
	378 10.5941
	379 10.6328
	380 10.697
	381 10.7862
	382 10.8999
	383 11.0372
	384 11.1974
	385 11.3794
	386 11.5821
	387 11.8047
	388 12.0458
	33 12.3045
LINE 26 35 220.502 20
	389 11.8609
	390 11.6061
	391 11.3748
	392 11.1686
	393 10.9887
	394 10.8365
	395 10.7132
	396 10.6197
	397 10.557
	398 10.5255
	399 10.5255
	400 10.557
	401 10.6197
	402 10.7132
	403 10.8365
	404 10.9887
	405 11.1686
	406 11.3748
	407 11.6061
	35 11.8609
LINE 27 37 138.248 13
	408 10.7114
	409 10.6731
	410 10.6416
	411 10.617
	412 10.5994
	413 10.5888
	414 10.5853
	415 10.5888
	416 10.5994
	417 10.617
	418 10.6416
	419 10.6731
	37 10.7114
LINE 28 38 160.14 14
	420 13.053
	421 12.35
	422 11.7319
	423 11.213
	424 10.8075
	425 10.5285
	426 10.3862
	427 10.3862
	428 10.5285
	429 10.8075
	430 11.213
	431 11.7319
	432 12.35
	38 13.053
LINE 29 40 169.143 15
	433 12.599
	434 12.0596
	435 11.5836
	436 11.179
	437 10.8539
	438 10.6156
	439 10.4701
	440 10.4211
	441 10.4701
	442 10.6156
	443 10.8539
	444 11.179
	445 11.5836
	446 12.0596
	40 12.599
LINE 30 40 87.2846 8
	447 11.2994
	448 10.9695
	449 10.744
	450 10.6294
	451 10.6294
	452 10.744
	453 10.9695
	40 11.2994
LINE 31 32 160.548 15
	454 11.1229
	455 10.9461
	456 10.7941
	457 10.6682
	458 10.5693
	459 10.498
	460 10.455
	461 10.4406
	462 10.455
	463 10.498
	464 10.5693
	465 10.6682
	466 10.7941
	467 10.9461
	32 11.1229
LINE 33 42 143.344 13
	468 12.2793
	469 11.6808
	470 11.1673
	471 10.751
	472 10.4435
	473 10.2546
	474 10.1908
	475 10.2546
	476 10.4435
	477 10.751
	478 11.1673
	479 11.6808
	42 12.2793
LINE 34 43 185.833 17
	480 11.9499
	481 11.5834
	482 11.2561
	483 10.9716
	484 10.7332
	485 10.544
	486 10.4068
	487 10.3236
	488 10.2957
	489 10.3236
	490 10.4068
	491 10.544
	492 10.7332
	493 10.9716
	494 11.2561
	495 11.5834
	43 11.9499
LINE 36 46 269.122 23
	496 13.5392
	497 13.0733
	498 12.637
	499 12.2334
	500 11.8659
	501 11.538
	502 11.2531
	503 11.0144
	504 10.8252
	505 10.688
	506 10.6048
	507 10.5769
	508 10.6048
	509 10.688
	510 10.8252
	511 11.0144
	512 11.2531
	513 11.538
	514 11.8659
	515 12.2334
	516 12.637
	517 13.0733
	46 13.5392
LINE 37 38 238.393 22
	518 11.4459
	519 11.2763
	520 11.1214
	521 10.9819
	522 10.8584
	523 10.7514
	524 10.6614
	525 10.5889
	526 10.5341
	527 10.4975
	528 10.4791
	529 10.4791
	530 10.4975
	531 10.5341
	532 10.5889
	533 10.6614
	534 10.7514
	535 10.8584
	536 10.9819
	537 11.1214
	538 11.2763
	38 11.4459
LINE 37 46 190.424 17
	539 12.0994
	540 11.7744
	541 11.4854
	542 11.235
	543 11.0259
	544 10.8605
	545 10.7408
	546 10.6684
	547 10.6441
	548 10.6684
	549 10.7408
	550 10.8605
	551 11.0259
	552 11.235
	553 11.4854
	554 11.7744
	46 12.0994
LINE 38 39 138.711 13
	555 10.7761
	556 10.7233
	557 10.6799
	558 10.6461
	559 10.6218
	560 10.6072
	561 10.6024
	562 10.6072
	563 10.6218
	564 10.6461
	565 10.6799
	566 10.7233
	39 10.7761
LINE 38 47 150.074 14
	567 10.7879
	568 10.7565
	569 10.7302
	570 10.7091
	571 10.6933
	572 10.6827
	573 10.6774
	574 10.6774
	575 10.6827
	576 10.6933
	577 10.7091
	578 10.7302
	579 10.7565
	47 10.7879
LINE 39 40 117.049 11
	580 10.8525
	581 10.7264
	582 10.6273
	583 10.556
	584 10.5129
	585 10.4985
	586 10.5129
	587 10.556
	588 10.6273
	589 10.7264
	40 10.8525
LINE 40 41 189.436 17
	590 12.5725
	591 12.0659
	592 11.609
	593 11.2079
	594 10.8686
	595 10.5973
	596 10.3991
	597 10.2784
	598 10.2379
	599 10.2784
	600 10.3991
	601 10.5973
	602 10.8686
	603 11.2079
	604 11.609
	605 12.0659
	41 12.5725
LINE 40 48 147.701 14
	606 10.7573
	607 10.6624
	608 10.5827
	609 10.5185
	610 10.4701
	611 10.4378
	612 10.4215
	613 10.4215
	614 10.4378
	615 10.4701
	616 10.5185
	617 10.5827
	618 10.6624
	48 10.7573
LINE 42 43 76.169 7
	619 11.3815
	620 10.8868
	621 10.579
	622 10.4743
	623 10.579
	624 10.8868
	43 11.3815
LINE 43 44 152.532 14
	625 11.1413
	626 11.0288
	627 10.9341
	628 10.8578
	629 10.8002
	630 10.7616
	631 10.7423
	632 10.7423
	633 10.7616
	634 10.8002
	635 10.8578
	636 10.9341
	637 11.0288
	44 11.1413
LINE 44 45 240.734 23
	638 10.7838
	639 10.6986
	640 10.6209
	641 10.5509
	642 10.4887
	643 10.4346
	644 10.3885
	645 10.3507
	646 10.3212
	647 10.3001
	648 10.2874
	649 10.2831
	650 10.2874
	651 10.3001
	652 10.3212
	653 10.3507
	654 10.3885
	655 10.4346
	656 10.4887
	657 10.5509
	658 10.6209
	659 10.6986
	45 10.7838
LINE 45 46 62.7314 6
	660 10.8353
	661 10.3822
	662 10.1481
	663 10.1481
	664 10.3822
	46 10.8353
LINE 46 54 128.819 12
	665 11.8173
	666 11.2496
	667 10.7739
	668 10.4028
	669 10.1479
	670 10.0181
	671 10.0181
	672 10.1479
	673 10.4028
	674 10.7739
	675 11.2496
	54 11.8173
LINE 47 48 162.372 15
	676 11.1375
	677 11.0052
	678 10.8919
	679 10.7984
	680 10.7251
	681 10.6724
	682 10.6407
	683 10.6301
	684 10.6407
	685 10.6724
	686 10.7251
	687 10.7984
	688 10.8919
	689 11.0052
	48 11.1375
LINE 47 55 257.428 25
	690 10.3235
	691 10.3169
	692 10.3109
	693 10.3054
	694 10.3006
	695 10.2963
	696 10.2925
	697 10.2894
	698 10.2868
	699 10.2848
	700 10.2833
	701 10.2825
	702 10.2822
	703 10.2825
	704 10.2833
	705 10.2848
	706 10.2868
	707 10.2894
	708 10.2925
	709 10.2963
	710 10.3006
	711 10.3054
	712 10.3109
	713 10.3169
	55 10.3235
LINE 49 56 167.733 15
	714 12.7419
	715 12.1117
	716 11.5516
	717 11.0723
	718 10.6846
	719 10.3988
	720 10.2235
	721 10.1644
	722 10.2235
	723 10.3988
	724 10.6846
	725 11.0723
	726 11.5516
	727 12.1117
	56 12.7419
LINE 50 57 163.634 15
	728 11.7947
	729 11.428
	730 11.1083
	731 10.8398
	732 10.6262
	733 10.4709
	734 10.3767
	735 10.3451
	736 10.3767
	737 10.4709
	738 10.6262
	739 10.8398
	740 11.1083
	741 11.428
	57 11.7947
LINE 51 52 230.588 22
	742 10.632
	743 10.5892
	744 10.5506
	745 10.5161
	746 10.4859
	747 10.4599
	748 10.4381
	749 10.4207
	750 10.4077
	751 10.3989
	752 10.3946
	753 10.3946
	754 10.3989
	755 10.4077
	756 10.4207
	757 10.4381
	758 10.4599
	759 10.4859
	760 10.5161
	761 10.5506
	762 10.5892
	52 10.632
LINE 51 59 115.216 10
	763 12.6442
	764 11.9209
	765 11.3481
	766 10.9497
	767 10.745
	768 10.745
	769 10.9497
	770 11.3481
	771 11.9209
	59 12.6442
LINE 51 60 193.395 18
	772 11.0299
	773 10.9303
	774 10.8424
	775 10.7664
	776 10.7027
	777 10.6515
	778 10.6129
	779 10.5871
	780 10.5742
	781 10.5742
	782 10.5871
	783 10.6129
	784 10.6515
	785 10.7027
	786 10.7664
	787 10.8424
	788 10.9303
	60 11.0299
LINE 53 54 164.626 15
	789 11.8481
	790 11.4864
	791 11.1713
	792 10.9067
	793 10.6964
	794 10.5436
	795 10.4508
	796 10.4197
	797 10.4508
	798 10.5436
	799 10.6964
	800 10.9067
	801 11.1713
	802 11.4864
	54 11.8481
LINE 55 63 184.134 18
	803 10.2333
	804 10.232
	805 10.2309
	806 10.2299
	807 10.2291
	808 10.2285
	809 10.228
	810 10.2277
	811 10.2275
	812 10.2275
	813 10.2277
	814 10.228
	815 10.2285
	816 10.2291
	817 10.2299
	818 10.2309
	819 10.232
	63 10.2333
LINE 57 64 220.113 20
	820 12.287
	821 11.9034
	822 11.5518
	823 11.2351
	824 10.9564
	825 10.7186
	826 10.5245
	827 10.3765
	828 10.2767
	829 10.2264
	830 10.2264
	831 10.2767
	832 10.3765
	833 10.5245
	834 10.7186
	835 10.9564
	836 11.2351
	837 11.5518
	838 11.9034
	64 12.287
LINE 58 59 181.417 17
	839 10.7034
	840 10.6915
	841 10.6812
	842 10.6724
	843 10.6652
	844 10.6597
	845 10.6557
	846 10.6533
	847 10.6525
	848 10.6533
	849 10.6557
	850 10.6597
	851 10.6652
	852 10.6724
	853 10.6812
	854 10.6915
	59 10.7034
LINE 61 62 143.139 13
	855 11.6811
	856 11.3541
	857 11.0793
	858 10.8608
	859 10.702
	860 10.6055
	861 10.5732
	862 10.6055
	863 10.702
	864 10.8608
	865 11.0793
	866 11.3541
	62 11.6811
COORDENADAS :
1	204.673	730.62
2	517.563	692.679
3	801.569	742.982
4	925.055	725.27
5	1012.18	685.266
6	107.991	650.598
7	183.297	622.085
8	382.654	594.416
9	468.845	643.074
10	620.832	634.343
11	672.088	605.125
12	766.801	587.603
13	906.115	639.641
14	999.403	613.619
15	189.875	503.153
16	293.835	517.325
17	371.932	504.854
18	512.906	504.213
19	619.114	549.376
20	722.381	532.993
21	882.25	548.321
22	970.152	486.843
23	116.194	418.962
24	203.921	449.169
25	266.305	443.536
26	407.016	404.79
27	468.582	417.595
28	577.142	402.561
29	725.645	420.822
30	807.642	390.258
31	895.724	408.78
32	996.023	437.776
33	96.8946	309.007
34	209.418	319.492
35	303.686	309.904
36	361.659	331.792
37	468.29	325.856
38	621.673	316.646
39	713.56	317.024
40	787.854	337.216
41	899.943	307.238
42	128.146	226.4
43	173.607	208.438
44	270.46	234.27
45	427.867	225.08
46	463.195	205.33
47	665.16	226.986
48	770.46	241.536
49	921.748	224.023
50	1011.76	242.019
51	162.274	91.0938
52	310.8	125.441
53	376.476	86.8575
54	473.071	125.928
55	785.115	104.599
56	886.976	128.511
57	1017.41	138.722
58	98.1037	25.0182
59	217.119	45.2831
60	271.383	26.3533
61	689.415	0
62	770.804	42.1043
63	865.878	12.1876
64	1001.38	3.40098
65	168.035	796.757
66	772.118	713.551
67	206.885	382.535
68	0	617.748
69	307.382	811.333
70	34.8216	218.907
71	206.133	723.285
72	207.221	716.025
73	207.936	708.837
74	208.278	701.723
75	208.247	694.683
76	207.843	687.716
77	207.067	680.822
78	205.917	674.002
79	204.395	667.256
80	202.499	660.582
81	200.231	653.983
82	197.59	647.456
83	194.576	641.003
84	191.189	634.624
85	187.43	628.318
86	515.538	684.923
87	512.879	677.789
88	509.589	671.275
89	505.666	665.383
90	501.11	660.112
91	495.922	655.462
92	490.101	651.433
93	483.648	648.026
94	476.563	645.239
95	804.078	735.327
96	806.222	727.753
97	808	720.262
98	809.413	712.852
99	810.46	705.523
100	811.141	698.277
101	811.457	691.112
102	811.408	684.03
103	810.993	677.029
104	810.212	670.109
105	809.066	663.272
106	807.555	656.516
107	805.677	649.843
108	803.435	643.251
109	800.826	636.74
110	797.852	630.312
111	794.513	623.965
112	790.808	617.7
113	786.738	611.517
114	782.302	605.416
115	777.5	599.397
116	772.333	593.459
117	932.539	725.159
118	939.83	724.624
119	946.926	723.668
120	953.828	722.289
121	960.537	720.488
122	967.051	718.264
123	973.371	715.617
124	979.498	712.549
125	985.431	709.058
126	991.169	705.144
127	996.714	700.808
128	1002.06	696.05
129	1007.22	690.869
130	114.434	646.138
131	120.614	641.532
132	126.53	636.779
133	132.182	631.88
134	137.571	626.834
135	142.696	621.642
136	147.558	616.304
137	152.156	610.819
138	156.49	605.188
139	160.561	599.41
140	164.369	593.486
141	167.912	587.416
142	171.192	581.199
143	174.209	574.836
144	176.961	568.327
145	179.451	561.671
146	181.676	554.868
147	183.638	547.92
148	185.337	540.825
149	186.772	533.583
150	187.943	526.195
151	188.85	518.661
152	189.494	510.98
153	189.193	618.242
154	195.005	614.312
155	200.735	610.294
156	206.382	606.189
157	211.945	601.996
158	217.426	597.716
159	222.824	593.348
160	228.139	588.893
161	233.371	584.35
162	238.519	579.719
163	243.585	575.001
164	248.568	570.196
165	253.468	565.303
166	258.286	560.322
167	263.02	555.254
168	267.671	550.098
169	272.239	544.855
170	276.724	539.524
171	281.126	534.106
172	285.446	528.6
173	289.682	523.006
174	386.946	601.194
175	391.525	607.465
176	396.39	613.227
177	401.543	618.481
178	406.982	623.227
179	412.708	627.465
180	418.721	631.195
181	425.021	634.416
182	431.608	637.13
183	438.482	639.335
184	445.642	641.032
185	453.09	642.221
186	460.824	642.902
187	377.947	587.991
188	373.886	581.489
189	370.473	574.91
190	367.707	568.253
191	365.588	561.518
192	364.116	554.706
193	363.291	547.817
194	363.114	540.85
195	363.583	533.806
196	364.7	526.684
197	366.463	519.485
198	368.874	512.208
199	625.895	628.334
200	631.343	622.998
201	637.174	618.336
202	643.389	614.347
203	649.988	611.031
204	656.971	608.389
205	664.337	606.42
206	679.934	602.35
207	687.118	599.112
208	693.638	595.413
209	699.496	591.251
210	704.69	586.627
211	709.222	581.54
212	713.091	575.992
213	716.296	569.981
214	718.839	563.508
215	720.719	556.572
216	721.936	549.175
217	722.49	541.315
218	771.633	580.771
219	776.651	574.487
220	781.855	568.749
221	787.245	563.558
222	792.821	558.915
223	798.584	554.818
224	804.532	551.268
225	810.667	548.265
226	816.988	545.81
227	823.495	543.901
228	830.188	542.539
229	837.067	541.724
230	844.132	541.456
231	851.384	541.735
232	858.821	542.561
233	866.445	543.934
234	874.254	545.854
235	912.576	637.057
236	919.068	634.585
237	925.592	632.225
238	932.146	629.976
239	938.732	627.838
240	945.349	625.812
241	951.997	623.898
242	958.675	622.095
243	965.386	620.403
244	972.127	618.823
245	978.899	617.355
246	985.702	615.998
247	992.537	614.753
248	1000.59	606.317
249	1001.47	599.086
250	1002.05	591.924
251	1002.33	584.832
252	1002.31	577.811
253	1001.98	570.859
254	1001.35	563.977
255	1000.41	557.164
256	999.178	550.422
257	997.639	543.75
258	995.796	537.147
259	993.651	530.614
260	991.203	524.152
261	988.452	517.759
262	985.398	511.436
263	982.041	505.183
264	978.381	498.999
265	974.418	492.886
266	197.223	501.031
267	204.513	499.347
268	211.742	498.102
269	218.911	497.294
270	226.021	496.925
271	233.072	496.993
272	240.062	497.5
273	246.993	498.445
274	253.864	499.828
275	260.675	501.649
276	267.426	503.908
277	274.118	506.605
278	280.75	509.74
279	287.323	513.314
280	368.161	497.834
281	364.144	491.239
282	359.88	485.069
283	355.369	479.325
284	350.611	474.005
285	345.607	469.111
286	340.356	464.641
287	334.858	460.597
288	329.113	456.978
289	323.121	453.784
290	316.883	451.015
291	310.398	448.671
292	303.666	446.753
293	296.687	445.259
294	289.462	444.191
295	281.99	443.547
296	274.271	443.329
297	511.303	495.815
298	509.356	487.784
299	507.065	480.119
300	504.43	472.821
301	501.452	465.888
302	498.129	459.322
303	494.462	453.123
304	490.452	447.289
305	486.097	441.822
306	481.399	436.722
307	476.356	431.987
308	470.97	427.619
309	465.24	423.617
310	459.166	419.982
311	452.748	416.713
312	445.986	413.81
313	438.88	411.273
314	431.43	409.103
315	423.636	407.299
316	415.498	405.861
317	622.384	541.223
318	625.16	533.21
319	627.443	525.339
320	629.234	517.608
321	630.531	510.018
322	631.335	502.57
323	631.646	495.262
324	631.464	488.095
325	630.789	481.069
326	629.621	474.185
327	627.959	467.441
328	625.805	460.838
329	623.158	454.376
330	620.017	448.055
331	616.383	441.875
332	612.257	435.836
333	607.637	429.938
334	602.524	424.18
335	596.918	418.564
336	590.819	413.089
337	584.227	407.755
338	962.413	484.908
339	955.085	482.58
340	948.169	479.86
341	941.664	476.748
342	935.572	473.243
343	929.89	469.345
344	924.621	465.055
345	919.763	460.373
346	915.318	455.298
347	911.283	449.83
348	907.661	443.97
349	904.45	437.717
350	901.651	431.071
351	899.264	424.034
352	897.288	416.603
353	123.174	420.611
354	130.116	422.373
355	137.019	424.247
356	143.883	426.233
357	150.709	428.332
358	157.496	430.543
359	164.244	432.867
360	170.954	435.303
361	177.625	437.851
362	184.257	440.512
363	190.85	443.285
364	197.405	446.171
365	196.312	446.103
366	188.981	442.826
367	181.927	439.337
368	175.15	435.636
369	168.651	431.724
370	162.428	427.599
371	156.483	423.263
372	150.816	418.716
373	145.426	413.956
374	140.313	408.985
375	135.477	403.802
376	130.919	398.407
377	126.638	392.801
378	122.634	386.982
379	118.907	380.952
380	115.458	374.711
381	112.286	368.257
382	109.392	361.592
383	106.775	354.715
384	104.435	347.626
385	102.372	340.326
386	100.587	332.814
387	99.0787	325.09
388	97.848	317.154
389	399.381	402.734
390	392.006	400.395
391	384.89	397.773
392	378.034	394.869
393	371.438	391.681
394	365.102	388.21
395	359.026	384.456
396	353.21	380.42
397	347.654	376.1
398	342.357	371.497
399	337.321	366.611
400	332.544	361.442
401	328.027	355.991
402	323.77	350.256
403	319.773	344.238
404	316.036	337.937
405	312.559	331.353
406	309.341	324.487
407	306.384	317.337
408	469.652	410.534
409	470.54	403.474
410	471.246	396.415
411	471.77	389.357
412	472.111	382.299
413	472.271	375.241
414	472.249	368.184
415	472.044	361.128
416	471.657	354.072
417	471.088	347.017
418	470.338	339.963
419	469.405	332.909
420	575.63	393.992
421	574.839	385.797
422	574.771	377.976
423	575.424	370.529
424	576.8	363.456
425	578.897	356.758
426	581.717	350.434
427	585.259	344.485
428	589.523	338.909
429	594.509	333.708
430	600.217	328.881
431	606.647	324.429
432	613.799	320.35
433	733.579	418.067
434	740.973	414.908
435	747.825	411.347
436	754.136	407.384
437	759.907	403.018
438	765.136	398.249
439	769.824	393.078
440	773.971	387.504
441	777.578	381.528
442	780.643	375.149
443	783.167	368.368
444	785.15	361.184
445	786.592	353.597
446	787.494	345.608
447	807.588	382.726
448	806.842	375.451
449	805.405	368.434
450	803.277	361.675
451	800.458	355.173
452	796.948	348.93
453	792.746	342.944
454	903.121	408.257
455	910.416	408.084
456	917.61	408.262
457	924.702	408.792
458	931.693	409.672
459	938.583	410.903
460	945.371	412.485
461	952.057	414.418
462	958.643	416.702
463	965.126	419.337
464	971.509	422.323
465	977.789	425.66
466	983.969	429.348
467	990.047	433.386
468	103.57	304.268
469	109.534	299.261
470	114.785	293.984
471	119.325	288.437
472	123.153	282.622
473	126.269	276.537
474	128.673	270.182
475	130.365	263.559
476	131.345	256.666
477	131.613	249.503
478	131.169	242.072
479	130.014	234.371
480	203.462	314.2
481	197.988	308.754
482	192.994	303.152
483	188.482	297.395
484	184.451	291.483
485	180.901	285.416
486	177.833	279.194
487	175.245	272.816
488	173.139	266.284
489	171.513	259.596
490	170.369	252.753
491	169.706	245.755
492	169.524	238.602
493	169.823	231.294
494	170.603	223.831
495	171.864	216.212
496	370.467	329.822
497	378.876	327.53
498	386.885	324.918
499	394.495	321.986
500	401.706	318.732
501	408.517	315.158
502	414.929	311.263
503	420.941	307.048
504	426.554	302.511
505	431.768	297.654
506	436.582	292.477
507	440.996	286.978
508	445.011	281.159
509	448.627	275.02
510	451.844	268.559
511	454.66	261.778
512	457.078	254.676
513	459.096	247.253
514	460.714	239.51
515	461.934	231.446
516	462.753	223.062
517	463.174	214.356
518	475.446	328.504
519	482.584	330.861
520	489.705	332.925
521	496.809	334.698
522	503.895	336.178
523	510.963	337.366
524	518.014	338.262
525	525.048	338.865
526	532.064	339.177
527	539.062	339.197
528	546.043	338.924
529	553.006	338.36
530	559.952	337.503
531	566.88	336.354
532	573.79	334.913
533	580.683	333.18
534	587.559	331.154
535	594.417	328.837
536	601.257	326.227
537	608.08	323.326
538	614.886	320.132
539	471.822	318.604
540	474.875	311.372
541	477.449	304.161
542	479.545	296.97
543	481.161	289.799
544	482.298	282.649
545	482.956	275.519
546	483.136	268.409
547	482.836	261.319
548	482.057	254.25
549	480.8	247.2
550	479.063	240.171
551	476.847	233.163
552	474.153	226.174
553	470.979	219.206
554	467.326	212.258
555	628.747	315.39
556	635.82	314.349
557	642.891	313.522
558	649.962	312.908
559	657.032	312.509
560	664.101	312.324
561	671.169	312.353
562	678.237	312.596
563	685.303	313.054
564	692.369	313.725
565	699.433	314.611
566	706.497	315.71
567	623.853	309.792
568	626.175	303.008
569	628.64	296.292
570	631.247	289.646
571	633.996	283.069
572	636.889	276.561
573	639.924	270.122
574	643.101	263.752
575	646.421	257.451
576	649.884	251.22
577	653.489	245.058
578	657.237	238.964
579	661.127	232.941
580	719.833	320.629
581	726.203	323.879
582	732.668	326.776
583	739.23	329.319
584	745.888	331.509
585	752.642	333.344
586	759.492	334.826
587	766.438	335.954
588	773.48	336.729
589	780.619	337.149
590	793.19	330.753
591	798.684	324.877
592	804.335	319.589
593	810.142	314.888
594	816.107	310.775
595	822.23	307.249
596	828.509	304.31
597	834.945	301.959
598	841.539	300.196
599	848.289	299.02
600	855.197	298.431
601	862.262	298.43
602	869.484	299.017
603	876.863	300.191
604	884.399	301.952
605	892.093	304.301
606	784.857	330.701
607	782.13	324.137
608	779.673	317.523
609	777.486	310.86
610	775.569	304.149
611	773.922	297.388
612	772.545	290.578
613	771.437	283.719
614	770.6	276.811
615	770.032	269.855
616	769.734	262.848
617	769.706	255.793
618	769.948	248.689
619	135.732	226.595
620	142.953	225.87
621	149.811	224.224
622	156.305	221.658
623	162.436	218.172
624	168.203	213.765
625	180.016	212.193
626	186.503	215.653
627	193.069	218.82
628	199.712	221.693
629	206.435	224.272
630	213.235	226.558
631	220.114	228.55
632	227.072	230.248
633	234.107	231.653
634	241.221	232.764
635	248.413	233.581
636	255.684	234.105
637	263.033	234.334
638	277.43	236.032
639	284.389	237.598
640	291.336	238.966
641	298.271	240.139
642	305.195	241.115
643	312.108	241.894
644	319.009	242.477
645	325.899	242.863
646	332.777	243.053
647	339.643	243.047
648	346.499	242.843
649	353.342	242.444
650	360.175	241.848
651	366.995	241.055
652	373.805	240.066
653	380.603	238.881
654	387.389	237.499
655	394.164	235.92
656	400.927	234.145
657	407.679	232.174
658	414.42	230.006
659	421.149	227.641
660	435.015	224.044
661	441.66	222.105
662	447.8	219.265
663	453.436	215.522
664	458.567	210.877
665	468.181	199.231
666	472.411	193.038
667	475.884	186.751
668	478.6	180.369
669	480.558	173.894
670	481.76	167.324
671	482.204	160.66
672	481.892	153.902
673	480.822	147.05
674	478.995	140.104
675	476.412	133.063
676	671.877	230.151
677	678.637	233.002
678	685.44	235.54
679	692.287	237.764
680	699.177	239.674
681	706.11	241.271
682	713.087	242.555
683	720.107	243.525
684	727.17	244.182
685	734.277	244.524
686	741.427	244.554
687	748.62	244.27
688	755.857	243.672
689	763.137	242.761
690	670.397	222.521
691	675.598	218.02
692	680.762	213.483
693	685.89	208.911
694	690.981	204.302
695	696.035	199.658
696	701.053	194.978
697	706.035	190.262
698	710.979	185.51
699	715.887	180.722
700	720.759	175.898
701	725.593	171.039
702	730.392	166.143
703	735.153	161.212
704	739.878	156.245
705	744.567	151.242
706	749.218	146.203
707	753.834	141.128
708	758.412	136.017
709	762.954	130.87
710	767.46	125.688
711	771.928	120.47
712	776.361	115.215
713	780.756	109.925
714	924.244	215.903
715	926.051	208.033
716	927.171	200.414
717	927.604	193.045
718	927.348	185.927
719	926.406	179.059
720	924.775	172.441
721	922.457	166.073
722	919.451	159.956
723	915.758	154.09
724	911.377	148.473
725	906.308	143.107
726	900.551	137.991
727	894.107	133.126
728	1008.37	234.926
729	1005.51	227.863
730	1003.19	220.829
731	1001.42	213.825
732	1000.18	206.85
733	999.476	199.904
734	999.314	192.988
735	999.691	186.102
736	1000.61	179.245
737	1002.06	172.418
738	1004.05	165.62
739	1006.59	158.851
740	1009.66	152.112
741	1013.27	145.403
742	168.689	94.108
743	175.136	96.9839
744	181.615	99.7213
745	188.126	102.32
746	194.67	104.781
747	201.245	107.103
748	207.852	109.287
749	214.491	111.333
750	221.162	113.24
751	227.866	115.009
752	234.601	116.639
753	241.368	118.131
754	248.167	119.485
755	254.998	120.7
756	261.861	121.777
757	268.757	122.716
758	275.684	123.516
759	282.643	124.178
760	289.634	124.701
761	296.657	125.086
762	303.713	125.333
763	170.624	89.9441
764	178.338	88.032
765	185.415	85.3572
766	191.855	81.92
767	197.658	77.7202
768	202.824	72.7578
769	207.353	67.0329
770	211.245	60.5455
771	214.501	53.2956
772	169.405	89.2993
773	176.41	87.2927
774	183.289	85.0742
775	190.043	82.6436
776	196.671	80.001
777	203.172	77.1464
778	209.549	74.0798
779	215.799	70.8011
780	221.923	67.3104
781	227.922	63.6077
782	233.795	59.693
783	239.542	55.5663
784	245.163	51.2275
785	250.659	46.6767
786	256.029	41.9139
787	261.273	36.9391
788	266.391	31.7522
789	384.325	85.9768
790	391.973	85.5939
791	399.42	85.709
792	406.665	86.322
793	413.709	87.433
794	420.552	89.0419
795	427.193	91.1486
796	433.632	93.7534
797	439.871	96.856
798	445.907	100.457
799	451.743	104.555
800	457.377	109.151
801	462.81	114.246
802	468.041	119.838
803	789.776	99.6174
804	794.416	94.6174
805	799.036	89.5996
806	803.635	84.5639
807	808.214	79.5103
808	812.772	74.4388
809	817.31	69.3495
810	821.828	64.2423
811	826.325	59.1173
812	830.801	53.9744
813	835.257	48.8136
814	839.693	43.6349
815	844.108	38.4383
816	848.503	33.2239
817	852.877	27.9916
818	857.231	22.7415
819	861.565	17.4735
820	1021.13	131.421
821	1024.37	124.177
822	1027.13	116.988
823	1029.42	109.856
824	1031.23	102.78
825	1032.57	95.7608
826	1033.43	88.7977
827	1033.82	81.8908
828	1033.73	75.0402
829	1033.16	68.246
830	1032.12	61.5081
831	1030.61	54.8265
832	1028.62	48.2012
833	1026.15	41.6322
834	1023.21	35.1196
835	1019.8	28.6632
836	1015.91	22.2632
837	1011.54	15.9195
838	1006.7	9.63207
839	105.221	25.5247
840	112.324	26.117
841	119.413	26.7949
842	126.487	27.5585
843	133.546	28.4078
844	140.591	29.3428
845	147.621	30.3635
846	154.636	31.4699
847	161.637	32.6619
848	168.623	33.9397
849	175.595	35.3031
850	182.552	36.7522
851	189.495	38.287
852	196.423	39.9075
853	203.336	41.6137
854	210.235	43.4055
855	694.155	6.17897
856	699.148	11.8679
857	704.395	17.0668
858	709.895	21.7757
859	715.649	25.9945
860	721.656	29.7234
861	727.916	32.9622
862	734.431	35.7109
863	741.198	37.9696
864	748.219	39.7383
865	755.494	41.017
866	763.022	41.8056
