NOMBRE : MTLARP6_8_6_1.dat
VERTICES ORIGINALES : 45
VERTICES TOTALES : 497
DEPOTS : 6
40
41
42
43
44
45
LINEAS ORIGINALES : 30
LINE 1 7 91.6379 9
	46 10.2907
	47 10.2094
	48 10.151
	49 10.1158
	50 10.104
	51 10.1158
	52 10.151
	53 10.2094
	7 10.2907
LINE 2 8 169.852 16
	54 10.6334
	55 10.6263
	56 10.6203
	57 10.6153
	58 10.6112
	59 10.6082
	60 10.6062
	61 10.6052
	62 10.6052
	63 10.6062
	64 10.6082
	65 10.6112
	66 10.6153
	67 10.6203
	68 10.6263
	8 10.6334
LINE 3 9 116.549 11
	69 10.6591
	70 10.6209
	71 10.5911
	72 10.5698
	73 10.557
	74 10.5527
	75 10.557
	76 10.5698
	77 10.5911
	78 10.6209
	9 10.6591
LINE 4 12 129.381 12
	79 11.5802
	80 11.157
	81 10.8066
	82 10.5361
	83 10.3519
	84 10.2585
	85 10.2585
	86 10.3519
	87 10.5361
	88 10.8066
	89 11.157
	12 11.5802
LINE 5 13 208.834 19
	90 11.1313
	91 11.0849
	92 11.0438
	93 11.0081
	94 10.9777
	95 10.9528
	96 10.9334
	97 10.9196
	98 10.9112
	99 10.9084
	100 10.9112
	101 10.9196
	102 10.9334
	103 10.9528
	104 10.9777
	105 11.0081
	106 11.0438
	107 11.0849
	13 11.1313
LINE 6 14 138.462 13
	108 10.6834
	109 10.6672
	110 10.6539
	111 10.6435
	112 10.6361
	113 10.6317
	114 10.6302
	115 10.6317
	116 10.6361
	117 10.6435
	118 10.6539
	119 10.6672
	14 10.6834
LINE 7 14 184.856 17
	120 11.5799
	121 11.3227
	122 11.095
	123 10.8986
	124 10.7352
	125 10.6065
	126 10.5135
	127 10.4573
	128 10.4385
	129 10.4573
	130 10.5135
	131 10.6065
	132 10.7352
	133 10.8986
	134 11.095
	135 11.3227
	14 11.5799
LINE 7 15 269.446 25
	136 10.8043
	137 10.7977
	138 10.7917
	139 10.7862
	140 10.7813
	141 10.777
	142 10.7732
	143 10.77
	144 10.7675
	145 10.7654
	146 10.764
	147 10.7631
	148 10.7628
	149 10.7631
	150 10.764
	151 10.7654
	152 10.7675
	153 10.77
	154 10.7732
	155 10.777
	156 10.7813
	157 10.7862
	158 10.7917
	159 10.7977
	15 10.8043
LINE 8 9 110.352 10
	160 11.5513
	161 11.2128
	162 10.9522
	163 10.7749
	164 10.6851
	165 10.6851
	166 10.7749
	167 10.9522
	168 11.2128
	9 11.5513
LINE 8 16 253.355 24
	169 10.6537
	170 10.6285
	171 10.6054
	172 10.5847
	173 10.5662
	174 10.55
	175 10.5361
	176 10.5245
	177 10.5152
	178 10.5082
	179 10.5036
	180 10.5013
	181 10.5013
	182 10.5036
	183 10.5082
	184 10.5152
	185 10.5245
	186 10.5361
	187 10.55
	188 10.5662
	189 10.5847
	190 10.6054
	191 10.6285
	16 10.6537
LINE 9 10 162.148 15
	192 10.8656
	193 10.8418
	194 10.8215
	195 10.805
	196 10.7921
	197 10.7828
	198 10.7773
	199 10.7755
	200 10.7773
	201 10.7828
	202 10.7921
	203 10.805
	204 10.8215
	205 10.8418
	10 10.8656
LINE 11 17 280.587 26
	206 10.7921
	207 10.792
	208 10.792
	209 10.7919
	210 10.7919
	211 10.7918
	212 10.7918
	213 10.7918
	214 10.7917
	215 10.7917
	216 10.7917
	217 10.7917
	218 10.7917
	219 10.7917
	220 10.7917
	221 10.7917
	222 10.7917
	223 10.7917
	224 10.7918
	225 10.7918
	226 10.7918
	227 10.7919
	228 10.7919
	229 10.792
	230 10.792
	17 10.7921
LINE 13 20 112.435 10
	231 11.7163
	232 11.4057
	233 11.1671
	234 11.0051
	235 10.9232
	236 10.9232
	237 11.0051
	238 11.1671
	239 11.4057
	20 11.7163
LINE 15 22 137.508 13
	240 10.6797
	241 10.6288
	242 10.587
	243 10.5543
	244 10.531
	245 10.5169
	246 10.5122
	247 10.5169
	248 10.531
	249 10.5543
	250 10.587
	251 10.6288
	22 10.6797
LINE 15 23 223.391 20
	252 11.8856
	253 11.6661
	254 11.4676
	255 11.2909
	256 11.1373
	257 11.0076
	258 10.9028
	259 10.8235
	260 10.7703
	261 10.7436
	262 10.7436
	263 10.7703
	264 10.8235
	265 10.9028
	266 11.0076
	267 11.1373
	268 11.2909
	269 11.4676
	270 11.6661
	23 11.8856
LINE 18 19 242.063 23
	271 10.5775
	272 10.5631
	273 10.55
	274 10.5383
	275 10.528
	276 10.519
	277 10.5114
	278 10.5052
	279 10.5003
	280 10.4969
	281 10.4948
	282 10.4941
	283 10.4948
	284 10.4969
	285 10.5003
	286 10.5052
	287 10.5114
	288 10.519
	289 10.528
	290 10.5383
	291 10.55
	292 10.5631
	19 10.5775
LINE 19 25 259.074 22
	293 13.227
	294 12.8357
	295 12.473
	296 12.1416
	297 11.8439
	298 11.5827
	299 11.3604
	300 11.1795
	301 11.0418
	302 10.949
	303 10.9023
	304 10.9023
	305 10.949
	306 11.0418
	307 11.1795
	308 11.3604
	309 11.5827
	310 11.8439
	311 12.1416
	312 12.473
	313 12.8357
	25 13.227
LINE 20 27 151.168 14
	314 11.1636
	315 10.9971
	316 10.8564
	317 10.7425
	318 10.6563
	319 10.5984
	320 10.5694
	321 10.5694
	322 10.5984
	323 10.6563
	324 10.7425
	325 10.8564
	326 10.9971
	27 11.1636
LINE 21 28 112.02 10
	327 11.4505
	328 11.2861
	329 11.1613
	330 11.0772
	331 11.035
	332 11.035
	333 11.0772
	334 11.1613
	335 11.2861
	28 11.4505
LINE 22 29 257.377 24
	336 11.0819
	337 10.9901
	338 10.9059
	339 10.8296
	340 10.7613
	341 10.7012
	342 10.6495
	343 10.6061
	344 10.5713
	345 10.5451
	346 10.5276
	347 10.5189
	348 10.5189
	349 10.5276
	350 10.5451
	351 10.5713
	352 10.6061
	353 10.6495
	354 10.7012
	355 10.7613
	356 10.8296
	357 10.9059
	358 10.9901
	29 11.0819
LINE 23 30 183.373 17
	359 11.065
	360 10.9618
	361 10.8716
	362 10.7947
	363 10.7313
	364 10.6818
	365 10.6463
	366 10.6249
	367 10.6178
	368 10.6249
	369 10.6463
	370 10.6818
	371 10.7313
	372 10.7947
	373 10.8716
	374 10.9618
	30 11.065
LINE 24 32 191.915 17
	375 12.4765
	376 12.0515
	377 11.6706
	378 11.3383
	379 11.0591
	380 10.8369
	381 10.6753
	382 10.5772
	383 10.5443
	384 10.5772
	385 10.6753
	386 10.8369
	387 11.0591
	388 11.3383
	389 11.6706
	390 12.0515
	32 12.4765
LINE 25 26 171.252 15
	391 12.4249
	392 12.0088
	393 11.6452
	394 11.339
	395 11.095
	396 10.9174
	397 10.8094
	398 10.7732
	399 10.8094
	400 10.9174
	401 11.095
	402 11.339
	403 11.6452
	404 12.0088
	26 12.4249
LINE 26 27 152.239 14
	405 11.7111
	406 11.337
	407 11.0156
	408 10.7516
	409 10.5492
	410 10.4122
	411 10.3429
	412 10.3429
	413 10.4122
	414 10.5492
	415 10.7516
	416 11.0156
	417 11.337
	27 11.7111
LINE 27 35 220.025 19
	418 12.8662
	419 12.4587
	420 12.0877
	421 11.7567
	422 11.4691
	423 11.2284
	424 11.0375
	425 10.8992
	426 10.8153
	427 10.7872
	428 10.8153
	429 10.8992
	430 11.0375
	431 11.2284
	432 11.4691
	433 11.7567
	434 12.0877
	435 12.4587
	35 12.8662
LINE 30 31 157.003 15
	436 10.6452
	437 10.5694
	438 10.5047
	439 10.4516
	440 10.41
	441 10.3803
	442 10.3624
	443 10.3564
	444 10.3624
	445 10.3803
	446 10.41
	447 10.4516
	448 10.5047
	449 10.5694
	31 10.6452
LINE 31 32 88.2648 8
	450 11.0475
	451 11.0352
	452 11.027
	453 11.0228
	454 11.0228
	455 11.027
	456 11.0352
	32 11.0475
LINE 33 34 155.522 15
	457 10.4271
	458 10.4019
	459 10.3805
	460 10.363
	461 10.3494
	462 10.3396
	463 10.3337
	464 10.3318
	465 10.3337
	466 10.3396
	467 10.3494
	468 10.363
	469 10.3805
	470 10.4019
	34 10.4271
LINE 36 37 109.25 10
	471 10.9334
	472 10.9278
	473 10.9237
	474 10.9209
	475 10.9195
	476 10.9195
	477 10.9209
	478 10.9237
	479 10.9278
	37 10.9334
LINE 38 39 211.124 19
	480 11.969
	481 11.6932
	482 11.4443
	483 11.2242
	484 11.0345
	485 10.8768
	486 10.7526
	487 10.663
	488 10.6088
	489 10.5907
	490 10.6088
	491 10.663
	492 10.7526
	493 10.8768
	494 11.0345
	495 11.2242
	496 11.4443
	497 11.6932
	39 11.969
COORDENADAS :
1	152.12	510.493
2	265.703	555.534
3	340.246	531.836
4	674.722	498.696
5	782.035	536.855
6	15.9461	433.966
7	125.995	455.786
8	256.284	442.806
9	326.26	455.724
10	421.043	404.468
11	564.429	418.758
12	678.285	416.799
13	735.952	406.592
14	63.7265	355.197
15	261.97	338.79
16	364.716	314.464
17	422.524	296.887
18	516.681	353.21
19	672.094	311.514
20	720.503	335.498
21	13.4082	204.737
22	244.226	249.429
23	360.441	234.814
24	417.582	227.344
25	526.546	245.509
26	632.735	227.342
27	728.681	237.224
28	49.691	140.781
29	123.624	132.063
30	279.823	145.477
31	377.147	110.07
32	435.927	109.258
33	582.073	128.794
34	682.272	103.599
35	756.173	103.381
36	343.051	61.9795
37	415.801	59.3967
38	532.712	12.6845
39	666.245	25.5236
40	205.841	474.572
41	198.517	527.785
42	714.67	555.782
43	527.433	211.808
44	0	502.753
45	367.077	397.556
46	148.043	504.975
47	144.26	499.317
48	140.77	493.519
49	137.574	487.58
50	134.671	481.502
51	132.062	475.283
52	129.746	468.924
53	127.724	462.425
54	265.629	548.446
55	265.486	541.363
56	265.275	534.286
57	264.996	527.215
58	264.647	520.149
59	264.23	513.089
60	263.745	506.035
61	263.19	498.987
62	262.567	491.944
63	261.875	484.907
64	261.115	477.876
65	260.286	470.851
66	259.389	463.831
67	258.422	456.817
68	257.387	449.809
69	337.99	525.098
70	335.93	518.324
71	334.067	511.513
72	332.402	504.666
73	330.933	497.783
74	329.662	490.864
75	328.587	483.908
76	327.71	476.917
77	327.03	469.889
78	326.546	462.825
79	678.612	492.028
80	681.849	485.331
81	684.432	478.605
82	686.362	471.852
83	687.639	465.07
84	688.263	458.259
85	688.233	451.42
86	687.55	444.553
87	686.214	437.657
88	684.224	430.733
89	681.581	423.78
90	778.216	530.491
91	774.552	524.074
92	771.044	517.601
93	767.689	511.073
94	764.49	504.491
95	761.446	497.854
96	758.556	491.163
97	755.821	484.416
98	753.241	477.615
99	750.816	470.759
100	748.545	463.849
101	746.429	456.883
102	744.468	449.863
103	742.662	442.788
104	741.01	435.658
105	739.514	428.474
106	738.172	421.234
107	736.985	413.941
108	20.2289	428.275
109	24.4104	422.523
110	28.4908	416.71
111	32.4699	410.835
112	36.3478	404.898
113	40.1244	398.901
114	43.7998	392.841
115	47.374	386.721
116	50.847	380.539
117	54.2187	374.295
118	57.4892	367.991
119	60.6584	361.624
120	125.174	448.11
121	123.998	440.654
122	122.466	433.418
123	120.579	426.401
124	118.337	419.605
125	115.74	413.028
126	112.787	406.671
127	109.48	400.534
128	105.817	394.617
129	101.799	388.92
130	97.4253	383.443
131	92.6969	378.185
132	87.6132	373.148
133	82.1743	368.33
134	76.3802	363.733
135	70.2309	359.355
136	131.845	451.584
137	137.661	447.343
138	143.443	443.061
139	149.19	438.74
140	154.904	434.378
141	160.582	429.977
142	166.227	425.536
143	171.837	421.056
144	177.413	416.535
145	182.955	411.975
146	188.463	407.374
147	193.936	402.734
148	199.375	398.055
149	204.78	393.335
150	210.15	388.575
151	215.487	383.776
152	220.788	378.937
153	226.056	374.058
154	231.29	369.139
155	236.489	364.181
156	241.654	359.182
157	246.784	354.144
158	251.881	349.066
159	256.943	343.948
160	263.816	441.203
161	271.229	440.243
162	278.524	439.926
163	285.699	440.253
164	292.756	441.223
165	299.695	442.837
166	306.514	445.094
167	313.215	447.994
168	319.797	451.538
169	261.717	438.232
170	267.071	433.591
171	272.345	428.882
172	277.54	424.106
173	282.655	419.263
174	287.69	414.352
175	292.646	409.374
176	297.522	404.33
177	302.319	399.217
178	307.036	394.038
179	311.673	388.791
180	316.231	383.477
181	320.709	378.096
182	325.108	372.647
183	329.427	367.132
184	333.666	361.549
185	337.826	355.899
186	341.906	350.181
187	345.907	344.396
188	349.828	338.544
189	353.669	332.625
190	357.431	326.639
191	361.113	320.585
192	333.022	453.126
193	339.72	450.411
194	346.356	447.579
195	352.928	444.63
196	359.436	441.564
197	365.882	438.381
198	372.264	435.081
199	378.583	431.664
200	384.838	428.13
201	391.031	424.479
202	397.16	420.711
203	403.226	416.826
204	409.228	412.824
205	415.167	408.704
206	559.012	414.023
207	553.591	409.293
208	548.167	404.566
209	542.74	399.842
210	537.31	395.123
211	531.876	390.407
212	526.44	385.695
213	520.999	380.987
214	515.556	376.283
215	510.11	371.582
216	504.66	366.886
217	499.207	362.193
218	493.75	357.503
219	488.291	352.818
220	482.828	348.136
221	477.362	343.458
222	471.893	338.784
223	466.42	334.114
224	460.945	329.447
225	455.466	324.784
226	449.983	320.125
227	444.498	315.47
228	439.009	310.818
229	433.517	306.171
230	428.022	301.527
231	731.63	400.086
232	727.925	393.446
233	724.836	386.672
234	722.366	379.764
235	720.512	372.722
236	719.276	365.545
237	718.657	358.235
238	718.655	350.79
239	719.27	343.211
240	259.373	332.161
241	256.982	325.491
242	254.796	318.78
243	252.815	312.028
244	251.039	305.236
245	249.469	298.403
246	248.104	291.529
247	246.944	284.614
248	245.99	277.658
249	245.241	270.662
250	244.697	263.625
251	244.359	256.547
252	269.358	335.925
253	276.486	332.814
254	283.355	329.457
255	289.964	325.855
256	296.314	322.008
257	302.405	317.914
258	308.237	313.575
259	313.808	308.99
260	319.121	304.16
261	324.174	299.084
262	328.968	293.763
263	333.503	288.195
264	337.778	282.382
265	341.793	276.324
266	345.55	270.02
267	349.047	263.47
268	352.284	256.675
269	355.262	249.633
270	357.981	242.347
271	523.667	352.251
272	530.632	351.214
273	537.577	350.099
274	544.5	348.907
275	551.403	347.638
276	558.285	346.29
277	565.147	344.865
278	571.987	343.363
279	578.806	341.783
280	585.605	340.125
281	592.383	338.39
282	599.14	336.577
283	605.877	334.686
284	612.592	332.718
285	619.287	330.673
286	625.96	328.549
287	632.613	326.349
288	639.246	324.07
289	645.857	321.714
290	652.448	319.28
291	659.017	316.769
292	665.566	314.18
293	663.414	313.066
294	654.93	314.185
295	646.643	314.87
296	638.553	315.121
297	630.659	314.939
298	622.962	314.324
299	615.461	313.274
300	608.157	311.792
301	601.05	309.875
302	594.139	307.525
303	587.425	304.742
304	580.907	301.525
305	574.587	297.874
306	568.462	293.79
307	562.535	289.272
308	556.804	284.321
309	551.269	278.936
310	545.931	273.118
311	540.79	266.866
312	535.846	260.18
313	531.098	253.061
314	723.482	328.678
315	726.092	321.827
316	728.334	314.945
317	730.208	308.033
318	731.713	301.09
319	732.849	294.116
320	733.618	287.112
321	734.018	280.077
322	734.049	273.012
323	733.712	265.915
324	733.007	258.789
325	731.933	251.631
326	730.491	244.443
327	18.8197	199.353
328	23.835	193.745
329	28.4541	187.911
330	32.6768	181.853
331	36.5032	175.569
332	39.9333	169.061
333	42.9672	162.329
334	45.6048	155.371
335	47.846	148.188
336	240.824	242.871
337	237.281	236.458
338	233.597	230.19
339	229.771	224.067
340	225.804	218.089
341	221.697	212.256
342	217.448	206.568
343	213.058	201.025
344	208.527	195.628
345	203.854	190.375
346	199.041	185.267
347	194.086	180.304
348	188.991	175.487
349	183.754	170.814
350	178.376	166.286
351	172.857	161.903
352	167.197	157.666
353	161.395	153.573
354	155.453	149.626
355	149.369	145.823
356	143.145	142.165
357	136.779	138.653
358	130.272	135.285
359	357.24	228.168
360	353.846	221.696
361	350.26	215.398
362	346.481	209.273
363	342.51	203.323
364	338.346	197.546
365	333.989	191.943
366	329.439	186.514
367	324.697	181.259
368	319.762	176.178
369	314.635	171.27
370	309.315	166.537
371	303.802	161.977
372	298.096	157.591
373	292.198	153.379
374	286.107	149.341
375	414.268	219.715
376	411.503	212.172
377	409.287	204.713
378	407.62	197.341
379	406.502	190.053
380	405.933	182.851
381	405.914	175.734
382	406.444	168.703
383	407.523	161.756
384	409.151	154.895
385	411.329	148.12
386	414.056	141.429
387	417.331	134.825
388	421.156	128.305
389	425.531	121.871
390	430.454	115.522
391	534.322	248.365
392	541.997	250.64
393	549.574	252.335
394	557.05	253.448
395	564.428	253.98
396	571.706	253.931
397	578.885	253.301
398	585.964	252.09
399	592.944	250.298
400	599.824	247.924
401	606.605	244.97
402	613.287	241.434
403	619.869	237.318
404	626.352	232.62
405	639.965	224.394
406	647.136	222.008
407	654.25	220.185
408	661.306	218.923
409	668.304	218.224
410	675.244	218.087
411	682.126	218.512
412	688.951	219.499
413	695.717	221.048
414	702.425	223.159
415	709.076	225.832
416	715.669	229.067
417	722.204	232.865
418	725.548	229.239
419	722.924	221.359
420	720.81	213.583
421	719.204	205.911
422	718.106	198.344
423	717.518	190.882
424	717.438	183.524
425	717.868	176.27
426	718.806	169.122
427	720.253	162.077
428	722.209	155.137
429	724.673	148.302
430	727.647	141.571
431	731.129	134.945
432	735.12	128.423
433	739.62	122.006
434	744.629	115.693
435	750.146	109.485
436	286.873	144.659
437	293.842	143.621
438	300.732	142.363
439	307.541	140.884
440	314.269	139.185
441	320.918	137.265
442	327.486	135.125
443	333.975	132.765
444	340.383	130.184
445	346.71	127.383
446	352.958	124.361
447	359.126	121.119
448	365.213	117.656
449	371.22	113.973
450	384.501	110.465
451	391.853	110.718
452	399.204	110.829
453	406.552	110.798
454	413.899	110.626
455	421.244	110.312
456	428.586	109.856
457	588.524	126.205
458	595.008	123.746
459	601.525	121.416
460	608.074	119.217
461	614.656	117.147
462	621.27	115.208
463	627.918	113.398
464	634.597	111.719
465	641.31	110.169
466	648.055	108.749
467	654.833	107.459
468	661.644	106.299
469	668.487	105.269
470	675.363	104.369
471	350.313	61.3508
472	357.578	60.8045
473	364.846	60.3404
474	372.116	59.9587
475	379.39	59.6592
476	386.666	59.4421
477	393.945	59.3073
478	401.228	59.2548
479	408.513	59.2846
480	540.096	9.6599
481	547.44	7.04648
482	554.745	4.8442
483	562.01	3.05307
484	569.236	1.67308
485	576.422	0.704242
486	583.569	0.146548
487	590.676	0
488	597.743	0.264598
489	604.771	0.940342
490	611.76	2.02723
491	618.709	3.52527
492	625.618	5.43445
493	632.488	7.75478
494	639.319	10.4863
495	646.11	13.6289
496	652.861	17.1826
497	659.573	21.1475
