NOMBRE : MTLARP7_9_4_2.dat
VERTICES ORIGINALES : 63
VERTICES TOTALES : 976
DEPOTS : 4
60
61
62
63
LINEAS ORIGINALES : 61
LINE 1 2 194.597 18
	64 10.8826
	65 10.8574
	66 10.8353
	67 10.8163
	68 10.8004
	69 10.7878
	70 10.7782
	71 10.7719
	72 10.7687
	73 10.7687
	74 10.7719
	75 10.7782
	76 10.7878
	77 10.8004
	78 10.8163
	79 10.8353
	80 10.8574
	2 10.8826
LINE 2 10 205.595 19
	81 11.1393
	82 11.0346
	83 10.9414
	84 10.8599
	85 10.7905
	86 10.7334
	87 10.6888
	88 10.6568
	89 10.6375
	90 10.6311
	91 10.6375
	92 10.6568
	93 10.6888
	94 10.7334
	95 10.7905
	96 10.8599
	97 10.9414
	98 11.0346
	10 11.1393
LINE 3 11 139.778 13
	99 11.0341
	100 10.8946
	101 10.7792
	102 10.6885
	103 10.6233
	104 10.584
	105 10.5708
	106 10.584
	107 10.6233
	108 10.6885
	109 10.7792
	110 10.8946
	11 11.0341
LINE 4 5 210.66 19
	111 12.0196
	112 11.7206
	113 11.4503
	114 11.2108
	115 11.004
	116 10.8319
	117 10.6962
	118 10.5981
	119 10.5389
	120 10.519
	121 10.5389
	122 10.5981
	123 10.6962
	124 10.8319
	125 11.004
	126 11.2108
	127 11.4503
	128 11.7206
	5 12.0196
LINE 4 11 248.015 22
	129 12.2395
	130 11.9745
	131 11.7308
	132 11.5099
	133 11.3131
	134 11.1416
	135 10.9966
	136 10.8793
	137 10.7904
	138 10.7308
	139 10.7008
	140 10.7008
	141 10.7308
	142 10.7904
	143 10.8793
	144 10.9966
	145 11.1416
	146 11.3131
	147 11.5099
	148 11.7308
	149 11.9745
	11 12.2395
LINE 5 13 167.796 16
	150 10.9769
	151 10.785
	152 10.6178
	153 10.4764
	154 10.3619
	155 10.2752
	156 10.217
	157 10.1878
	158 10.1878
	159 10.217
	160 10.2752
	161 10.3619
	162 10.4764
	163 10.6178
	164 10.785
	13 10.9769
LINE 6 13 297.761 27
	165 12.1568
	166 11.9091
	167 11.6765
	168 11.4601
	169 11.2607
	170 11.0792
	171 10.9166
	172 10.7736
	173 10.6512
	174 10.5499
	175 10.4705
	176 10.4134
	177 10.379
	178 10.3675
	179 10.379
	180 10.4134
	181 10.4705
	182 10.5499
	183 10.6512
	184 10.7736
	185 10.9166
	186 11.0792
	187 11.2607
	188 11.4601
	189 11.6765
	190 11.9091
	13 12.1568
LINE 7 8 170.944 16
	191 10.7714
	192 10.7366
	193 10.7066
	194 10.6816
	195 10.6615
	196 10.6465
	197 10.6364
	198 10.6314
	199 10.6314
	200 10.6364
	201 10.6465
	202 10.6615
	203 10.6816
	204 10.7066
	205 10.7366
	8 10.7714
LINE 7 14 269.99 26
	206 10.4169
	207 10.4091
	208 10.4019
	209 10.3954
	210 10.3895
	211 10.3842
	212 10.3796
	213 10.3757
	214 10.3724
	215 10.3698
	216 10.3678
	217 10.3665
	218 10.3659
	219 10.3659
	220 10.3665
	221 10.3678
	222 10.3698
	223 10.3724
	224 10.3757
	225 10.3796
	226 10.3842
	227 10.3895
	228 10.3954
	229 10.4019
	230 10.4091
	14 10.4169
LINE 7 15 163.924 15
	231 11.5769
	232 11.3059
	233 11.0714
	234 10.8758
	235 10.7212
	236 10.6094
	237 10.5417
	238 10.5191
	239 10.5417
	240 10.6094
	241 10.7212
	242 10.8758
	243 11.0714
	244 11.3059
	15 11.5769
LINE 9 17 67.5079 6
	245 11.3682
	246 11.2282
	247 11.1575
	248 11.1575
	249 11.2282
	17 11.3682
LINE 10 11 73.3103 7
	250 10.5497
	251 10.473
	252 10.4268
	253 10.4113
	254 10.4268
	255 10.473
	11 10.5497
LINE 10 18 103.332 10
	256 10.3382
	257 10.3349
	258 10.3324
	259 10.3307
	260 10.3299
	261 10.3299
	262 10.3307
	263 10.3324
	264 10.3349
	18 10.3382
LINE 12 20 88.7399 8
	265 11.7207
	266 11.191
	267 10.8234
	268 10.6348
	269 10.6348
	270 10.8234
	271 11.191
	20 11.7207
LINE 13 20 168.694 16
	272 10.7745
	273 10.683
	274 10.6038
	275 10.5374
	276 10.484
	277 10.4438
	278 10.4169
	279 10.4034
	280 10.4034
	281 10.4169
	282 10.4438
	283 10.484
	284 10.5374
	285 10.6038
	286 10.683
	20 10.7745
LINE 13 21 237.452 22
	287 11.3436
	288 11.1902
	289 11.0502
	290 10.9244
	291 10.813
	292 10.7167
	293 10.6357
	294 10.5705
	295 10.5213
	296 10.4884
	297 10.4719
	298 10.4719
	299 10.4884
	300 10.5213
	301 10.5705
	302 10.6357
	303 10.7167
	304 10.813
	305 10.9244
	306 11.0502
	307 11.1902
	21 11.3436
LINE 14 21 175.373 16
	308 11.6268
	309 11.3674
	310 11.1403
	311 10.9474
	312 10.7907
	313 10.6716
	314 10.5914
	315 10.5511
	316 10.5511
	317 10.5914
	318 10.6716
	319 10.7907
	320 10.9474
	321 11.1403
	322 11.3674
	21 11.6268
LINE 15 16 179.48 17
	323 10.7379
	324 10.6708
	325 10.6123
	326 10.5626
	327 10.5218
	328 10.4899
	329 10.467
	330 10.4533
	331 10.4487
	332 10.4533
	333 10.467
	334 10.4899
	335 10.5218
	336 10.5626
	337 10.6123
	338 10.6708
	16 10.7379
LINE 15 22 219.052 20
	339 11.5332
	340 11.3544
	341 11.193
	342 11.0499
	343 10.9257
	344 10.8211
	345 10.7367
	346 10.673
	347 10.6303
	348 10.6089
	349 10.6089
	350 10.6303
	351 10.673
	352 10.7367
	353 10.8211
	354 10.9257
	355 11.0499
	356 11.193
	357 11.3544
	22 11.5332
LINE 16 17 117.98 11
	358 10.9002
	359 10.796
	360 10.7142
	361 10.6554
	362 10.62
	363 10.6081
	364 10.62
	365 10.6554
	366 10.7142
	367 10.796
	17 10.9002
LINE 16 22 276.764 26
	368 10.7483
	369 10.7236
	370 10.7009
	371 10.6802
	372 10.6615
	373 10.6449
	374 10.6304
	375 10.6179
	376 10.6074
	377 10.5991
	378 10.5928
	379 10.5887
	380 10.5866
	381 10.5866
	382 10.5887
	383 10.5928
	384 10.5991
	385 10.6074
	386 10.6179
	387 10.6304
	388 10.6449
	389 10.6615
	390 10.6802
	391 10.7009
	392 10.7236
	22 10.7483
LINE 16 23 155.813 14
	393 11.579
	394 11.375
	395 11.2022
	396 11.062
	397 10.9557
	398 10.8843
	399 10.8483
	400 10.8483
	401 10.8843
	402 10.9557
	403 11.062
	404 11.2022
	405 11.375
	23 11.579
LINE 18 19 172.508 16
	406 11.3497
	407 11.1277
	408 10.9338
	409 10.7696
	410 10.6364
	411 10.5355
	412 10.4676
	413 10.4335
	414 10.4335
	415 10.4676
	416 10.5355
	417 10.6364
	418 10.7696
	419 10.9338
	420 11.1277
	19 11.3497
LINE 20 28 157.653 14
	421 12.004
	422 11.6704
	423 11.3849
	424 11.1512
	425 10.9727
	426 10.8521
	427 10.7913
	428 10.7913
	429 10.8521
	430 10.9727
	431 11.1512
	432 11.3849
	433 11.6704
	28 12.004
LINE 23 24 95.5269 9
	434 10.6267
	435 10.6173
	436 10.6105
	437 10.6065
	438 10.6051
	439 10.6065
	440 10.6105
	441 10.6173
	24 10.6267
LINE 23 31 211.295 20
	442 10.6668
	443 10.6347
	444 10.6061
	445 10.5811
	446 10.5595
	447 10.5415
	448 10.5271
	449 10.5163
	450 10.5091
	451 10.5054
	452 10.5054
	453 10.5091
	454 10.5163
	455 10.5271
	456 10.5415
	457 10.5595
	458 10.5811
	459 10.6061
	460 10.6347
	31 10.6668
LINE 23 32 131.507 13
	461 10.1373
	462 10.1266
	463 10.1179
	464 10.1111
	465 10.1063
	466 10.1034
	467 10.1024
	468 10.1034
	469 10.1063
	470 10.1111
	471 10.1179
	472 10.1266
	32 10.1373
LINE 24 33 124.806 11
	473 12.2919
	474 11.7416
	475 11.2952
	476 10.9651
	477 10.7623
	478 10.6938
	479 10.7623
	480 10.9651
	481 11.2952
	482 11.7416
	33 12.2919
LINE 25 34 243.598 23
	483 10.914
	484 10.8273
	485 10.7482
	486 10.6769
	487 10.6137
	488 10.5585
	489 10.5117
	490 10.4731
	491 10.4431
	492 10.4216
	493 10.4086
	494 10.4043
	495 10.4086
	496 10.4216
	497 10.4431
	498 10.4731
	499 10.5117
	500 10.5585
	501 10.6137
	502 10.6769
	503 10.7482
	504 10.8273
	34 10.914
LINE 25 35 253.026 23
	505 11.7993
	506 11.5891
	507 11.3956
	508 11.2196
	509 11.0619
	510 10.9235
	511 10.8049
	512 10.707
	513 10.6302
	514 10.575
	515 10.5417
	516 10.5306
	517 10.5417
	518 10.575
	519 10.6302
	520 10.707
	521 10.8049
	522 10.9235
	523 11.0619
	524 11.2196
	525 11.3956
	526 11.5891
	35 11.7993
LINE 26 27 130.934 12
	527 11.045
	528 10.9723
	529 10.9139
	530 10.8698
	531 10.8403
	532 10.8256
	533 10.8256
	534 10.8403
	535 10.8698
	536 10.9139
	537 10.9723
	27 11.045
LINE 27 28 165.72 15
	538 11.5585
	539 11.344
	540 11.1593
	541 11.0059
	542 10.8851
	543 10.798
	544 10.7454
	545 10.7278
	546 10.7454
	547 10.798
	548 10.8851
	549 11.0059
	550 11.1593
	551 11.344
	28 11.5585
LINE 27 36 150.365 14
	552 11.5512
	553 11.1886
	554 10.8771
	555 10.6214
	556 10.4255
	557 10.2928
	558 10.2259
	559 10.2259
	560 10.2928
	561 10.4255
	562 10.6214
	563 10.8771
	564 11.1886
	36 11.5512
LINE 28 29 136.64 12
	565 12.2517
	566 11.7936
	567 11.4139
	568 11.1206
	569 10.9207
	570 10.8194
	571 10.8194
	572 10.9207
	573 11.1206
	574 11.4139
	575 11.7936
	29 12.2517
LINE 30 39 151.83 14
	576 10.9506
	577 10.9021
	578 10.8615
	579 10.8289
	580 10.8044
	581 10.788
	582 10.7798
	583 10.7798
	584 10.788
	585 10.8044
	586 10.8289
	587 10.8615
	588 10.9021
	39 10.9506
LINE 31 40 165.762 15
	589 11.8135
	590 11.4962
	591 11.2206
	592 10.99
	593 10.8073
	594 10.6748
	595 10.5946
	596 10.5677
	597 10.5946
	598 10.6748
	599 10.8073
	600 10.99
	601 11.2206
	602 11.4962
	40 11.8135
LINE 32 41 132.151 13
	603 10.1834
	604 10.1745
	605 10.1671
	606 10.1614
	607 10.1573
	608 10.1548
	609 10.154
	610 10.1548
	611 10.1573
	612 10.1614
	613 10.1671
	614 10.1745
	41 10.1834
LINE 33 42 204.245 19
	615 11.078
	616 10.9701
	617 10.8741
	618 10.7901
	619 10.7185
	620 10.6596
	621 10.6136
	622 10.5806
	623 10.5607
	624 10.5541
	625 10.5607
	626 10.5806
	627 10.6136
	628 10.6596
	629 10.7185
	630 10.7901
	631 10.8741
	632 10.9701
	42 11.078
LINE 36 37 165.929 16
	633 10.4668
	634 10.4285
	635 10.3955
	636 10.3679
	637 10.3458
	638 10.3292
	639 10.3181
	640 10.3126
	641 10.3126
	642 10.3181
	643 10.3292
	644 10.3458
	645 10.3679
	646 10.3955
	647 10.4285
	37 10.4668
LINE 36 44 168.902 15
	648 12.1819
	649 11.8004
	650 11.4677
	651 11.1882
	652 10.9659
	653 10.8042
	654 10.7061
	655 10.6732
	656 10.7061
	657 10.8042
	658 10.9659
	659 11.1882
	660 11.4677
	661 11.8004
	44 12.1819
LINE 36 45 184.713 17
	662 11.4289
	663 11.2225
	664 11.0404
	665 10.884
	666 10.7544
	667 10.6524
	668 10.579
	669 10.5347
	670 10.5199
	671 10.5347
	672 10.579
	673 10.6524
	674 10.7544
	675 10.884
	676 11.0404
	677 11.2225
	45 11.4289
LINE 38 47 200.595 19
	678 10.5687
	679 10.565
	680 10.5618
	681 10.5589
	682 10.5566
	683 10.5546
	684 10.5531
	685 10.552
	686 10.5514
	687 10.5512
	688 10.5514
	689 10.552
	690 10.5531
	691 10.5546
	692 10.5566
	693 10.5589
	694 10.5618
	695 10.565
	47 10.5687
LINE 39 40 109.869 10
	696 10.993
	697 10.9889
	698 10.9859
	699 10.9839
	700 10.9829
	701 10.9829
	702 10.9839
	703 10.9859
	704 10.9889
	40 10.993
LINE 39 48 229.936 22
	705 10.6304
	706 10.5798
	707 10.534
	708 10.4931
	709 10.4572
	710 10.4263
	711 10.4005
	712 10.3798
	713 10.3643
	714 10.3539
	715 10.3487
	716 10.3487
	717 10.3539
	718 10.3643
	719 10.3798
	720 10.4005
	721 10.4263
	722 10.4572
	723 10.4931
	724 10.534
	725 10.5798
	48 10.6304
LINE 40 41 228.371 22
	726 10.4923
	727 10.4605
	728 10.4318
	729 10.4063
	730 10.3839
	731 10.3646
	732 10.3485
	733 10.3357
	734 10.326
	735 10.3196
	736 10.3163
	737 10.3163
	738 10.3196
	739 10.326
	740 10.3357
	741 10.3485
	742 10.3646
	743 10.3839
	744 10.4063
	745 10.4318
	746 10.4605
	41 10.4923
LINE 41 42 168.631 16
	747 10.5875
	748 10.5683
	749 10.5518
	750 10.5381
	751 10.5271
	752 10.5188
	753 10.5133
	754 10.5105
	755 10.5105
	756 10.5133
	757 10.5188
	758 10.5271
	759 10.5381
	760 10.5518
	761 10.5683
	42 10.5875
LINE 43 51 152.898 14
	762 11.873
	763 11.4494
	764 11.084
	765 10.7828
	766 10.5512
	767 10.394
	768 10.3145
	769 10.3145
	770 10.394
	771 10.5512
	772 10.7828
	773 11.084
	774 11.4494
	51 11.873
LINE 44 45 149.549 14
	775 11.1665
	776 10.9472
	777 10.7609
	778 10.6096
	779 10.4947
	780 10.4173
	781 10.3785
	782 10.3785
	783 10.4173
	784 10.4947
	785 10.6096
	786 10.7609
	787 10.9472
	45 11.1665
LINE 44 52 226.787 21
	788 10.9942
	789 10.9363
	790 10.8842
	791 10.838
	792 10.7978
	793 10.7637
	794 10.7357
	795 10.7139
	796 10.6982
	797 10.6888
	798 10.6857
	799 10.6888
	800 10.6982
	801 10.7139
	802 10.7357
	803 10.7637
	804 10.7978
	805 10.838
	806 10.8842
	807 10.9363
	52 10.9942
LINE 46 47 166.455 16
	808 10.7586
	809 10.6187
	810 10.4972
	811 10.3949
	812 10.3124
	813 10.25
	814 10.2082
	815 10.1873
	816 10.1873
	817 10.2082
	818 10.25
	819 10.3124
	820 10.3949
	821 10.4972
	822 10.6187
	47 10.7586
LINE 46 54 204.555 19
	823 10.8307
	824 10.8092
	825 10.7902
	826 10.7737
	827 10.7597
	828 10.7483
	829 10.7394
	830 10.733
	831 10.7292
	832 10.7279
	833 10.7292
	834 10.733
	835 10.7394
	836 10.7483
	837 10.7597
	838 10.7737
	839 10.7902
	840 10.8092
	54 10.8307
LINE 47 55 87.5656 8
	841 11.0841
	842 10.9659
	843 10.8864
	844 10.8464
	845 10.8464
	846 10.8864
	847 10.9659
	55 11.0841
LINE 48 57 214.748 20
	848 10.7579
	849 10.7514
	850 10.7457
	851 10.7406
	852 10.7363
	853 10.7327
	854 10.7299
	855 10.7277
	856 10.7263
	857 10.7256
	858 10.7256
	859 10.7263
	860 10.7277
	861 10.7299
	862 10.7327
	863 10.7363
	864 10.7406
	865 10.7457
	866 10.7514
	57 10.7579
LINE 49 50 194.364 18
	867 10.8084
	868 10.8048
	869 10.8015
	870 10.7988
	871 10.7965
	872 10.7946
	873 10.7932
	874 10.7923
	875 10.7919
	876 10.7919
	877 10.7923
	878 10.7932
	879 10.7946
	880 10.7965
	881 10.7988
	882 10.8015
	883 10.8048
	50 10.8084
LINE 49 58 199.44 19
	884 10.7693
	885 10.6796
	886 10.5998
	887 10.5301
	888 10.4708
	889 10.422
	890 10.384
	891 10.3567
	892 10.3402
	893 10.3348
	894 10.3402
	895 10.3567
	896 10.384
	897 10.422
	898 10.4708
	899 10.5301
	900 10.5998
	901 10.6796
	58 10.7693
LINE 50 59 73.4042 7
	902 10.4865
	903 10.4863
	904 10.4862
	905 10.4862
	906 10.4862
	907 10.4863
	59 10.4865
LINE 51 52 98.0101 9
	908 11.0091
	909 10.9201
	910 10.8561
	911 10.8175
	912 10.8046
	913 10.8175
	914 10.8561
	915 10.9201
	52 11.0091
LINE 52 53 198.632 19
	916 10.5218
	917 10.4994
	918 10.4796
	919 10.4624
	920 10.4478
	921 10.4358
	922 10.4265
	923 10.4199
	924 10.4159
	925 10.4145
	926 10.4159
	927 10.4199
	928 10.4265
	929 10.4358
	930 10.4478
	931 10.4624
	932 10.4796
	933 10.4994
	53 10.5218
LINE 54 55 172.5 16
	934 11.1413
	935 10.9994
	936 10.8763
	937 10.7726
	938 10.6889
	939 10.6258
	940 10.5834
	941 10.5622
	942 10.5622
	943 10.5834
	944 10.6258
	945 10.6889
	946 10.7726
	947 10.8763
	948 10.9994
	55 11.1413
LINE 55 56 88.2776 8
	949 11.798
	950 11.1567
	951 10.7079
	952 10.4763
	953 10.4763
	954 10.7079
	955 11.1567
	56 11.798
LINE 56 57 227.499 22
	956 10.417
	957 10.3953
	958 10.3758
	959 10.3584
	960 10.3431
	961 10.33
	962 10.3191
	963 10.3104
	964 10.3038
	965 10.2994
	966 10.2972
	967 10.2972
	968 10.2994
	969 10.3038
	970 10.3104
	971 10.3191
	972 10.33
	973 10.3431
	974 10.3584
	975 10.3758
	976 10.3953
	57 10.417
COORDENADAS :
1	47.8446	636.392
2	177.035	633.653
3	272.015	594.691
4	372.111	591.284
5	502.156	620.293
6	601.833	638.761
7	671.102	635.405
8	782.431	613.858
9	861.139	591.307
10	190.62	499.68
11	238.193	509.549
12	388.849	502.683
13	456.469	521.737
14	534.576	518.601
15	669.485	530.226
16	787.033	515.885
17	858.421	546.796
18	199.898	431.442
19	303.745	391.553
20	373.335	448.259
21	561.008	409.259
22	653.831	389.68
23	776.815	415.193
24	835.238	389.983
25	65.8344	347.866
26	199.509	315.943
27	284.845	330.622
28	390.521	349.09
29	474.717	329.462
30	539.466	343.333
31	666.289	329.154
32	775.196	327.654
33	891.06	334.903
34	57.9856	188.526
35	152.647	211.72
36	250.182	241.782
37	359.957	248.701
38	442.115	238.601
39	577.96	250.387
40	646.747	225.3
41	797.076	242.416
42	901.5	201.626
43	97.0435	143.63
44	200.673	147.227
45	296.259	131.82
46	346.917	130.996
47	452.485	105.356
48	685.189	142.978
49	745.901	137.783
50	867.601	93.5142
51	90.3932	47.6843
52	142.66	9.33348
53	274.068	20.9186
54	387.279	1.24119
55	484.879	57.4621
56	535.01	33.1446
57	682.35	0
58	738.983	7.05832
59	881.299	46.5349
60	769.341	681.088
61	815.952	460.366
62	6.15253	471.753
63	0	412.257
64	54.9996	635.191
65	62.1573	634.114
66	69.3175	633.159
67	76.4804	632.329
68	83.6458	631.621
69	90.8139	631.037
70	97.9846	630.577
71	105.158	630.24
72	112.334	630.026
73	119.512	629.935
74	126.694	629.968
75	133.877	630.125
76	141.064	630.404
77	148.253	630.807
78	155.444	631.334
79	162.639	631.983
80	169.836	632.757
81	175.544	626.378
82	174.298	619.128
83	173.297	611.903
84	172.541	604.702
85	172.03	597.527
86	171.765	590.376
87	171.744	583.25
88	171.969	576.149
89	172.439	569.073
90	173.154	562.022
91	174.114	554.996
92	175.319	547.994
93	176.77	541.018
94	178.465	534.066
95	180.406	527.139
96	182.592	520.237
97	185.022	513.359
98	187.698	506.507
99	271.373	587.363
100	270.405	580.165
101	269.11	573.096
102	267.488	566.158
103	265.54	559.349
104	263.265	552.67
105	260.664	546.12
106	257.735	539.701
107	254.48	533.411
108	250.898	527.251
109	246.99	521.22
110	242.755	515.32
111	378.111	596.595
112	384.205	601.485
113	390.393	605.955
114	396.675	610.005
115	403.051	613.634
116	409.52	616.842
117	416.083	619.63
118	422.74	621.998
119	429.491	623.945
120	436.335	625.472
121	443.273	626.578
122	450.305	627.264
123	457.431	627.53
124	464.651	627.375
125	471.964	626.799
126	479.371	625.803
127	486.872	624.387
128	494.467	622.55
129	368.089	584.184
130	363.871	577.406
131	359.457	570.951
132	354.845	564.818
133	350.037	559.008
134	345.031	553.52
135	339.83	548.354
136	334.431	543.51
137	328.836	538.989
138	323.044	534.79
139	317.055	530.914
140	310.869	527.36
141	304.487	524.128
142	297.908	521.219
143	291.132	518.632
144	284.16	516.367
145	276.99	514.425
146	269.624	512.805
147	262.062	511.508
148	254.302	510.533
149	246.346	509.88
150	501.778	612.985
151	501.069	605.829
152	500.031	598.828
153	498.662	591.979
154	496.962	585.283
155	494.933	578.741
156	492.573	572.351
157	489.882	566.115
158	486.862	560.032
159	483.511	554.102
160	479.83	548.325
161	475.818	542.701
162	471.476	537.23
163	466.804	531.913
164	461.802	526.748
165	599.103	631.13
166	596.169	623.753
167	593.031	616.629
168	589.689	609.759
169	586.142	603.142
170	582.392	596.779
171	578.437	590.67
172	574.278	584.814
173	569.915	579.212
174	565.348	573.863
175	560.576	568.768
176	555.601	563.927
177	550.421	559.339
178	545.037	555.005
179	539.449	550.924
180	533.657	547.097
181	527.661	543.524
182	521.46	540.204
183	515.055	537.137
184	508.447	534.325
185	501.634	531.766
186	494.617	529.46
187	487.395	527.408
188	479.97	525.61
189	472.34	524.065
190	464.507	522.774
191	678.28	635.194
192	685.429	634.831
193	692.548	634.317
194	699.638	633.652
195	706.699	632.835
196	713.73	631.867
197	720.732	630.748
198	727.705	629.477
199	734.648	628.054
200	741.562	626.481
201	748.447	624.755
202	755.302	622.879
203	762.129	620.851
204	768.925	618.671
205	775.693	616.34
206	666.298	630.39
207	661.458	625.417
208	656.583	620.486
209	651.671	615.597
210	646.724	610.749
211	641.741	605.943
212	636.722	601.179
213	631.668	596.457
214	626.578	591.776
215	621.452	587.138
216	616.29	582.541
217	611.093	577.986
218	605.86	573.472
219	600.591	569.001
220	595.286	564.571
221	589.946	560.183
222	584.57	555.837
223	579.158	551.532
224	573.71	547.27
225	568.227	543.049
226	562.708	538.87
227	557.153	534.732
228	551.562	530.637
229	545.936	526.583
230	540.274	522.571
231	674.217	628.343
232	676.872	621.289
233	679.066	614.242
234	680.8	607.202
235	682.073	600.168
236	682.886	593.142
237	683.239	586.123
238	683.131	579.111
239	682.563	572.107
240	681.534	565.109
241	680.045	558.118
242	678.096	551.135
243	675.686	544.158
244	672.816	537.189
245	859.206	583.979
246	857.866	576.615
247	857.117	569.214
248	856.96	561.777
249	857.395	554.305
250	197.185	502.201
251	203.828	504.352
252	210.547	506.133
253	217.343	507.543
254	224.216	508.582
255	231.166	509.251
256	191.823	492.893
257	192.965	486.099
258	194.046	479.296
259	195.066	472.484
260	196.024	465.665
261	196.921	458.837
262	197.757	452.001
263	198.532	445.156
264	199.245	438.303
265	390.101	494.97
266	390.442	487.518
267	389.87	480.325
268	388.387	473.392
269	385.992	466.719
270	382.685	460.305
271	378.466	454.152
272	452.514	515.741
273	448.393	509.932
274	444.107	504.31
275	439.655	498.876
276	435.038	493.629
277	430.256	488.568
278	425.308	483.695
279	420.195	479.009
280	414.916	474.511
281	409.472	470.199
282	403.863	466.074
283	398.088	462.137
284	392.148	458.387
285	386.042	454.824
286	379.771	451.448
287	463.353	518.606
288	470.033	515.286
289	476.511	511.777
290	482.786	508.08
291	488.857	504.194
292	494.726	500.119
293	500.391	495.856
294	505.854	491.403
295	511.113	486.763
296	516.169	481.933
297	521.023	476.915
298	525.673	471.708
299	530.12	466.312
300	534.364	460.728
301	538.406	454.954
302	542.244	448.993
303	545.879	442.842
304	549.311	436.503
305	552.54	429.975
306	555.566	423.258
307	558.389	416.353
308	533.056	511
309	531.959	503.502
310	531.285	496.105
311	531.034	488.811
312	531.205	481.62
313	531.8	474.53
314	532.818	467.543
315	534.258	460.658
316	536.122	453.875
317	538.408	447.195
318	541.118	440.616
319	544.25	434.14
320	547.805	427.767
321	551.783	421.495
322	556.184	415.326
323	676.6	531.021
324	683.689	531.61
325	690.754	531.995
326	697.793	532.175
327	704.807	532.15
328	711.797	531.921
329	718.761	531.487
330	725.701	530.848
331	732.616	530.005
332	739.505	528.956
333	746.37	527.703
334	753.209	526.245
335	760.024	524.583
336	766.814	522.716
337	773.578	520.644
338	780.318	518.367
339	665.701	523.533
340	662.232	516.805
341	659.08	510.042
342	656.244	503.243
343	653.723	496.409
344	651.518	489.541
345	649.63	482.636
346	648.057	475.697
347	646.8	468.722
348	645.86	461.713
349	645.235	454.668
350	644.926	447.588
351	644.933	440.472
352	645.257	433.322
353	645.896	426.136
354	646.851	418.915
355	648.122	411.659
356	649.709	404.368
357	651.612	397.041
358	794.187	517.162
359	801.208	518.746
360	808.096	520.636
361	814.851	522.832
362	821.474	525.336
363	827.964	528.146
364	834.321	531.262
365	840.545	534.686
366	846.637	538.416
367	852.595	542.452
368	781.057	511.931
369	775.15	507.905
370	769.311	503.806
371	763.54	499.636
372	757.837	495.394
373	752.202	491.079
374	746.636	486.693
375	741.138	482.235
376	735.708	477.705
377	730.346	473.103
378	725.052	468.428
379	719.827	463.682
380	714.669	458.864
381	709.58	453.974
382	704.559	449.012
383	699.607	443.978
384	694.722	438.872
385	689.906	433.694
386	685.158	428.444
387	680.478	423.122
388	675.866	417.728
389	671.323	412.263
390	666.847	406.725
391	662.44	401.115
392	658.101	395.433
393	783.61	508.966
394	780.602	502.005
395	778.008	495.002
396	775.828	487.957
397	774.062	480.87
398	772.711	473.741
399	771.774	466.569
400	771.251	459.356
401	771.143	452.101
402	771.449	444.803
403	772.169	437.464
404	773.303	430.082
405	774.852	422.659
406	207.458	431.735
407	214.876	431.657
408	222.152	431.207
409	229.284	430.386
410	236.274	429.194
411	243.122	427.629
412	249.826	425.693
413	256.388	423.386
414	262.807	420.707
415	269.083	417.657
416	275.217	414.235
417	281.208	410.442
418	287.056	406.277
419	292.762	401.74
420	298.325	396.833
421	378.027	441.776
422	382.185	435.2
423	385.811	428.532
424	388.904	421.772
425	391.464	414.92
426	393.491	407.975
427	394.985	400.937
428	395.946	393.808
429	396.374	386.586
430	396.27	379.271
431	395.632	371.864
432	394.461	364.365
433	392.758	356.774
434	783.128	411.978
435	789.485	408.866
436	795.887	405.858
437	802.334	402.953
438	808.825	400.152
439	815.362	397.454
440	821.942	394.86
441	828.568	392.37
442	772.047	409.918
443	767.199	404.745
444	762.271	399.674
445	757.263	394.706
446	752.175	389.84
447	747.008	385.077
448	741.761	380.416
449	736.434	375.858
450	731.028	371.402
451	725.541	367.049
452	719.975	362.798
453	714.329	358.65
454	708.604	354.604
455	702.798	350.661
456	696.913	346.82
457	690.948	343.082
458	684.903	339.446
459	678.778	335.913
460	672.574	332.482
461	777.251	408.449
462	777.593	401.707
463	777.842	394.966
464	777.997	388.227
465	778.059	381.49
466	778.028	374.754
467	777.904	368.021
468	777.686	361.289
469	777.374	354.558
470	776.97	347.83
471	776.472	341.103
472	775.88	334.378
473	837.475	382.099
474	840.279	374.791
475	843.651	368.058
476	847.591	361.901
477	852.098	356.318
478	857.173	351.311
479	862.815	346.879
480	869.025	343.022
481	875.802	339.74
482	883.147	337.034
483	63.2983	341.046
484	60.9617	334.217
485	58.8246	327.377
486	56.8871	320.528
487	55.1491	313.669
488	53.6107	306.8
489	52.2718	299.921
490	51.1324	293.033
491	50.1925	286.135
492	49.4522	279.226
493	48.9114	272.308
494	48.5702	265.381
495	48.4285	258.443
496	48.4863	251.496
497	48.7436	244.538
498	49.2005	237.571
499	49.8569	230.594
500	50.7129	223.607
501	51.7684	216.611
502	53.0234	209.604
503	54.4779	202.588
504	56.132	195.562
505	66.6169	340.039
506	67.6713	332.385
507	68.9978	324.905
508	70.5963	317.598
509	72.4667	310.464
510	74.6092	303.504
511	77.0237	296.718
512	79.7102	290.104
513	82.6686	283.665
514	85.8991	277.398
515	89.4016	271.306
516	93.176	265.386
517	97.2225	259.64
518	101.541	254.068
519	106.131	248.669
520	110.994	243.443
521	116.128	238.391
522	121.535	233.512
523	127.213	228.807
524	133.164	224.275
525	139.386	219.916
526	145.881	215.731
527	206.372	318.612
528	213.28	321.017
529	220.233	323.16
530	227.231	325.04
531	234.275	326.658
532	241.363	328.012
533	248.497	329.104
534	255.677	329.933
535	262.901	330.5
536	270.171	330.803
537	277.485	330.844
538	292.384	329.027
539	299.853	327.836
540	307.25	327.049
541	314.578	326.666
542	321.834	326.686
543	329.02	327.11
544	336.136	327.938
545	343.181	329.169
546	350.156	330.804
547	357.06	332.842
548	363.893	335.284
549	370.656	338.13
550	377.348	341.38
551	383.97	345.033
552	285.716	322.97
553	286.071	315.52
554	285.912	308.27
555	285.238	301.221
556	284.049	294.373
557	282.346	287.726
558	280.127	281.28
559	277.394	275.035
560	274.145	268.99
561	270.382	263.147
562	266.104	257.504
563	261.312	252.063
564	256.004	246.822
565	396.664	343.707
566	402.965	339.005
567	409.426	334.984
568	416.045	331.645
569	422.823	328.987
570	429.76	327.011
571	436.856	325.716
572	444.11	325.102
573	451.524	325.17
574	459.096	325.919
575	466.827	327.35
576	543.406	337.187
577	547.163	330.965
578	550.736	324.667
579	554.127	318.293
580	557.334	311.844
581	560.358	305.319
582	563.199	298.718
583	565.857	292.041
584	568.332	285.288
585	570.624	278.459
586	572.733	271.555
587	574.658	264.575
588	576.401	257.519
589	661.527	322.881
590	657.259	316.516
591	653.485	310.057
592	650.205	303.506
593	647.419	296.861
594	645.128	290.124
595	643.331	283.293
596	642.028	276.369
597	641.219	269.353
598	640.905	262.243
599	641.085	255.041
600	641.759	247.745
601	642.927	240.356
602	644.59	232.875
603	776.379	320.969
604	777.646	314.306
605	778.996	307.664
606	780.43	301.043
607	781.947	294.443
608	783.546	287.865
609	785.229	281.308
610	786.996	274.773
611	788.845	268.259
612	790.778	261.766
613	792.794	255.295
614	794.893	248.845
615	889.372	327.713
616	887.932	320.543
617	886.742	313.392
618	885.799	306.26
619	885.106	299.148
620	884.661	292.056
621	884.465	284.983
622	884.517	277.929
623	884.818	270.895
624	885.367	263.881
625	886.165	256.886
626	887.212	249.91
627	888.507	242.954
628	890.051	236.017
629	891.844	229.1
630	893.885	222.202
631	896.175	215.324
632	898.713	208.465
633	256.967	243.408
634	263.763	244.875
635	270.569	246.183
636	277.385	247.332
637	284.211	248.321
638	291.047	249.152
639	297.893	249.823
640	304.749	250.335
641	311.615	250.688
642	318.491	250.881
643	325.377	250.916
644	332.273	250.791
645	339.179	250.508
646	346.095	250.065
647	353.021	249.462
648	250.349	233.662
649	250.021	225.802
650	249.198	218.201
651	247.879	210.86
652	246.065	203.778
653	243.755	196.956
654	240.95	190.393
655	237.649	184.089
656	233.853	178.045
657	229.562	172.26
658	224.775	166.735
659	219.493	161.469
660	213.715	156.462
661	207.442	151.715
662	250.146	234.162
663	250.453	226.687
664	251.104	219.356
665	252.097	212.168
666	253.435	205.124
667	255.115	198.224
668	257.139	191.468
669	259.506	184.856
670	262.217	178.388
671	265.27	172.063
672	268.667	165.883
673	272.408	159.846
674	276.492	153.953
675	280.919	148.204
676	285.689	142.599
677	290.803	137.138
678	443.065	231.619
679	443.971	224.634
680	444.831	217.646
681	445.646	210.654
682	446.417	203.659
683	447.142	196.66
684	447.823	189.657
685	448.459	182.651
686	449.049	175.642
687	449.595	168.629
688	450.096	161.613
689	450.552	154.593
690	450.963	147.569
691	451.329	140.543
692	451.65	133.512
693	451.926	126.478
694	452.157	119.441
695	452.343	112.4
696	584.73	247.581
697	591.525	244.842
698	598.343	242.168
699	605.186	239.561
700	612.053	237.019
701	618.943	234.544
702	625.858	232.134
703	632.797	229.79
704	639.76	227.512
705	581.686	244.358
706	585.521	238.439
707	589.466	232.629
708	593.52	226.928
709	597.683	221.336
710	601.955	215.853
711	606.337	210.48
712	610.829	205.216
713	615.429	200.06
714	620.139	195.014
715	624.959	190.078
716	629.888	185.25
717	634.926	180.532
718	640.073	175.922
719	645.33	171.422
720	650.696	167.031
721	656.172	162.749
722	661.756	158.577
723	667.451	154.513
724	673.254	150.559
725	679.167	146.714
726	653.724	224.809
727	660.688	224.439
728	667.638	224.19
729	674.574	224.062
730	681.497	224.054
731	688.406	224.168
732	695.301	224.402
733	702.182	224.757
734	709.05	225.233
735	715.903	225.83
736	722.743	226.547
737	729.57	227.386
738	736.382	228.345
739	743.181	229.425
740	749.966	230.626
741	756.737	231.948
742	763.495	233.39
743	770.238	234.954
744	776.968	236.638
745	783.684	238.443
746	790.387	240.369
747	803.912	240.66
748	810.707	238.798
749	817.461	236.83
750	824.173	234.757
751	830.844	232.578
752	837.474	230.293
753	844.063	227.902
754	850.61	225.405
755	857.116	222.803
756	863.58	220.095
757	870.003	217.281
758	876.385	214.362
759	882.726	211.336
760	889.025	208.205
761	895.283	204.968
762	92.646	137.048
763	88.852	130.425
764	85.6614	123.76
765	83.0743	117.053
766	81.0906	110.305
767	79.7104	103.514
768	78.9336	96.6817
769	78.7603	89.8075
770	79.1905	82.8916
771	80.2241	75.9338
772	81.8612	68.9341
773	84.1018	61.8927
774	86.9458	54.8094
775	207.062	143.406
776	213.519	140.004
777	220.043	137.021
778	226.634	134.455
779	233.293	132.309
780	240.02	130.581
781	246.814	129.271
782	253.675	128.38
783	260.604	127.907
784	267.6	127.852
785	274.664	128.217
786	281.795	128.999
787	288.993	130.2
788	196.321	141.329
789	192.128	135.365
790	188.095	129.333
791	184.219	123.235
792	180.503	117.07
793	176.946	110.838
794	173.548	104.539
795	170.309	98.173
796	167.228	91.7403
797	164.307	85.2408
798	161.544	78.6745
799	158.941	72.0413
800	156.496	65.3412
801	154.21	58.5742
802	152.083	51.7404
803	150.116	44.8397
804	148.307	37.8722
805	146.656	30.8378
806	145.165	23.7366
807	143.833	16.5685
808	354.061	131.639
809	361.132	131.983
810	368.13	132.028
811	375.055	131.773
812	381.908	131.219
813	388.687	130.365
814	395.394	129.212
815	402.029	127.759
816	408.59	126.007
817	415.079	123.955
818	421.495	121.604
819	427.839	118.953
820	434.109	116.003
821	440.307	112.753
822	446.432	109.204
823	349.99	124.461
824	352.956	117.894
825	355.818	111.294
826	358.574	104.662
827	361.225	97.9962
828	363.77	91.2981
829	366.211	84.5672
830	368.545	77.8035
831	370.775	71.0071
832	372.899	64.1779
833	374.918	57.316
834	376.832	50.4213
835	378.64	43.4938
836	380.343	36.5336
837	381.941	29.5407
838	383.433	22.5149
839	384.82	15.4564
840	386.102	8.3652
841	457.808	100.231
842	462.767	94.8596
843	467.363	89.2422
844	471.594	83.3786
845	475.462	77.2688
846	478.965	70.9128
847	482.104	64.3106
848	684.491	135.84
849	683.852	128.701
850	683.271	121.561
851	682.748	114.42
852	682.284	107.277
853	681.879	100.133
854	681.532	92.9886
855	681.244	85.8426
856	681.014	78.6954
857	680.843	71.5471
858	680.73	64.3976
859	680.676	57.247
860	680.68	50.0952
861	680.743	42.9422
862	680.865	35.7881
863	681.045	28.6328
864	681.283	21.4763
865	681.58	14.3187
866	681.936	7.15994
867	752.798	135.699
868	759.68	133.571
869	766.546	131.399
870	773.395	129.182
871	780.229	126.922
872	787.046	124.617
873	793.847	122.268
874	800.633	119.875
875	807.402	117.438
876	814.155	114.956
877	820.892	112.431
878	827.613	109.861
879	834.318	107.247
880	841.007	104.589
881	847.679	101.886
882	854.336	99.1398
883	860.977	96.3491
884	747.553	130.796
885	748.981	123.821
886	750.184	116.857
887	751.164	109.906
888	751.92	102.967
889	752.452	96.0389
890	752.76	89.1231
891	752.844	82.2192
892	752.704	75.3271
893	752.34	68.4469
894	751.752	61.5785
895	750.94	54.722
896	749.904	47.8774
897	748.644	41.0446
898	747.16	34.2236
899	745.452	27.4145
900	743.519	20.6173
901	741.363	13.8319
902	869.507	86.788
903	871.43	80.0668
904	873.37	73.3505
905	875.327	66.6392
906	877.3	59.9328
907	879.291	53.2314
908	97.0338	44.5586
909	103.466	41.149
910	109.69	37.4555
911	115.706	33.4782
912	121.513	29.217
913	127.112	24.6719
914	132.503	19.843
915	137.686	14.7302
916	149.488	10.9384
917	156.327	12.4328
918	163.174	13.8166
919	170.032	15.0898
920	176.9	16.2525
921	183.777	17.3045
922	190.664	18.246
923	197.561	19.0769
924	204.467	19.7972
925	211.383	20.407
926	218.309	20.9061
927	225.245	21.2947
928	232.19	21.5727
929	239.145	21.7402
930	246.11	21.797
931	253.085	21.7433
932	260.07	21.579
933	267.064	21.3041
934	392.196	6.80743
935	397.272	12.1
936	402.505	17.119
937	407.896	21.8642
938	413.444	26.3358
939	419.15	30.5338
940	425.013	34.4581
941	431.035	38.1087
942	437.214	41.4857
943	443.55	44.589
944	450.044	47.4187
945	456.696	49.9747
946	463.505	52.257
947	470.472	54.2657
948	477.597	56.0007
949	492.741	57.7107
950	500.146	57.0198
951	507.096	55.3893
952	513.591	52.8194
953	519.629	49.31
954	525.212	44.861
955	530.339	39.4726
956	541.938	32.6635
957	548.844	32.0847
958	555.728	31.4083
959	562.59	30.6342
960	569.43	29.7625
961	576.248	28.793
962	583.044	27.7259
963	589.818	26.5612
964	596.571	25.2988
965	603.301	23.9387
966	610.009	22.481
967	616.695	20.9255
968	623.36	19.2725
969	630.002	17.5217
970	636.622	15.6733
971	643.221	13.7273
972	649.797	11.6836
973	656.352	9.54218
974	662.884	7.30313
975	669.395	4.96642
976	675.883	2.53204
