NOMBRE : MTLARP9_10_5_2.dat
VERTICES ORIGINALES : 78
VERTICES TOTALES : 1184
DEPOTS : 5
74
75
76
77
78
LINEAS ORIGINALES : 74
LINE 1 8 155.363 14
	79 11.6456
	80 11.3977
	81 11.187
	82 11.0155
	83 10.8851
	84 10.7973
	85 10.7532
	86 10.7532
	87 10.7973
	88 10.8851
	89 11.0155
	90 11.187
	91 11.3977
	8 11.6456
LINE 2 9 175.389 15
	92 12.4358
	93 12.1258
	94 11.8572
	95 11.6329
	96 11.4553
	97 11.3268
	98 11.249
	99 11.2229
	100 11.249
	101 11.3268
	102 11.4553
	103 11.6329
	104 11.8572
	105 12.1258
	9 12.4358
LINE 3 4 165.4 15
	106 11.5792
	107 11.3475
	108 11.1476
	109 10.9814
	110 10.8503
	111 10.7558
	112 10.6986
	113 10.6795
	114 10.6986
	115 10.7558
	116 10.8503
	117 10.9814
	118 11.1476
	119 11.3475
	4 11.5792
LINE 3 9 179.682 16
	120 11.4098
	121 11.3384
	122 11.2769
	123 11.2254
	124 11.184
	125 11.1529
	126 11.1321
	127 11.1217
	128 11.1217
	129 11.1321
	130 11.1529
	131 11.184
	132 11.2254
	133 11.2769
	134 11.3384
	9 11.4098
LINE 3 10 116.142 10
	135 11.9923
	136 11.743
	137 11.5526
	138 11.4239
	139 11.359
	140 11.359
	141 11.4239
	142 11.5526
	143 11.743
	10 11.9923
LINE 4 11 214.802 19
	144 11.7998
	145 11.6383
	146 11.4939
	147 11.3673
	148 11.2591
	149 11.1697
	150 11.0997
	151 11.0495
	152 11.0192
	153 11.0091
	154 11.0192
	155 11.0495
	156 11.0997
	157 11.1697
	158 11.2591
	159 11.3673
	160 11.4939
	161 11.6383
	11 11.7998
LINE 4 12 286.291 25
	162 12.183
	163 12.0058
	164 11.8417
	165 11.6912
	166 11.5549
	167 11.4333
	168 11.3269
	169 11.236
	170 11.1611
	171 11.1025
	172 11.0605
	173 11.0352
	174 11.0267
	175 11.0352
	176 11.0605
	177 11.1025
	178 11.1611
	179 11.236
	180 11.3269
	181 11.4333
	182 11.5549
	183 11.6912
	184 11.8417
	185 12.0058
	12 12.183
LINE 5 6 56.253 5
	186 11.3907
	187 11.1808
	188 11.1099
	189 11.1808
	6 11.3907
LINE 7 16 159.66 14
	190 11.7286
	191 11.5807
	192 11.456
	193 11.3552
	194 11.279
	195 11.228
	196 11.2024
	197 11.2024
	198 11.228
	199 11.279
	200 11.3552
	201 11.456
	202 11.5807
	16 11.7286
LINE 10 18 222.715 20
	203 11.7763
	204 11.5794
	205 11.4015
	206 11.2436
	207 11.1064
	208 10.9908
	209 10.8974
	210 10.8268
	211 10.7795
	212 10.7558
	213 10.7558
	214 10.7795
	215 10.8268
	216 10.8974
	217 10.9908
	218 11.1064
	219 11.2436
	220 11.4015
	221 11.5794
	18 11.7763
LINE 10 19 252.135 22
	222 12.0465
	223 11.8831
	224 11.7342
	225 11.6002
	226 11.4817
	227 11.3792
	228 11.293
	229 11.2236
	230 11.1712
	231 11.1362
	232 11.1186
	233 11.1186
	234 11.1362
	235 11.1712
	236 11.2236
	237 11.293
	238 11.3792
	239 11.4817
	240 11.6002
	241 11.7342
	242 11.8831
	19 12.0465
LINE 11 12 225.169 20
	243 12.1273
	244 11.8626
	245 11.6222
	246 11.4078
	247 11.2207
	248 11.0624
	249 10.9341
	250 10.8369
	251 10.7716
	252 10.7388
	253 10.7388
	254 10.7716
	255 10.8369
	256 10.9341
	257 11.0624
	258 11.2207
	259 11.4078
	260 11.6222
	261 11.8626
	12 12.1273
LINE 11 19 135.541 12
	262 11.716
	263 11.4897
	264 11.3054
	265 11.1652
	266 11.0708
	267 11.0232
	268 11.0232
	269 11.0708
	270 11.1652
	271 11.3054
	272 11.4897
	19 11.716
LINE 11 20 177.979 16
	273 11.1351
	274 11.1305
	275 11.1266
	276 11.1233
	277 11.1207
	278 11.1188
	279 11.1175
	280 11.1168
	281 11.1168
	282 11.1175
	283 11.1188
	284 11.1207
	285 11.1233
	286 11.1266
	287 11.1305
	20 11.1351
LINE 12 20 117.156 10
	288 12.3336
	289 11.9291
	290 11.6165
	291 11.4033
	292 11.2952
	293 11.2952
	294 11.4033
	295 11.6165
	296 11.9291
	20 12.3336
LINE 13 14 161.767 15
	297 10.7935
	298 10.7896
	299 10.7863
	300 10.7836
	301 10.7815
	302 10.78
	303 10.7791
	304 10.7788
	305 10.7791
	306 10.78
	307 10.7815
	308 10.7836
	309 10.7863
	310 10.7896
	14 10.7935
LINE 15 16 145.473 13
	311 11.1927
	312 11.1915
	313 11.1905
	314 11.1897
	315 11.1891
	316 11.1888
	317 11.1887
	318 11.1888
	319 11.1891
	320 11.1897
	321 11.1905
	322 11.1915
	16 11.1927
LINE 17 24 143.931 12
	323 12.9841
	324 12.4612
	325 12.0266
	326 11.69
	327 11.4601
	328 11.3434
	329 11.3434
	330 11.4601
	331 11.69
	332 12.0266
	333 12.4612
	24 12.9841
LINE 18 19 150.641 13
	334 12.2198
	335 11.9107
	336 11.6517
	337 11.4462
	338 11.2972
	339 11.2068
	340 11.1765
	341 11.2068
	342 11.2972
	343 11.4462
	344 11.6517
	345 11.9107
	19 12.2198
LINE 18 28 134.08 12
	346 11.6889
	347 11.4127
	348 11.1869
	349 11.0145
	350 10.898
	351 10.8393
	352 10.8393
	353 10.898
	354 11.0145
	355 11.1869
	356 11.4127
	28 11.6889
LINE 19 20 137.873 13
	357 10.7874
	358 10.6972
	359 10.6227
	360 10.5644
	361 10.5226
	362 10.4975
	363 10.4891
	364 10.4975
	365 10.5226
	366 10.5644
	367 10.6227
	368 10.6972
	20 10.7874
LINE 20 28 222.207 19
	369 12.7021
	370 12.3795
	371 12.0876
	372 11.8288
	373 11.6053
	374 11.4192
	375 11.2724
	376 11.1663
	377 11.1021
	378 11.0807
	379 11.1021
	380 11.1663
	381 11.2724
	382 11.4192
	383 11.6053
	384 11.8288
	385 12.0876
	386 12.3795
	28 12.7021
LINE 21 29 284.272 26
	387 11.1547
	388 11.1022
	389 11.0538
	390 11.0096
	391 10.9697
	392 10.9341
	393 10.9029
	394 10.876
	395 10.8536
	396 10.8356
	397 10.8221
	398 10.8131
	399 10.8086
	400 10.8086
	401 10.8131
	402 10.8221
	403 10.8356
	404 10.8536
	405 10.876
	406 10.9029
	407 10.9341
	408 10.9697
	409 11.0096
	410 11.0538
	411 11.1022
	29 11.1547
LINE 22 30 212.46 19
	412 11.2933
	413 11.2564
	414 11.2238
	415 11.1954
	416 11.1713
	417 11.1516
	418 11.1362
	419 11.1253
	420 11.1187
	421 11.1165
	422 11.1187
	423 11.1253
	424 11.1362
	425 11.1516
	426 11.1713
	427 11.1954
	428 11.2238
	429 11.2564
	30 11.2933
LINE 22 31 212.857 19
	430 11.4658
	431 11.3792
	432 11.3022
	433 11.235
	434 11.1779
	435 11.1309
	436 11.0942
	437 11.068
	438 11.0522
	439 11.0469
	440 11.0522
	441 11.068
	442 11.0942
	443 11.1309
	444 11.1779
	445 11.235
	446 11.3022
	447 11.3792
	31 11.4658
LINE 23 33 222.358 20
	448 11.751
	449 11.5563
	450 11.3805
	451 11.2244
	452 11.0888
	453 10.9746
	454 10.8823
	455 10.8126
	456 10.7659
	457 10.7425
	458 10.7425
	459 10.7659
	460 10.8126
	461 10.8823
	462 10.9746
	463 11.0888
	464 11.2244
	465 11.3805
	466 11.5563
	33 11.751
LINE 24 34 235.11 22
	467 10.758
	468 10.7377
	469 10.7195
	470 10.7032
	471 10.6889
	472 10.6767
	473 10.6665
	474 10.6583
	475 10.6522
	476 10.6481
	477 10.646
	478 10.646
	479 10.6481
	480 10.6522
	481 10.6583
	482 10.6665
	483 10.6767
	484 10.6889
	485 10.7032
	486 10.7195
	487 10.7377
	34 10.758
LINE 25 35 214.561 19
	488 12.0202
	489 11.7848
	490 11.5731
	491 11.3865
	492 11.2261
	493 11.0932
	494 10.9887
	495 10.9134
	496 10.868
	497 10.8529
	498 10.868
	499 10.9134
	500 10.9887
	501 11.0932
	502 11.2261
	503 11.3865
	504 11.5731
	505 11.7848
	35 12.0202
LINE 26 27 242.185 21
	506 12.5481
	507 12.2558
	508 11.9882
	509 11.747
	510 11.5339
	511 11.3505
	512 11.1982
	513 11.0783
	514 10.9918
	515 10.9396
	516 10.9222
	517 10.9396
	518 10.9918
	519 11.0783
	520 11.1982
	521 11.3505
	522 11.5339
	523 11.747
	524 11.9882
	525 12.2558
	27 12.5481
LINE 26 35 178.913 16
	526 11.1942
	527 11.1894
	528 11.1852
	529 11.1817
	530 11.179
	531 11.1769
	532 11.1755
	533 11.1748
	534 11.1748
	535 11.1755
	536 11.1769
	537 11.179
	538 11.1817
	539 11.1852
	540 11.1894
	35 11.1942
LINE 28 29 240.174 22
	541 11.2979
	542 11.1909
	543 11.0937
	544 11.0066
	545 10.9298
	546 10.8635
	547 10.808
	548 10.7634
	549 10.7298
	550 10.7073
	551 10.6961
	552 10.6961
	553 10.7073
	554 10.7298
	555 10.7634
	556 10.808
	557 10.8635
	558 10.9298
	559 11.0066
	560 11.0937
	561 11.1909
	29 11.2979
LINE 28 36 196.095 18
	562 11.379
	563 11.2113
	564 11.0625
	565 10.9334
	566 10.8246
	567 10.7367
	568 10.6704
	569 10.6259
	570 10.6036
	571 10.6036
	572 10.6259
	573 10.6704
	574 10.7367
	575 10.8246
	576 10.9334
	577 11.0625
	578 11.2113
	36 11.379
LINE 29 30 147.725 14
	579 10.5518
	580 10.5518
	581 10.5518
	582 10.5518
	583 10.5518
	584 10.5518
	585 10.5518
	586 10.5518
	587 10.5518
	588 10.5518
	589 10.5518
	590 10.5518
	591 10.5518
	30 10.5518
LINE 29 37 85.8826 8
	592 10.9567
	593 10.7681
	594 10.6404
	595 10.5761
	596 10.5761
	597 10.6404
	598 10.7681
	37 10.9567
LINE 30 38 146.733 13
	599 11.6592
	600 11.4756
	601 11.3232
	602 11.2033
	603 11.1168
	604 11.0646
	605 11.0471
	606 11.0646
	607 11.1168
	608 11.2033
	609 11.3232
	610 11.4756
	38 11.6592
LINE 30 39 300.207 27
	611 11.5097
	612 11.421
	613 11.3389
	614 11.2634
	615 11.1946
	616 11.1327
	617 11.0778
	618 11.03
	619 10.9894
	620 10.956
	621 10.93
	622 10.9114
	623 10.9002
	624 10.8965
	625 10.9002
	626 10.9114
	627 10.93
	628 10.956
	629 10.9894
	630 11.03
	631 11.0778
	632 11.1327
	633 11.1946
	634 11.2634
	635 11.3389
	636 11.421
	39 11.5097
LINE 31 39 163.678 15
	637 10.9262
	638 10.9201
	639 10.9149
	640 10.9106
	641 10.9073
	642 10.905
	643 10.9036
	644 10.9031
	645 10.9036
	646 10.905
	647 10.9073
	648 10.9106
	649 10.9149
	650 10.9201
	39 10.9262
LINE 32 33 195.75 17
	651 12.0782
	652 11.8715
	653 11.6894
	654 11.533
	655 11.4035
	656 11.3018
	657 11.2285
	658 11.1843
	659 11.1696
	660 11.1843
	661 11.2285
	662 11.3018
	663 11.4035
	664 11.533
	665 11.6894
	666 11.8715
	33 12.0782
LINE 32 39 167.758 15
	667 11.1906
	668 11.1877
	669 11.1853
	670 11.1833
	671 11.1817
	672 11.1806
	673 11.18
	674 11.1798
	675 11.18
	676 11.1806
	677 11.1817
	678 11.1833
	679 11.1853
	680 11.1877
	39 11.1906
LINE 32 40 126.169 11
	681 12.0818
	682 11.7219
	683 11.4341
	684 11.2241
	685 11.0961
	686 11.0531
	687 11.0961
	688 11.2241
	689 11.4341
	690 11.7219
	40 12.0818
LINE 33 41 112.119 10
	691 11.4914
	692 11.3067
	693 11.1661
	694 11.0714
	695 11.0237
	696 11.0237
	697 11.0714
	698 11.1661
	699 11.3067
	41 11.4914
LINE 34 35 159.037 15
	700 10.6752
	701 10.6441
	702 10.6177
	703 10.5961
	704 10.5792
	705 10.5672
	706 10.56
	707 10.5575
	708 10.56
	709 10.5672
	710 10.5792
	711 10.5961
	712 10.6177
	713 10.6441
	35 10.6752
LINE 35 42 143.106 13
	714 11.8084
	715 11.4199
	716 11.0919
	717 10.8299
	718 10.6388
	719 10.5225
	720 10.4834
	721 10.5225
	722 10.6388
	723 10.8299
	724 11.0919
	725 11.4199
	42 11.8084
LINE 36 44 217.884 20
	726 10.9406
	727 10.926
	728 10.913
	729 10.9016
	730 10.8918
	731 10.8836
	732 10.8771
	733 10.8722
	734 10.8689
	735 10.8672
	736 10.8672
	737 10.8689
	738 10.8722
	739 10.8771
	740 10.8836
	741 10.8918
	742 10.9016
	743 10.913
	744 10.926
	44 10.9406
LINE 37 44 269.978 25
	745 10.952
	746 10.914
	747 10.8793
	748 10.8477
	749 10.8194
	750 10.7944
	751 10.7727
	752 10.7542
	753 10.7391
	754 10.7274
	755 10.719
	756 10.7139
	757 10.7122
	758 10.7139
	759 10.719
	760 10.7274
	761 10.7391
	762 10.7542
	763 10.7727
	764 10.7944
	765 10.8194
	766 10.8477
	767 10.8793
	768 10.914
	44 10.952
LINE 38 46 183.852 17
	769 11.222
	770 11.0719
	771 10.9401
	772 10.8273
	773 10.7342
	774 10.6612
	775 10.6087
	776 10.5771
	777 10.5666
	778 10.5771
	779 10.6087
	780 10.6612
	781 10.7342
	782 10.8273
	783 10.9401
	784 11.0719
	46 11.222
LINE 40 48 154.478 14
	785 11.6582
	786 11.3769
	787 11.1371
	788 10.9414
	789 10.7924
	790 10.6918
	791 10.6412
	792 10.6412
	793 10.6918
	794 10.7924
	795 10.9414
	796 11.1371
	797 11.3769
	48 11.6582
LINE 43 52 192.682 17
	798 12.0294
	799 11.7758
	800 11.5514
	801 11.3582
	802 11.1976
	803 11.0711
	804 10.9798
	805 10.9247
	806 10.9062
	807 10.9247
	808 10.9798
	809 11.0711
	810 11.1976
	811 11.3582
	812 11.5514
	813 11.7758
	52 12.0294
LINE 43 53 126.659 11
	814 11.8188
	815 11.638
	816 11.4954
	817 11.3925
	818 11.3303
	819 11.3095
	820 11.3303
	821 11.3925
	822 11.4954
	823 11.638
	53 11.8188
LINE 45 46 223.362 21
	824 10.6523
	825 10.6475
	826 10.6432
	827 10.6394
	828 10.6361
	829 10.6333
	830 10.631
	831 10.6292
	832 10.628
	833 10.6272
	834 10.627
	835 10.6272
	836 10.628
	837 10.6292
	838 10.631
	839 10.6333
	840 10.6361
	841 10.6394
	842 10.6432
	843 10.6475
	46 10.6523
LINE 45 55 89.0732 8
	844 11.1548
	845 11.1371
	846 11.1253
	847 11.1194
	848 11.1194
	849 11.1253
	850 11.1371
	55 11.1548
LINE 46 56 210.503 19
	851 11.7285
	852 11.5179
	853 11.3287
	854 11.1622
	855 11.0193
	856 10.901
	857 10.8081
	858 10.7413
	859 10.701
	860 10.6875
	861 10.701
	862 10.7413
	863 10.8081
	864 10.901
	865 11.0193
	866 11.1622
	867 11.3287
	868 11.5179
	56 11.7285
LINE 47 48 115.29 10
	869 11.7583
	870 11.6065
	871 11.4914
	872 11.4139
	873 11.375
	874 11.375
	875 11.4139
	876 11.4914
	877 11.6065
	48 11.7583
LINE 47 57 67.6254 6
	878 11.3715
	879 11.251
	880 11.1903
	881 11.1903
	882 11.251
	57 11.3715
LINE 49 58 267.652 23
	883 12.5477
	884 12.3085
	885 12.088
	886 11.8872
	887 11.7072
	888 11.549
	889 11.4133
	890 11.3011
	891 11.2131
	892 11.1498
	893 11.1116
	894 11.0989
	895 11.1116
	896 11.1498
	897 11.2131
	898 11.3011
	899 11.4133
	900 11.549
	901 11.7072
	902 11.8872
	903 12.088
	904 12.3085
	58 12.5477
LINE 49 59 167.025 15
	905 11.4796
	906 11.3339
	907 11.2091
	908 11.1059
	909 11.0251
	910 10.9669
	911 10.9319
	912 10.9202
	913 10.9319
	914 10.9669
	915 11.0251
	916 11.1059
	917 11.2091
	918 11.3339
	59 11.4796
LINE 50 51 127.648 11
	919 12.0024
	920 11.7666
	921 11.5799
	922 11.4447
	923 11.3628
	924 11.3353
	925 11.3628
	926 11.4447
	927 11.5799
	928 11.7666
	51 12.0024
LINE 50 60 162.897 14
	929 12.2032
	930 11.9465
	931 11.7283
	932 11.5508
	933 11.4158
	934 11.3249
	935 11.2792
	936 11.2792
	937 11.3249
	938 11.4158
	939 11.5508
	940 11.7283
	941 11.9465
	60 12.2032
LINE 51 52 147.327 13
	942 12.1943
	943 11.7766
	944 11.4235
	945 11.1411
	946 10.935
	947 10.8094
	948 10.7672
	949 10.8094
	950 10.935
	951 11.1411
	952 11.4235
	953 11.7766
	52 12.1943
LINE 51 62 218.747 20
	954 11.2551
	955 11.1561
	956 11.0674
	957 10.9892
	958 10.9217
	959 10.8652
	960 10.8197
	961 10.7855
	962 10.7626
	963 10.7511
	964 10.7511
	965 10.7626
	966 10.7855
	967 10.8197
	968 10.8652
	969 10.9217
	970 10.9892
	971 11.0674
	972 11.1561
	62 11.2551
LINE 53 63 162.278 14
	973 12.2561
	974 11.9566
	975 11.7011
	976 11.4926
	977 11.3337
	978 11.2265
	979 11.1726
	980 11.1726
	981 11.2265
	982 11.3337
	983 11.4926
	984 11.7011
	985 11.9566
	63 12.2561
LINE 53 64 220.918 20
	986 11.3577
	987 11.2605
	988 11.1735
	989 11.0967
	990 11.0305
	991 10.9751
	992 10.9305
	993 10.8969
	994 10.8745
	995 10.8633
	996 10.8633
	997 10.8745
	998 10.8969
	999 10.9305
	1000 10.9751
	1001 11.0305
	1002 11.0967
	1003 11.1735
	1004 11.2605
	64 11.3577
LINE 54 55 212.826 19
	1005 11.2912
	1006 11.2614
	1007 11.235
	1008 11.2121
	1009 11.1927
	1010 11.1767
	1011 11.1643
	1012 11.1555
	1013 11.1502
	1014 11.1484
	1015 11.1502
	1016 11.1555
	1017 11.1643
	1018 11.1767
	1019 11.1927
	1020 11.2121
	1021 11.235
	1022 11.2614
	55 11.2912
LINE 55 56 172.595 16
	1023 10.9508
	1024 10.8858
	1025 10.8297
	1026 10.7828
	1027 10.7452
	1028 10.7168
	1029 10.6979
	1030 10.6884
	1031 10.6884
	1032 10.6979
	1033 10.7168
	1034 10.7452
	1035 10.7828
	1036 10.8297
	1037 10.8858
	56 10.9508
LINE 55 66 274.379 25
	1038 10.9752
	1039 10.9752
	1040 10.9752
	1041 10.9752
	1042 10.9752
	1043 10.9752
	1044 10.9752
	1045 10.9752
	1046 10.9752
	1047 10.9752
	1048 10.9752
	1049 10.9752
	1050 10.9752
	1051 10.9752
	1052 10.9752
	1053 10.9752
	1054 10.9752
	1055 10.9752
	1056 10.9752
	1057 10.9752
	1058 10.9752
	1059 10.9752
	1060 10.9752
	1061 10.9752
	66 10.9752
LINE 57 67 207.455 19
	1062 11.1612
	1063 11.0812
	1064 11.0101
	1065 10.9482
	1066 10.8955
	1067 10.8521
	1068 10.8183
	1069 10.7941
	1070 10.7796
	1071 10.7747
	1072 10.7796
	1073 10.7941
	1074 10.8183
	1075 10.8521
	1076 10.8955
	1077 10.9482
	1078 11.0101
	1079 11.0812
	67 11.1612
LINE 58 59 135.198 12
	1080 11.3611
	1081 11.3097
	1082 11.2684
	1083 11.2373
	1084 11.2166
	1085 11.2062
	1086 11.2062
	1087 11.2166
	1088 11.2373
	1089 11.2684
	1090 11.3097
	59 11.3611
LINE 58 68 248.055 22
	1091 11.5304
	1092 11.4583
	1093 11.393
	1094 11.3346
	1095 11.2833
	1096 11.2392
	1097 11.2022
	1098 11.1726
	1099 11.1503
	1100 11.1354
	1101 11.128
	1102 11.128
	1103 11.1354
	1104 11.1503
	1105 11.1726
	1106 11.2022
	1107 11.2392
	1108 11.2833
	1109 11.3346
	1110 11.393
	1111 11.4583
	68 11.5304
LINE 60 69 171.798 16
	1112 10.7447
	1113 10.7418
	1114 10.7393
	1115 10.7372
	1116 10.7355
	1117 10.7342
	1118 10.7334
	1119 10.733
	1120 10.733
	1121 10.7334
	1122 10.7342
	1123 10.7355
	1124 10.7372
	1125 10.7393
	1126 10.7418
	69 10.7447
LINE 61 70 191.564 18
	1127 10.7398
	1128 10.7056
	1129 10.6756
	1130 10.6497
	1131 10.6282
	1132 10.6109
	1133 10.5979
	1134 10.5893
	1135 10.5849
	1136 10.5849
	1137 10.5893
	1138 10.5979
	1139 10.6109
	1140 10.6282
	1141 10.6497
	1142 10.6756
	1143 10.7056
	70 10.7398
LINE 64 72 89.4632 8
	1144 11.1852
	1145 11.1832
	1146 11.1819
	1147 11.1813
	1148 11.1813
	1149 11.1819
	1150 11.1832
	72 11.1852
LINE 65 72 163.797 15
	1151 10.9592
	1152 10.9423
	1153 10.928
	1154 10.9163
	1155 10.9072
	1156 10.9007
	1157 10.8968
	1158 10.8955
	1159 10.8968
	1160 10.9007
	1161 10.9072
	1162 10.9163
	1163 10.928
	1164 10.9423
	72 10.9592
LINE 66 73 125.209 11
	1165 12.1925
	1166 11.7192
	1167 11.3375
	1168 11.0567
	1169 10.8848
	1170 10.8269
	1171 10.8848
	1172 11.0567
	1173 11.3375
	1174 11.7192
	73 12.1925
LINE 71 72 124.324 11
	1175 11.341
	1176 11.3177
	1177 11.2996
	1178 11.2866
	1179 11.2788
	1180 11.2762
	1181 11.2788
	1182 11.2866
	1183 11.2996
	1184 11.3177
	72 11.341
COORDENADAS :
1	160.255	810.81
2	288.251	845.157
3	338.802	796.966
4	440.208	830.464
5	591.876	823.085
6	628.892	824.223
7	928.413	818.274
8	164.111	710.573
9	230.293	749.051
10	334.94	721.393
11	429.522	691.425
12	572.214	702.6
13	648.114	725.08
14	754.735	709.254
15	841.511	726.825
16	937.649	714.157
17	61.5325	635.52
18	356.452	579.645
19	449.761	605.642
20	534.998	637.242
21	677.328	641.709
22	771.03	624.871
23	962.011	630.707
24	77.5996	546.326
25	158.606	504.758
26	233.85	542.655
27	383.483	511.164
28	433.605	540.19
29	579.294	482.068
30	655.164	544.858
31	730.74	490.869
32	840.787	487.513
33	967.375	487.614
34	169.277	419.936
35	274.318	430.538
36	490.093	426.21
37	546.892	435.95
38	652.47	449.154
39	780.073	393.638
40	837.937	406.507
41	938.683	419.998
42	239.691	346.539
43	339.315	306.05
44	447.277	287.787
45	539.868	282.566
46	679.979	332.602
47	787.67	279.453
48	857.401	309.175
49	982.105	311.624
50	60.6374	231.786
51	142.692	218.488
52	232.49	243.871
53	388.565	239.321
54	430.172	213.692
55	570.24	231.634
56	678.922	197.231
57	789.691	234.768
58	839.971	218.028
59	929.584	215.881
60	81.3231	128.62
61	127.681	130.551
62	264.733	143.324
63	387.286	135.114
64	447.377	106.975
65	559.729	83.01
66	671.635	79.389
67	879.798	132.262
68	941.379	90.1624
69	30.0243	26.2722
70	128.285	3.53984
71	374.848	35.1997
72	456.536	48.0496
73	670.486	0
74	892.544	359.008
75	494.125	23.3932
76	293.954	556.439
77	0	354.724
78	194.037	857.94
79	163.518	803.765
80	166.321	796.702
81	168.664	789.622
82	170.548	782.524
83	171.972	775.408
84	172.937	768.275
85	173.442	761.124
86	173.488	753.956
87	173.074	746.769
88	172.201	739.565
89	170.868	732.344
90	169.075	725.104
91	166.823	717.847
92	287.445	836.906
93	286.203	828.918
94	284.523	821.194
95	282.407	813.733
96	279.854	806.535
97	276.864	799.601
98	273.437	792.931
99	269.573	786.524
100	265.272	780.38
101	260.535	774.5
102	255.36	768.883
103	249.749	763.53
104	243.701	758.441
105	237.215	753.614
106	346.498	796.367
107	354.061	796.172
108	361.49	796.382
109	368.785	796.996
110	375.946	798.015
111	382.974	799.439
112	389.868	801.267
113	396.628	803.5
114	403.255	806.138
115	409.748	809.181
116	416.107	812.628
117	422.333	816.48
118	428.425	820.736
119	434.383	825.398
120	332.708	792.414
121	326.522	788.07
122	320.245	783.933
123	313.876	780.004
124	307.415	776.283
125	300.862	772.769
126	294.218	769.463
127	287.482	766.365
128	280.654	763.474
129	273.735	760.79
130	266.724	758.315
131	259.621	756.047
132	252.427	753.987
133	245.141	752.134
134	237.763	750.489
135	335.84	789.541
136	333.45	782.086
137	331.632	774.602
138	330.387	767.088
139	329.715	759.545
140	329.615	751.973
141	330.087	744.372
142	331.132	736.742
143	332.75	729.082
144	436.823	823.363
145	433.751	816.238
146	430.993	809.089
147	428.549	801.915
148	426.418	794.718
149	424.601	787.497
150	423.098	780.251
151	421.908	772.982
152	421.032	765.688
153	420.47	758.37
154	420.221	751.028
155	420.286	743.662
156	420.665	736.272
157	421.357	728.858
158	422.363	721.419
159	423.682	713.957
160	425.315	706.47
161	427.262	698.96
162	447.891	827.83
163	455.374	824.989
164	462.656	821.942
165	469.739	818.688
166	476.621	815.227
167	483.303	811.559
168	489.784	807.685
169	496.066	803.604
170	502.147	799.316
171	508.028	794.822
172	513.709	790.121
173	519.189	785.213
174	524.469	780.099
175	529.549	774.777
176	534.429	769.249
177	539.109	763.515
178	543.588	757.573
179	547.867	751.425
180	551.946	745.07
181	555.824	738.509
182	559.503	731.74
183	562.981	724.765
184	566.259	717.584
185	569.337	710.195
186	599.331	821.638
187	606.76	821.028
188	614.163	821.256
189	621.54	822.321
190	926.76	810.632
191	925.462	803.021
192	924.519	795.442
193	923.933	787.895
194	923.703	780.379
195	923.829	772.895
196	924.311	765.442
197	925.148	758.021
198	926.342	750.631
199	927.891	743.273
200	929.797	735.947
201	932.058	728.652
202	934.675	721.389
203	339.181	714.786
204	343.088	708.128
205	346.663	701.42
206	349.904	694.661
207	352.812	687.852
208	355.387	680.992
209	357.629	674.082
210	359.537	667.121
211	361.112	660.109
212	362.355	653.047
213	363.264	645.935
214	363.84	638.771
215	364.082	631.558
216	363.992	624.293
217	363.568	616.978
218	362.811	609.613
219	361.721	602.197
220	360.298	594.73
221	358.542	587.213
222	342.356	718.311
223	349.563	715.021
224	356.56	711.523
225	363.348	707.819
226	369.927	703.906
227	376.297	699.786
228	382.458	695.459
229	388.409	690.924
230	394.152	686.181
231	399.684	681.231
232	405.008	676.073
233	410.123	670.708
234	415.028	665.135
235	419.724	659.355
236	424.211	653.367
237	428.489	647.172
238	432.557	640.769
239	436.417	634.159
240	440.067	627.341
241	443.507	620.315
242	446.739	613.082
243	436.951	688.233
244	444.348	685.437
245	451.714	683.035
246	459.05	681.028
247	466.355	679.415
248	473.628	678.197
249	480.871	677.375
250	488.083	676.946
251	495.264	676.913
252	502.414	677.274
253	509.533	678.031
254	516.621	679.181
255	523.679	680.727
256	530.705	682.667
257	537.7	685.003
258	544.665	687.733
259	551.599	690.857
260	558.501	694.377
261	565.373	698.291
262	428.623	683.666
263	428.194	676.018
264	428.235	668.482
265	428.746	661.056
266	429.727	653.741
267	431.179	646.537
268	433.1	639.444
269	435.492	632.461
270	438.354	625.59
271	441.686	618.83
272	445.489	612.18
273	435.92	687.659
274	442.343	683.944
275	448.793	680.28
276	455.268	676.666
277	461.769	673.103
278	468.296	669.59
279	474.85	666.128
280	481.429	662.716
281	488.034	659.355
282	494.665	656.044
283	501.322	652.784
284	508.006	649.575
285	514.715	646.416
286	521.45	643.307
287	528.211	640.249
288	565.605	697.708
289	559.637	692.451
290	554.312	686.829
291	549.627	680.841
292	545.585	674.488
293	542.184	667.77
294	539.425	660.686
295	537.307	653.237
296	535.832	645.422
297	655.277	724.396
298	662.433	723.659
299	669.58	722.869
300	676.72	722.026
301	683.851	721.13
302	690.975	720.181
303	698.091	719.179
304	705.199	718.124
305	712.299	717.016
306	719.391	715.854
307	726.476	714.64
308	733.552	713.373
309	740.621	712.053
310	747.682	710.68
311	848.932	726.048
312	856.349	725.238
313	863.762	724.395
314	871.17	723.519
315	878.574	722.61
316	885.973	721.669
317	893.368	720.694
318	900.759	719.687
319	908.146	718.647
320	915.528	717.574
321	922.906	716.468
322	930.279	715.329
323	67.0337	628.837
324	71.7782	622.018
325	75.7658	615.062
326	78.9967	607.97
327	81.4708	600.741
328	83.1881	593.377
329	84.1487	585.876
330	84.3524	578.238
331	83.7994	570.465
332	82.4896	562.555
333	80.423	554.508
334	362.746	584.818
335	369.187	589.462
336	375.775	593.577
337	382.511	597.163
338	389.394	600.22
339	396.424	602.749
340	403.602	604.749
341	410.927	606.22
342	418.399	607.162
343	426.019	607.575
344	433.786	607.459
345	441.7	606.815
346	361.548	573.75
347	366.887	568.329
348	372.467	563.381
349	378.291	558.908
350	384.356	554.909
351	390.665	551.384
352	397.215	548.333
353	404.008	545.756
354	411.044	543.654
355	418.322	542.025
356	425.842	540.871
357	456.902	606.498
358	463.945	607.616
359	470.891	608.997
360	477.74	610.64
361	484.491	612.546
362	491.145	614.714
363	497.702	617.145
364	504.161	619.838
365	510.523	622.794
366	516.787	626.012
367	522.955	629.493
368	529.025	633.236
369	526.798	635.125
370	518.917	632.675
371	511.354	629.893
372	504.11	626.779
373	497.183	623.333
374	490.574	619.554
375	484.283	615.443
376	478.311	610.999
377	472.656	606.224
378	467.32	601.116
379	462.301	595.675
380	457.601	589.903
381	453.219	583.798
382	449.154	577.361
383	445.408	570.591
384	441.98	563.489
385	438.87	556.055
386	436.079	548.289
387	671.99	636.532
388	666.777	631.277
389	661.69	625.946
390	656.728	620.537
391	651.892	615.052
392	647.181	609.489
393	642.595	603.85
394	638.135	598.133
395	633.8	592.34
396	629.59	586.469
397	625.506	580.522
398	621.547	574.497
399	617.714	568.396
400	614.006	562.217
401	610.424	555.962
402	606.967	549.629
403	603.635	543.22
404	600.429	536.733
405	597.348	530.169
406	594.393	523.529
407	591.563	516.811
408	588.858	510.017
409	586.279	503.145
410	583.825	496.196
411	581.497	489.171
412	764.178	621.752
413	757.41	618.511
414	750.725	615.149
415	744.124	611.666
416	737.607	608.062
417	731.173	604.336
418	724.824	600.488
419	718.558	596.52
420	712.376	592.43
421	706.278	588.219
422	700.263	583.886
423	694.333	579.432
424	688.486	574.857
425	682.723	570.161
426	677.043	565.343
427	671.448	560.404
428	665.936	555.343
429	660.508	550.161
430	766.949	618.408
431	763.086	611.879
432	759.441	605.285
433	756.013	598.625
434	752.803	591.9
435	749.811	585.109
436	747.037	578.253
437	744.481	571.331
438	742.142	564.344
439	740.022	557.291
440	738.119	550.173
441	736.434	542.989
442	734.967	535.74
443	733.718	528.425
444	732.687	521.045
445	731.873	513.6
446	731.278	506.088
447	730.9	498.512
448	959.102	623.433
449	956.527	616.172
450	954.287	608.923
451	952.381	601.687
452	950.81	594.464
453	949.573	587.253
454	948.671	580.054
455	948.103	572.868
456	947.869	565.694
457	947.97	558.534
458	948.406	551.385
459	949.175	544.249
460	950.28	537.126
461	951.719	530.015
462	953.492	522.917
463	955.6	515.831
464	958.042	508.758
465	960.819	501.697
466	963.93	494.649
467	80.9302	539.974
468	84.3404	533.68
469	87.8304	527.444
470	91.4	521.265
471	95.0493	515.145
472	98.7782	509.082
473	102.587	503.077
474	106.475	497.13
475	110.443	491.24
476	114.491	485.408
477	118.618	479.635
478	122.825	473.918
479	127.112	468.26
480	131.478	462.66
481	135.924	457.117
482	140.45	451.632
483	145.055	446.205
484	149.74	440.835
485	154.505	435.524
486	159.349	430.27
487	164.273	425.074
488	166.556	503.751
489	174.299	502.422
490	181.836	500.771
491	189.166	498.798
492	196.289	496.503
493	203.206	493.885
494	209.916	490.946
495	216.42	487.684
496	222.716	484.1
497	228.807	480.193
498	234.69	475.965
499	240.367	471.414
500	245.837	466.541
501	251.1	461.346
502	256.157	455.829
503	261.008	449.99
504	265.651	443.828
505	270.088	437.344
506	240.128	537.126
507	246.49	531.999
508	252.936	527.276
509	259.468	522.955
510	266.085	519.038
511	272.786	515.523
512	279.572	512.411
513	286.443	509.703
514	293.399	507.397
515	300.439	505.495
516	307.565	503.995
517	314.775	502.899
518	322.07	502.205
519	329.45	501.914
520	336.914	502.027
521	344.464	502.542
522	352.098	503.461
523	359.817	504.782
524	367.621	506.506
525	375.509	508.634
526	235.965	535.499
527	238.136	528.362
528	240.361	521.245
529	242.642	514.148
530	244.978	507.071
531	247.369	500.013
532	249.815	492.976
533	252.317	485.959
534	254.874	478.962
535	257.486	471.984
536	260.153	465.027
537	262.876	458.089
538	265.653	451.172
539	268.486	444.274
540	271.375	437.396
541	439.327	535.293
542	445.135	530.61
543	451.029	526.142
544	457.009	521.889
545	463.074	517.851
546	469.225	514.028
547	475.461	510.419
548	481.783	507.026
549	488.191	503.847
550	494.685	500.882
551	501.265	498.133
552	507.93	495.599
553	514.68	493.279
554	521.517	491.174
555	528.439	489.284
556	535.447	487.609
557	542.54	486.148
558	549.72	484.903
559	556.985	483.872
560	564.335	483.056
561	571.772	482.454
562	434.273	532.634
563	435.231	525.221
564	436.48	517.953
565	438.02	510.828
566	439.85	503.848
567	441.971	497.011
568	444.383	490.319
569	447.085	483.771
570	450.078	477.367
571	453.361	471.106
572	456.936	464.99
573	460.8	459.018
574	464.956	453.19
575	469.402	447.506
576	474.139	441.966
577	479.166	436.57
578	484.484	431.318
579	584.704	486.564
580	590.116	491.058
581	595.529	495.551
582	600.943	500.042
583	606.359	504.531
584	611.776	509.018
585	617.195	513.504
586	622.615	517.988
587	628.036	522.471
588	633.459	526.952
589	638.883	531.431
590	644.309	535.908
591	649.736	540.384
592	573.666	477.412
593	568.488	472.439
594	563.762	467.149
595	559.486	461.543
596	555.662	455.62
597	552.288	449.38
598	549.365	442.823
599	657.441	537.426
600	659.304	530.006
601	660.753	522.598
602	661.788	515.201
603	662.409	507.816
604	662.616	500.442
605	662.409	493.08
606	661.787	485.73
607	660.752	478.392
608	659.303	471.065
609	657.439	463.75
610	655.162	456.446
611	661.696	540.831
612	668.081	536.683
613	674.319	532.414
614	680.411	528.023
615	686.356	523.512
616	692.155	518.88
617	697.807	514.127
618	703.312	509.252
619	708.671	504.257
620	713.884	499.14
621	718.95	493.903
622	723.869	488.544
623	728.642	483.064
624	733.268	477.463
625	737.748	471.742
626	742.081	465.899
627	746.268	459.935
628	750.308	453.85
629	754.201	447.644
630	757.948	441.317
631	761.549	434.869
632	765.002	428.3
633	768.31	421.609
634	771.47	414.798
635	774.485	407.866
636	777.352	400.813
637	734.451	484.602
638	738.102	478.303
639	741.692	471.974
640	745.222	465.614
641	748.692	459.224
642	752.101	452.803
643	755.451	446.352
644	758.74	439.869
645	761.968	433.357
646	765.136	426.813
647	768.244	420.24
648	771.292	413.635
649	774.28	407
650	777.207	400.334
651	848.231	490.583
652	855.675	493.27
653	863.12	495.574
654	870.565	497.495
655	878.01	499.033
656	885.455	500.188
657	892.901	500.96
658	900.347	501.349
659	907.793	501.355
660	915.24	500.977
661	922.687	500.217
662	930.134	499.074
663	937.582	497.548
664	945.03	495.639
665	952.478	493.347
666	959.926	490.672
667	836.464	481.433
668	832.18	475.328
669	827.935	469.197
670	823.73	463.04
671	819.565	456.858
672	815.438	450.651
673	811.351	444.418
674	807.304	438.16
675	803.296	431.876
676	799.327	425.567
677	795.397	419.232
678	791.507	412.872
679	787.657	406.486
680	783.845	400.075
681	837.278	480.263
682	834.418	472.991
683	832.209	465.695
684	830.65	458.377
685	829.741	451.035
686	829.482	443.671
687	829.873	436.284
688	830.914	428.874
689	832.605	421.441
690	834.946	413.986
691	966.51	480.002
692	965.199	472.579
693	963.443	465.345
694	961.242	458.3
695	958.595	451.444
696	955.503	444.777
697	951.966	438.299
698	947.984	432.009
699	943.556	425.909
700	176.385	419.594
701	183.479	419.403
702	190.557	419.361
703	197.62	419.468
704	204.668	419.726
705	211.701	420.133
706	218.719	420.69
707	225.722	421.397
708	232.71	422.254
709	239.682	423.26
710	246.64	424.416
711	253.582	425.722
712	260.509	427.178
713	267.421	428.783
714	275.004	422.696
715	275.132	415.084
716	274.702	407.702
717	273.713	400.55
718	272.166	393.628
719	270.06	386.937
720	267.397	380.475
721	264.175	374.244
722	260.395	368.243
723	256.056	362.471
724	251.159	356.931
725	245.704	351.62
726	488.759	419.039
727	487.34	411.895
728	485.836	404.777
729	484.248	397.685
730	482.574	390.619
731	480.815	383.58
732	478.972	376.567
733	477.043	369.58
734	475.03	362.619
735	472.932	355.685
736	470.748	348.777
737	468.48	341.895
738	466.127	335.04
739	463.689	328.21
740	461.166	321.407
741	458.558	314.631
742	455.865	307.88
743	453.087	301.156
744	450.225	294.458
745	544.169	429.175
746	541.34	422.472
747	538.406	415.839
748	535.367	409.276
749	532.223	402.785
750	528.974	396.364
751	525.62	390.013
752	522.16	383.734
753	518.596	377.525
754	514.927	371.386
755	511.152	365.318
756	507.273	359.321
757	503.288	353.395
758	499.198	347.539
759	495.004	341.754
760	490.704	336.039
761	486.299	330.395
762	481.789	324.822
763	477.174	319.319
764	472.454	313.887
765	467.629	308.526
766	462.698	303.235
767	457.663	298.015
768	452.522	292.866
769	651.636	441.719
770	651.109	434.357
771	650.888	427.067
772	650.974	419.849
773	651.366	412.704
774	652.065	405.631
775	653.07	398.63
776	654.382	391.702
777	656	384.846
778	657.924	378.062
779	660.156	371.351
780	662.693	364.712
781	665.538	358.145
782	668.688	351.651
783	672.145	345.229
784	675.909	338.879
785	836.205	398.93
786	834.953	391.45
787	834.182	384.065
788	833.891	376.777
789	834.08	369.584
790	834.75	362.488
791	835.9	355.488
792	837.531	348.584
793	839.641	341.775
794	842.233	335.063
795	845.304	328.447
796	848.856	321.927
797	852.888	315.503
798	331.329	305.317
799	323.556	304.218
800	315.995	302.754
801	308.648	300.924
802	301.513	298.728
803	294.591	296.167
804	287.881	293.241
805	281.385	289.949
806	275.101	286.291
807	269.03	282.268
808	263.171	277.879
809	257.526	273.125
810	252.093	268.005
811	246.873	262.52
812	241.866	256.669
813	237.071	250.453
814	341.951	298.625
815	344.956	291.472
816	348.329	284.59
817	352.069	277.98
818	356.179	271.642
819	360.656	265.576
820	365.501	259.781
821	370.715	254.259
822	376.297	249.008
823	382.247	244.028
824	546.376	285.409
825	552.899	288.207
826	559.44	290.959
827	565.996	293.664
828	572.569	296.323
829	579.159	298.937
830	585.765	301.504
831	592.388	304.025
832	599.027	306.5
833	605.682	308.929
834	612.354	311.311
835	619.043	313.648
836	625.747	315.938
837	632.469	318.183
838	639.207	320.381
839	645.961	322.533
840	652.732	324.639
841	659.519	326.699
842	666.323	328.713
843	673.143	330.68
844	543.152	275.893
845	546.582	269.308
846	550.158	262.811
847	553.881	256.401
848	557.751	250.078
849	561.767	243.843
850	565.93	237.695
851	676.703	325.502
852	673.785	318.4
853	671.225	311.295
854	669.022	304.187
855	667.177	297.076
856	665.69	289.962
857	664.561	282.846
858	663.79	275.727
859	663.376	268.605
860	663.321	261.48
861	663.623	254.353
862	664.283	247.222
863	665.301	240.089
864	666.676	232.953
865	668.41	225.814
866	670.501	218.673
867	672.95	211.528
868	675.757	204.381
869	795.426	280.588
870	803.009	282.131
871	810.417	284.082
872	817.651	286.442
873	824.711	289.21
874	831.597	292.386
875	838.309	295.971
876	844.847	299.964
877	851.211	304.366
878	789.381	272.068
879	790.543	264.658
880	791.154	257.223
881	791.216	249.763
882	790.729	242.278
883	973.779	310.813
884	965.648	309.707
885	957.713	308.304
886	949.972	306.605
887	942.427	304.609
888	935.077	302.317
889	927.921	299.73
890	920.961	296.845
891	914.196	293.665
892	907.626	290.188
893	901.251	286.415
894	895.072	282.345
895	889.087	277.98
896	883.297	273.318
897	877.703	268.36
898	872.304	263.105
899	867.099	257.554
900	862.09	251.707
901	857.276	245.564
902	852.657	239.125
903	848.233	232.389
904	844.005	225.357
905	976.535	306.376
906	971.26	300.966
907	966.28	295.394
908	961.597	289.659
909	957.209	283.763
910	953.116	277.705
911	949.319	271.484
912	945.818	265.101
913	942.612	258.556
914	939.702	251.849
915	937.087	244.98
916	934.768	237.948
917	932.744	230.755
918	931.017	223.399
919	68.5177	233.173
920	76.3139	234.042
921	84.026	234.391
922	91.6539	234.22
923	99.1976	233.531
924	106.657	232.322
925	114.033	230.593
926	121.324	228.346
927	128.531	225.579
928	135.654	222.293
929	59.0612	223.805
930	57.9548	215.918
931	57.3182	208.125
932	57.1515	200.426
933	57.4545	192.821
934	58.2274	185.311
935	59.47	177.895
936	61.1825	170.573
937	63.3647	163.345
938	66.0168	156.212
939	69.1387	149.173
940	72.7304	142.228
941	76.7918	135.377
942	150.638	216.768
943	158.411	215.66
944	166.01	215.164
945	173.437	215.281
946	180.69	216.009
947	187.771	217.35
948	194.678	219.302
949	201.413	221.867
950	207.974	225.044
951	214.362	228.832
952	220.578	233.233
953	226.62	238.246
954	149.96	216.622
955	157.106	214.558
956	164.128	212.294
957	171.028	209.831
958	177.805	207.169
959	184.459	204.307
960	190.99	201.247
961	197.399	197.987
962	203.685	194.527
963	209.849	190.869
964	215.889	187.011
965	221.807	182.954
966	227.603	178.698
967	233.275	174.242
968	238.825	169.587
969	244.252	164.733
970	249.556	159.68
971	254.738	154.427
972	259.797	148.975
973	385.105	231.919
974	382.163	224.51
975	379.74	217.096
976	377.834	209.675
977	376.447	202.247
978	375.578	194.814
979	375.228	187.373
980	375.396	179.927
981	376.082	172.474
982	377.286	165.015
983	379.008	157.549
984	381.249	150.077
985	384.008	142.599
986	393.528	233.602
987	398.278	227.789
988	402.815	221.881
989	407.139	215.878
990	411.25	209.781
991	415.148	203.59
992	418.834	197.303
993	422.307	190.923
994	425.567	184.447
995	428.614	177.877
996	431.448	171.213
997	434.069	164.453
998	436.478	157.6
999	438.673	150.651
1000	440.656	143.608
1001	442.426	136.471
1002	443.983	129.239
1003	445.327	121.912
1004	446.459	114.491
1005	437.392	215.82
1006	444.629	217.816
1007	451.883	219.681
1008	459.154	221.415
1009	466.442	223.017
1010	473.747	224.487
1011	481.068	225.826
1012	488.406	227.034
1013	495.762	228.109
1014	503.134	229.054
1015	510.523	229.867
1016	517.928	230.548
1017	525.351	231.098
1018	532.79	231.516
1019	540.246	231.803
1020	547.72	231.958
1021	555.21	231.982
1022	562.716	231.874
1023	577.513	231.002
1024	584.722	230.167
1025	591.867	229.13
1026	598.948	227.89
1027	605.965	226.448
1028	612.917	224.804
1029	619.806	222.958
1030	626.631	220.909
1031	633.391	218.657
1032	640.088	216.203
1033	646.72	213.547
1034	653.289	210.689
1035	659.793	207.628
1036	666.234	204.365
1037	672.61	200.899
1038	574.299	225.547
1039	578.358	219.459
1040	582.417	213.371
1041	586.475	207.283
1042	590.533	201.195
1043	594.591	195.106
1044	598.648	189.017
1045	602.706	182.929
1046	606.762	176.839
1047	610.819	170.75
1048	614.875	164.661
1049	618.932	158.571
1050	622.987	152.481
1051	627.043	146.391
1052	631.098	140.301
1053	635.153	134.211
1054	639.208	128.12
1055	643.262	122.029
1056	647.316	115.939
1057	651.37	109.847
1058	655.424	103.756
1059	659.477	97.6646
1060	663.53	91.5729
1061	667.583	85.4811
1062	792.976	228.092
1063	796.422	221.557
1064	800.031	215.166
1065	803.801	208.916
1066	807.734	202.809
1067	811.828	196.844
1068	816.085	191.022
1069	820.503	185.342
1070	825.084	179.805
1071	829.826	174.41
1072	834.73	169.157
1073	839.797	164.047
1074	845.025	159.079
1075	850.416	154.254
1076	855.968	149.571
1077	861.683	145.03
1078	867.559	140.632
1079	873.597	136.376
1080	847.469	219.101
1081	854.961	219.945
1082	862.448	220.563
1083	869.929	220.953
1084	877.405	221.115
1085	884.876	221.05
1086	892.341	220.757
1087	899.8	220.237
1088	907.254	219.489
1089	914.703	218.514
1090	922.146	217.311
1091	843.001	210.964
1092	846.182	204.019
1093	849.513	197.193
1094	852.995	190.486
1095	856.627	183.899
1096	860.409	177.431
1097	864.342	171.082
1098	868.425	164.852
1099	872.658	158.742
1100	877.042	152.751
1101	881.576	146.879
1102	886.261	141.127
1103	891.096	135.494
1104	896.081	129.98
1105	901.217	124.585
1106	906.503	119.31
1107	911.94	114.154
1108	917.527	109.117
1109	923.264	104.199
1110	929.152	99.4011
1111	935.19	94.7221
1112	78.4171	122.073
1113	75.4711	115.546
1114	72.4851	109.039
1115	69.459	102.552
1116	66.3929	96.0846
1117	63.2868	89.6377
1118	60.1406	83.2109
1119	56.9545	76.8041
1120	53.7283	70.4174
1121	50.4621	64.0508
1122	47.1558	57.7042
1123	43.8096	51.3777
1124	40.4233	45.0712
1125	36.997	38.7848
1126	33.5306	32.5184
1127	126.501	123.489
1128	125.463	116.428
1129	124.569	109.367
1130	123.817	102.307
1131	123.208	95.2482
1132	122.742	88.1896
1133	122.419	81.1317
1134	122.238	74.0745
1135	122.2	67.018
1136	122.305	59.9621
1137	122.553	52.907
1138	122.944	45.8525
1139	123.477	38.7987
1140	124.153	31.7456
1141	124.972	24.6931
1142	125.934	17.6413
1143	127.038	10.5902
1144	448.324	99.5785
1145	449.327	92.1908
1146	450.387	84.812
1147	451.503	77.4419
1148	452.677	70.0806
1149	453.906	62.7281
1150	455.193	55.3844
1151	553.102	79.9344
1152	546.439	76.9653
1153	539.74	74.1025
1154	533.004	71.3462
1155	526.233	68.6962
1156	519.425	66.1527
1157	512.582	63.7156
1158	505.702	61.3849
1159	498.787	59.1606
1160	491.835	57.0427
1161	484.847	55.0313
1162	477.823	53.1262
1163	470.764	51.3276
1164	463.668	49.6354
1165	675.268	72.1177
1166	678.153	64.8573
1167	680.291	57.6076
1168	681.682	50.3688
1169	682.325	43.1408
1170	682.22	35.9236
1171	681.368	28.7172
1172	679.769	21.5217
1173	677.422	14.337
1174	674.328	7.16308
1175	382.149	37.1653
1176	389.475	38.9714
1177	396.825	40.618
1178	404.201	42.1052
1179	411.602	43.4328
1180	419.029	44.601
1181	426.48	45.6097
1182	433.956	46.4589
1183	441.458	47.1486
1184	448.984	47.6788
