NOMBRE : MTLARP8_8_3_2.dat
VERTICES ORIGINALES : 65
VERTICES TOTALES : 995
DEPOTS : 3
63
64
65
LINEAS ORIGINALES : 62
LINE 1 8 201.298 18
	66 12.1149
	67 11.7982
	68 11.514
	69 11.2647
	70 11.0526
	71 10.8799
	72 10.7486
	73 10.6602
	74 10.6157
	75 10.6157
	76 10.6602
	77 10.7486
	78 10.8799
	79 11.0526
	80 11.2647
	81 11.514
	82 11.7982
	8 12.1149
LINE 2 3 162.264 14
	83 12.5054
	84 12.0967
	85 11.7453
	86 11.4564
	87 11.2348
	88 11.0847
	89 11.0088
	90 11.0088
	91 11.0847
	92 11.2348
	93 11.4564
	94 11.7453
	95 12.0967
	3 12.5054
LINE 3 11 141.504 13
	96 11.3695
	97 11.1315
	98 10.933
	99 10.776
	100 10.6625
	101 10.5938
	102 10.5708
	103 10.5938
	104 10.6625
	105 10.776
	106 10.933
	107 11.1315
	11 11.3695
LINE 4 12 143.835 13
	108 12.0639
	109 11.5819
	110 11.1722
	111 10.8428
	112 10.6013
	113 10.4537
	114 10.404
	115 10.4537
	116 10.6013
	117 10.8428
	118 11.1722
	119 11.5819
	12 12.0639
LINE 5 6 152.822 14
	120 11.0025
	121 10.9626
	122 10.9293
	123 10.9026
	124 10.8825
	125 10.869
	126 10.8623
	127 10.8623
	128 10.869
	129 10.8825
	130 10.9026
	131 10.9293
	132 10.9626
	6 11.0025
LINE 5 13 163.234 15
	133 10.9135
	134 10.9002
	135 10.8888
	136 10.8795
	137 10.8723
	138 10.8672
	139 10.8641
	140 10.863
	141 10.8641
	142 10.8672
	143 10.8723
	144 10.8795
	145 10.8888
	146 10.9002
	13 10.9135
LINE 6 14 214.601 19
	147 11.996
	148 11.7689
	149 11.5648
	150 11.3849
	151 11.2304
	152 11.1025
	153 11.0019
	154 10.9295
	155 10.8858
	156 10.8713
	157 10.8858
	158 10.9295
	159 11.0019
	160 11.1025
	161 11.2304
	162 11.3849
	163 11.5648
	164 11.7689
	14 11.996
LINE 7 15 159.273 15
	165 10.7783
	166 10.7101
	167 10.6521
	168 10.6044
	169 10.5672
	170 10.5405
	171 10.5244
	172 10.5191
	173 10.5244
	174 10.5405
	175 10.5672
	176 10.6044
	177 10.6521
	178 10.7101
	15 10.7783
LINE 8 16 148.005 14
	179 10.6723
	180 10.6261
	181 10.5874
	182 10.5564
	183 10.533
	184 10.5174
	185 10.5096
	186 10.5096
	187 10.5174
	188 10.533
	189 10.5564
	190 10.5874
	191 10.6261
	16 10.6723
LINE 8 17 152.076 14
	192 10.8684
	193 10.8657
	194 10.8635
	195 10.8617
	196 10.8604
	197 10.8595
	198 10.859
	199 10.859
	200 10.8595
	201 10.8604
	202 10.8617
	203 10.8635
	204 10.8657
	17 10.8684
LINE 9 10 203.561 18
	205 12.1198
	206 11.8428
	207 11.595
	208 11.3782
	209 11.1944
	210 11.0451
	211 10.9319
	212 10.8557
	213 10.8174
	214 10.8174
	215 10.8557
	216 10.9319
	217 11.0451
	218 11.1944
	219 11.3782
	220 11.595
	221 11.8428
	10 12.1198
LINE 10 17 216.488 20
	222 11.0716
	223 10.9944
	224 10.9253
	225 10.8644
	226 10.812
	227 10.7682
	228 10.7329
	229 10.7064
	230 10.6887
	231 10.6799
	232 10.6799
	233 10.6887
	234 10.7064
	235 10.7329
	236 10.7682
	237 10.812
	238 10.8644
	239 10.9253
	240 10.9944
	17 11.0716
LINE 11 19 208.724 19
	241 11.533
	242 11.3547
	243 11.195
	244 11.0547
	245 10.9345
	246 10.8353
	247 10.7574
	248 10.7015
	249 10.6677
	250 10.6565
	251 10.6677
	252 10.7015
	253 10.7574
	254 10.8353
	255 10.9345
	256 11.0547
	257 11.195
	258 11.3547
	19 11.533
LINE 12 19 218.228 20
	259 11.6013
	260 11.3898
	261 11.1984
	262 11.0282
	263 10.8803
	264 10.7554
	265 10.6545
	266 10.5781
	267 10.5269
	268 10.5012
	269 10.5012
	270 10.5269
	271 10.5781
	272 10.6545
	273 10.7554
	274 10.8803
	275 11.0282
	276 11.1984
	277 11.3898
	19 11.6013
LINE 13 21 170.614 16
	278 10.8432
	279 10.7718
	280 10.7102
	281 10.6586
	282 10.6172
	283 10.586
	284 10.5652
	285 10.5547
	286 10.5547
	287 10.5652
	288 10.586
	289 10.6172
	290 10.6586
	291 10.7102
	292 10.7718
	21 10.8432
LINE 14 22 201.909 18
	293 11.8014
	294 11.6
	295 11.4209
	296 11.2652
	297 11.1337
	298 11.0274
	299 10.947
	300 10.893
	301 10.866
	302 10.866
	303 10.893
	304 10.947
	305 11.0274
	306 11.1337
	307 11.2652
	308 11.4209
	309 11.6
	22 11.8014
LINE 16 17 117.98 11
	310 10.9002
	311 10.796
	312 10.7142
	313 10.6554
	314 10.62
	315 10.6081
	316 10.62
	317 10.6554
	318 10.7142
	319 10.796
	17 10.9002
LINE 17 18 214.638 20
	320 10.8325
	321 10.8008
	322 10.7727
	323 10.748
	324 10.7267
	325 10.709
	326 10.6948
	327 10.6841
	328 10.677
	329 10.6735
	330 10.6735
	331 10.677
	332 10.6841
	333 10.6948
	334 10.709
	335 10.7267
	336 10.748
	337 10.7727
	338 10.8008
	18 10.8325
LINE 17 24 244.057 22
	339 11.5809
	340 11.4445
	341 11.3204
	342 11.209
	343 11.1105
	344 11.0254
	345 10.954
	346 10.8966
	347 10.8533
	348 10.8243
	349 10.8098
	350 10.8098
	351 10.8243
	352 10.8533
	353 10.8966
	354 10.954
	355 11.0254
	356 11.1105
	357 11.209
	358 11.3204
	359 11.4445
	24 11.5809
LINE 18 19 172.508 16
	360 11.3497
	361 11.1277
	362 10.9338
	363 10.7696
	364 10.6364
	365 10.5355
	366 10.4676
	367 10.4335
	368 10.4335
	369 10.4676
	370 10.5355
	371 10.6364
	372 10.7696
	373 10.9338
	374 11.1277
	19 11.3497
LINE 18 25 141.364 13
	375 11.5789
	376 11.2357
	377 10.9468
	378 10.7168
	379 10.5494
	380 10.4477
	381 10.4136
	382 10.4477
	383 10.5494
	384 10.7168
	385 10.9468
	386 11.2357
	25 11.5789
LINE 19 20 134.767 13
	387 10.3806
	388 10.3736
	389 10.368
	390 10.3635
	391 10.3604
	392 10.3585
	393 10.3578
	394 10.3585
	395 10.3604
	396 10.3635
	397 10.368
	398 10.3736
	20 10.3806
LINE 19 26 114.235 11
	399 10.4724
	400 10.4201
	401 10.3793
	402 10.3501
	403 10.3325
	404 10.3266
	405 10.3325
	406 10.3501
	407 10.3793
	408 10.4201
	26 10.4724
LINE 20 28 230.585 22
	409 10.5057
	410 10.4987
	411 10.4924
	412 10.4867
	413 10.4818
	414 10.4776
	415 10.4741
	416 10.4713
	417 10.4692
	418 10.4678
	419 10.4671
	420 10.4671
	421 10.4678
	422 10.4692
	423 10.4713
	424 10.4741
	425 10.4776
	426 10.4818
	427 10.4867
	428 10.4924
	429 10.4987
	28 10.5057
LINE 23 24 101.246 9
	430 12.1247
	431 11.4846
	432 11.0047
	433 10.7064
	434 10.6051
	435 10.7064
	436 11.0047
	437 11.4846
	24 12.1247
LINE 26 27 132.206 12
	438 11.3116
	439 11.1527
	440 11.0239
	441 10.9263
	442 10.8608
	443 10.8278
	444 10.8278
	445 10.8608
	446 10.9263
	447 11.0239
	448 11.1527
	27 11.3116
LINE 26 34 209.994 19
	449 11.8316
	450 11.5802
	451 11.3536
	452 11.1536
	453 10.9815
	454 10.8386
	455 10.7262
	456 10.6452
	457 10.5963
	458 10.5799
	459 10.5963
	460 10.6452
	461 10.7262
	462 10.8386
	463 10.9815
	464 11.1536
	465 11.3536
	466 11.5802
	34 11.8316
LINE 27 28 162.22 15
	467 10.9551
	468 10.8952
	469 10.8443
	470 10.8025
	471 10.7699
	472 10.7465
	473 10.7325
	474 10.7278
	475 10.7325
	476 10.7465
	477 10.7699
	478 10.8025
	479 10.8443
	480 10.8952
	28 10.9551
LINE 27 34 294.282 27
	481 11.4528
	482 11.3283
	483 11.2125
	484 11.1057
	485 11.0082
	486 10.9203
	487 10.842
	488 10.7738
	489 10.7157
	490 10.6679
	491 10.6306
	492 10.6039
	493 10.5879
	494 10.5825
	495 10.5879
	496 10.6039
	497 10.6306
	498 10.6679
	499 10.7157
	500 10.7738
	501 10.842
	502 10.9203
	503 11.0082
	504 11.1057
	505 11.2125
	506 11.3283
	34 11.4528
LINE 27 36 173.893 16
	507 11.7127
	508 11.3862
	509 11.0987
	510 10.8534
	511 10.653
	512 10.5002
	513 10.3971
	514 10.3451
	515 10.3451
	516 10.3971
	517 10.5002
	518 10.653
	519 10.8534
	520 11.0987
	521 11.3862
	36 11.7127
LINE 28 29 136.64 12
	522 12.2517
	523 11.7936
	524 11.4139
	525 11.1206
	526 10.9207
	527 10.8194
	528 10.8194
	529 10.9207
	530 11.1206
	531 11.4139
	532 11.7936
	29 12.2517
LINE 28 36 173.018 16
	533 10.9221
	534 10.8789
	535 10.8418
	536 10.8107
	537 10.7858
	538 10.7671
	539 10.7545
	540 10.7483
	541 10.7483
	542 10.7545
	543 10.7671
	544 10.7858
	545 10.8107
	546 10.8418
	547 10.8789
	36 10.9221
LINE 29 37 128.764 12
	548 11.4315
	549 11.0587
	550 10.7511
	551 10.5145
	552 10.3538
	553 10.2725
	554 10.2725
	555 10.3538
	556 10.5145
	557 10.7511
	558 11.0587
	37 11.4315
LINE 30 38 157.325 15
	559 10.5076
	560 10.4993
	561 10.4924
	562 10.4867
	563 10.4822
	564 10.4791
	565 10.4772
	566 10.4765
	567 10.4772
	568 10.4791
	569 10.4822
	570 10.4867
	571 10.4924
	572 10.4993
	38 10.5076
LINE 31 32 166.398 15
	573 11.4168
	574 11.2798
	575 11.1627
	576 11.0659
	577 10.99
	578 10.9355
	579 10.9026
	580 10.8917
	581 10.9026
	582 10.9355
	583 10.99
	584 11.0659
	585 11.1627
	586 11.2798
	32 11.4168
LINE 33 42 261.114 24
	587 10.9878
	588 10.9598
	589 10.9342
	590 10.9111
	591 10.8906
	592 10.8726
	593 10.8571
	594 10.8442
	595 10.8339
	596 10.8261
	597 10.821
	598 10.8184
	599 10.8184
	600 10.821
	601 10.8261
	602 10.8339
	603 10.8442
	604 10.8571
	605 10.8726
	606 10.8906
	607 10.9111
	608 10.9342
	609 10.9598
	42 10.9878
LINE 35 36 161.508 14
	610 12.4662
	611 12.0512
	612 11.6941
	613 11.4003
	614 11.175
	615 11.0222
	616 10.945
	617 10.945
	618 11.0222
	619 11.175
	620 11.4003
	621 11.6941
	622 12.0512
	36 12.4662
LINE 36 43 172.917 16
	623 11.3612
	624 11.1446
	625 10.9555
	626 10.7954
	627 10.6656
	628 10.5672
	629 10.5011
	630 10.4679
	631 10.4679
	632 10.5011
	633 10.5672
	634 10.6656
	635 10.7954
	636 10.9555
	637 11.1446
	43 11.3612
LINE 37 38 124.24 12
	638 10.3631
	639 10.3578
	640 10.3535
	641 10.3504
	642 10.3482
	643 10.3472
	644 10.3472
	645 10.3482
	646 10.3504
	647 10.3535
	648 10.3578
	38 10.3631
LINE 39 48 227.745 21
	649 10.8521
	650 10.85
	651 10.8481
	652 10.8464
	653 10.8449
	654 10.8437
	655 10.8427
	656 10.8419
	657 10.8413
	658 10.841
	659 10.8409
	660 10.841
	661 10.8413
	662 10.8419
	663 10.8427
	664 10.8437
	665 10.8449
	666 10.8464
	667 10.8481
	668 10.85
	48 10.8521
LINE 40 41 229.221 21
	669 11.1007
	670 11.0455
	671 10.9959
	672 10.952
	673 10.9137
	674 10.8813
	675 10.8547
	676 10.8339
	677 10.8191
	678 10.8101
	679 10.8072
	680 10.8101
	681 10.8191
	682 10.8339
	683 10.8547
	684 10.8813
	685 10.9137
	686 10.952
	687 10.9959
	688 11.0455
	41 11.1007
LINE 40 48 137.133 13
	689 10.651
	690 10.6001
	691 10.5582
	692 10.5255
	693 10.5021
	694 10.4881
	695 10.4834
	696 10.4881
	697 10.5021
	698 10.5255
	699 10.5582
	700 10.6001
	48 10.651
LINE 42 50 170.425 16
	701 10.7002
	702 10.6808
	703 10.6641
	704 10.6502
	705 10.6391
	706 10.6307
	707 10.6252
	708 10.6224
	709 10.6224
	710 10.6252
	711 10.6307
	712 10.6391
	713 10.6502
	714 10.6641
	715 10.6808
	50 10.7002
LINE 42 51 165.31 15
	716 11.9958
	717 11.5934
	718 11.2416
	719 10.9454
	720 10.7093
	721 10.5375
	722 10.433
	723 10.3979
	724 10.433
	725 10.5375
	726 10.7093
	727 10.9454
	728 11.2416
	729 11.5934
	51 11.9958
LINE 43 51 148.554 14
	730 11.0922
	731 10.8743
	732 10.6893
	733 10.539
	734 10.4248
	735 10.348
	736 10.3094
	737 10.3094
	738 10.348
	739 10.4248
	740 10.539
	741 10.6893
	742 10.8743
	51 11.0922
LINE 44 45 146.771 14
	743 10.6585
	744 10.5784
	745 10.5111
	746 10.457
	747 10.4162
	748 10.389
	749 10.3753
	750 10.3753
	751 10.389
	752 10.4162
	753 10.457
	754 10.5111
	755 10.5784
	45 10.6585
LINE 44 52 229.228 21
	756 11.3067
	757 11.1914
	758 11.0871
	759 10.9944
	760 10.9133
	761 10.8443
	762 10.7875
	763 10.7431
	764 10.7113
	765 10.6921
	766 10.6857
	767 10.6921
	768 10.7113
	769 10.7431
	770 10.7875
	771 10.8443
	772 10.9133
	773 10.9944
	774 11.0871
	775 11.1914
	52 11.3067
LINE 46 54 204.555 19
	776 10.8307
	777 10.8092
	778 10.7902
	779 10.7737
	780 10.7597
	781 10.7483
	782 10.7394
	783 10.733
	784 10.7292
	785 10.7279
	786 10.7292
	787 10.733
	788 10.7394
	789 10.7483
	790 10.7597
	791 10.7737
	792 10.7902
	793 10.8092
	54 10.8307
LINE 47 48 208.918 19
	794 11.1749
	795 11.1156
	796 11.0631
	797 11.0173
	798 10.9784
	799 10.9465
	800 10.9216
	801 10.9038
	802 10.8931
	803 10.8896
	804 10.8931
	805 10.9038
	806 10.9216
	807 10.9465
	808 10.9784
	809 11.0173
	810 11.0631
	811 11.1156
	48 11.1749
LINE 47 55 86.8262 8
	812 10.8692
	813 10.8556
	814 10.8465
	815 10.8419
	816 10.8419
	817 10.8465
	818 10.8556
	55 10.8692
LINE 48 57 259.449 24
	819 10.8213
	820 10.8185
	821 10.8159
	822 10.8135
	823 10.8115
	824 10.8097
	825 10.8081
	826 10.8068
	827 10.8058
	828 10.805
	829 10.8045
	830 10.8042
	831 10.8042
	832 10.8045
	833 10.805
	834 10.8058
	835 10.8068
	836 10.8081
	837 10.8097
	838 10.8115
	839 10.8135
	840 10.8159
	841 10.8185
	57 10.8213
LINE 49 57 217.136 20
	842 11.1411
	843 11.0524
	844 10.973
	845 10.903
	846 10.8427
	847 10.7922
	848 10.7516
	849 10.7211
	850 10.7007
	851 10.6904
	852 10.6904
	853 10.7007
	854 10.7211
	855 10.7516
	856 10.7922
	857 10.8427
	858 10.903
	859 10.973
	860 11.0524
	57 11.1411
LINE 50 58 136.606 13
	861 10.5083
	862 10.5082
	863 10.5081
	864 10.5081
	865 10.508
	866 10.508
	867 10.508
	868 10.508
	869 10.508
	870 10.5081
	871 10.5081
	872 10.5082
	58 10.5083
LINE 52 60 151.512 14
	873 10.9584
	874 10.8959
	875 10.8435
	876 10.8015
	877 10.7698
	878 10.7486
	879 10.738
	880 10.738
	881 10.7486
	882 10.7698
	883 10.8015
	884 10.8435
	885 10.8959
	60 10.9584
LINE 53 54 173.02 16
	886 10.8813
	887 10.8544
	888 10.8312
	889 10.8119
	890 10.7964
	891 10.7848
	892 10.777
	893 10.7731
	894 10.7731
	895 10.777
	896 10.7848
	897 10.7964
	898 10.8119
	899 10.8312
	900 10.8544
	54 10.8813
LINE 53 61 180.288 17
	901 10.9636
	902 10.8312
	903 10.7152
	904 10.616
	905 10.5342
	906 10.4701
	907 10.424
	908 10.3963
	909 10.3871
	910 10.3963
	911 10.424
	912 10.4701
	913 10.5342
	914 10.616
	915 10.7152
	916 10.8312
	61 10.9636
LINE 54 61 219.658 20
	917 11.9594
	918 11.6635
	919 11.394
	920 11.1529
	921 10.9419
	922 10.763
	923 10.6177
	924 10.5074
	925 10.4332
	926 10.3959
	927 10.3959
	928 10.4332
	929 10.5074
	930 10.6177
	931 10.763
	932 10.9419
	933 11.1529
	934 11.394
	935 11.6635
	61 11.9594
LINE 54 62 147.022 14
	936 10.5725
	937 10.5399
	938 10.5126
	939 10.4907
	940 10.4743
	941 10.4633
	942 10.4578
	943 10.4578
	944 10.4633
	945 10.4743
	946 10.4907
	947 10.5126
	948 10.5399
	62 10.5725
LINE 55 56 83.7616 8
	949 10.5012
	950 10.4746
	951 10.4569
	952 10.4481
	953 10.4481
	954 10.4569
	955 10.4746
	56 10.5012
LINE 57 58 85.6077 8
	956 10.7011
	957 10.701
	958 10.7009
	959 10.7009
	960 10.7009
	961 10.7009
	962 10.701
	58 10.7011
LINE 58 59 221.668 21
	963 10.5666
	964 10.5633
	965 10.5604
	966 10.5578
	967 10.5555
	968 10.5536
	969 10.552
	970 10.5508
	971 10.5499
	972 10.5494
	973 10.5492
	974 10.5494
	975 10.5499
	976 10.5508
	977 10.552
	978 10.5536
	979 10.5555
	980 10.5578
	981 10.5604
	982 10.5633
	59 10.5666
LINE 59 60 153.159 14
	983 11.7429
	984 11.3835
	985 11.075
	986 10.8219
	987 10.6282
	988 10.497
	989 10.4308
	990 10.4308
	991 10.497
	992 10.6282
	993 10.8219
	994 11.075
	995 11.3835
	60 11.7429
COORDENADAS :
1	51.2963	736.392
2	280.487	733.653
3	375.466	694.691
4	475.562	691.284
5	605.607	720.293
6	705.285	738.761
7	774.554	735.405
8	85.8829	613.858
9	164.59	591.307
10	294.071	599.68
11	341.644	609.549
12	492.3	602.683
13	559.92	621.737
14	638.028	618.601
15	772.937	630.226
16	90.4845	515.885
17	161.873	546.796
18	303.349	531.442
19	407.197	491.553
20	476.787	548.259
21	564.46	509.259
22	657.282	489.68
23	80.2666	415.193
24	138.69	389.983
25	269.286	447.866
26	402.96	415.943
27	488.297	430.622
28	593.973	449.09
29	678.169	429.462
30	742.918	443.333
31	69.7411	329.154
32	178.647	327.654
33	294.511	334.903
34	361.437	288.526
35	456.099	311.72
36	553.633	341.782
37	663.409	348.701
38	745.567	338.601
39	81.4116	250.387
40	150.198	225.3
41	300.527	242.416
42	404.951	201.626
43	500.495	243.63
44	604.125	247.227
45	699.711	231.82
46	750.369	230.996
47	55.9363	105.356
48	188.641	142.978
49	249.352	137.783
50	371.053	93.5142
51	493.845	147.684
52	546.111	109.333
53	677.519	120.919
54	790.73	101.241
55	88.3311	57.4621
56	138.461	33.1446
57	285.802	0
58	342.435	7.05832
59	484.751	46.5349
60	576.353	13.7962
61	691.952	4.08673
62	782.063	4.02692
63	725.291	522.874
64	5.46892	535.887
65	0	467.892
66	56.9697	730.643
67	62.2018	724.77
68	66.9924	718.773
69	71.3416	712.651
70	75.2494	706.404
71	78.7158	700.033
72	81.7408	693.537
73	84.3244	686.916
74	86.4666	680.171
75	88.1674	673.301
76	89.4267	666.307
77	90.2447	659.188
78	90.6212	651.945
79	90.5564	644.576
80	90.0501	637.084
81	89.1025	629.466
82	87.7134	621.725
83	285.766	727.2
84	291.276	721.312
85	297.018	715.989
86	302.992	711.23
87	309.197	707.035
88	315.634	703.405
89	322.302	700.34
90	329.203	697.84
91	336.334	695.903
92	343.697	694.532
93	351.292	693.725
94	359.119	693.482
95	367.177	693.805
96	375.458	687.112
97	375.018	679.704
98	374.145	672.467
99	372.84	665.403
100	371.103	658.51
101	368.934	651.789
102	366.332	645.24
103	363.298	638.862
104	359.832	632.656
105	355.933	626.622
106	351.603	620.759
107	346.84	615.068
108	472.85	683.713
109	470.803	676.268
110	469.424	668.948
111	468.711	661.755
112	468.665	654.688
113	469.286	647.746
114	470.574	640.931
115	472.528	634.241
116	475.149	627.678
117	478.437	621.24
118	482.391	614.929
119	487.012	608.743
120	612.514	722.763
121	619.453	725.056
122	626.425	727.172
123	633.43	729.111
124	640.468	730.873
125	647.539	732.457
126	654.642	733.865
127	661.778	735.096
128	668.947	736.149
129	676.149	737.026
130	683.384	737.725
131	690.651	738.247
132	697.952	738.593
133	603.196	713.428
134	600.694	706.606
135	598.101	699.825
136	595.418	693.087
137	592.644	686.391
138	589.779	679.736
139	586.824	673.124
140	583.778	666.553
141	580.642	660.025
142	577.415	653.539
143	574.097	647.094
144	570.689	640.692
145	567.19	634.331
146	563.601	628.013
147	704.695	730.785
148	703.778	722.993
149	702.533	715.385
150	700.96	707.959
151	699.059	700.718
152	696.83	693.66
153	694.274	686.785
154	691.39	680.094
155	688.178	673.586
156	684.638	667.262
157	680.77	661.121
158	676.575	655.164
159	672.052	649.39
160	667.2	643.8
161	662.022	638.393
162	656.515	633.17
163	650.68	628.13
164	644.518	623.274
165	772.88	728.417
166	771.43	721.426
167	770.204	714.431
168	769.201	707.433
169	768.422	700.431
170	767.867	693.426
171	767.535	686.418
172	767.427	679.406
173	767.543	672.391
174	767.883	665.372
175	768.446	658.35
176	769.233	651.324
177	770.244	644.295
178	771.479	637.262
179	87.4516	606.918
180	88.8296	599.97
181	90.0167	593.012
182	91.0131	586.045
183	91.8188	579.07
184	92.4336	572.085
185	92.8577	565.091
186	93.091	558.089
187	93.1335	551.077
188	92.9853	544.057
189	92.6462	537.027
190	92.1164	529.989
191	91.3958	522.942
192	91.5103	609.294
193	97.107	604.695
194	102.673	600.062
195	108.208	595.393
196	113.713	590.69
197	119.187	585.952
198	124.63	581.179
199	130.043	576.371
200	135.424	571.529
201	140.776	566.652
202	146.096	561.74
203	151.386	556.793
204	156.645	551.812
205	172.019	588.13
206	179.421	585.381
207	186.794	583.061
208	194.14	581.169
209	201.458	579.706
210	208.748	578.671
211	216.011	578.065
212	223.246	577.887
213	230.453	578.138
214	237.633	578.817
215	244.784	579.925
216	251.909	581.462
217	259.005	583.427
218	266.074	585.82
219	273.115	588.642
220	280.128	591.893
221	287.113	595.572
222	288.185	595.226
223	282.223	590.963
224	276.184	586.89
225	270.07	583.008
226	263.879	579.316
227	257.612	575.815
228	251.269	572.504
229	244.849	569.384
230	238.353	566.454
231	231.782	563.715
232	225.134	561.166
233	218.409	558.807
234	211.609	556.639
235	204.732	554.662
236	197.78	552.874
237	190.751	551.278
238	183.646	549.872
239	176.464	548.656
240	169.207	547.63
241	347.665	604.767
242	353.4	599.826
243	358.849	594.726
244	364.012	589.467
245	368.89	584.05
246	373.483	578.475
247	377.789	572.74
248	381.811	566.847
249	385.546	560.796
250	388.997	554.585
251	392.161	548.216
252	395.04	541.689
253	397.633	535.002
254	399.941	528.157
255	401.964	521.154
256	403.7	513.992
257	405.151	506.671
258	406.317	499.191
259	490.659	595.125
260	488.742	587.778
261	486.55	580.641
262	484.083	573.715
263	481.341	567
264	478.324	560.496
265	475.031	554.202
266	471.464	548.119
267	467.622	542.246
268	463.504	536.584
269	459.111	531.133
270	454.443	525.893
271	449.5	520.863
272	444.282	516.044
273	438.789	511.435
274	433.021	507.037
275	426.978	502.85
276	420.659	498.874
277	414.065	495.108
278	561.863	614.774
279	563.584	607.802
280	565.084	600.821
281	566.363	593.832
282	567.421	586.833
283	568.258	579.825
284	568.873	572.809
285	569.267	565.783
286	569.44	558.749
287	569.392	551.706
288	569.123	544.654
289	568.633	537.592
290	567.921	530.522
291	566.989	523.443
292	565.835	516.356
293	642.139	611.893
294	645.892	605.131
295	649.288	598.316
296	652.325	591.448
297	655.005	584.526
298	657.327	577.551
299	659.291	570.522
300	660.898	563.44
301	662.146	556.304
302	663.037	549.115
303	663.57	541.873
304	663.745	534.577
305	663.563	527.228
306	663.022	519.825
307	662.124	512.369
308	660.868	504.859
309	659.254	497.296
310	97.6382	517.162
311	104.659	518.746
312	111.547	520.636
313	118.303	522.832
314	124.926	525.336
315	131.415	528.146
316	137.772	531.262
317	143.997	534.686
318	150.088	538.416
319	156.047	542.452
320	169.08	547.255
321	176.273	547.586
322	183.452	547.787
323	190.617	547.859
324	197.768	547.802
325	204.905	547.615
326	212.028	547.3
327	219.137	546.855
328	226.231	546.281
329	233.312	545.578
330	240.379	544.746
331	247.432	543.784
332	254.471	542.694
333	261.495	541.474
334	268.506	540.125
335	275.503	538.647
336	282.485	537.039
337	289.454	535.303
338	296.409	533.437
339	158.076	540.073
340	154.54	533.312
341	151.265	526.513
342	148.252	519.675
343	145.5	512.798
344	143.009	505.883
345	140.78	498.929
346	138.811	491.936
347	137.104	484.905
348	135.659	477.835
349	134.474	470.726
350	133.551	463.579
351	132.889	456.393
352	132.489	449.169
353	132.349	441.906
354	132.471	434.604
355	132.855	427.264
356	133.499	419.885
357	134.405	412.467
358	135.572	405.011
359	137	397.516
360	310.91	531.735
361	318.328	531.657
362	325.603	531.207
363	332.736	530.386
364	339.726	529.194
365	346.573	527.629
366	353.278	525.693
367	359.84	523.386
368	366.259	520.707
369	372.535	517.657
370	378.669	514.235
371	384.66	510.442
372	390.508	506.277
373	396.214	501.74
374	401.777	496.833
375	297.604	526.287
376	292.379	520.919
377	287.675	515.34
378	283.492	509.548
379	279.83	503.543
380	276.689	497.327
381	274.069	490.898
382	271.969	484.257
383	270.391	477.403
384	269.333	470.337
385	268.797	463.059
386	268.781	455.569
387	412.839	495.56
388	418.433	499.627
389	423.979	503.752
390	429.476	507.937
391	434.926	512.18
392	440.327	516.483
393	445.68	520.845
394	450.985	525.266
395	456.242	529.746
396	461.45	534.286
397	466.611	538.884
398	471.723	543.542
399	407.971	484.615
400	408.513	477.689
401	408.823	470.776
402	408.901	463.877
403	408.748	456.99
404	408.363	450.117
405	407.746	443.256
406	406.897	436.408
407	405.817	429.574
408	404.504	422.752
409	481.725	543.293
410	486.701	538.371
411	491.714	533.492
412	496.764	528.657
413	501.85	523.866
414	506.974	519.118
415	512.134	514.414
416	517.332	509.753
417	522.566	505.137
418	527.837	500.564
419	533.145	496.034
420	538.491	491.548
421	543.873	487.106
422	549.292	482.707
423	554.747	478.352
424	560.24	474.041
425	565.77	469.774
426	571.337	465.55
427	576.94	461.369
428	582.581	457.232
429	588.259	453.139
430	85.2058	408.795
431	90.533	403.296
432	96.2483	398.696
433	102.352	394.995
434	108.843	392.194
435	115.723	390.292
436	122.99	389.29
437	130.646	389.187
438	409.7	419.326
439	416.508	422.315
440	423.383	424.913
441	430.326	427.117
442	437.336	428.929
443	444.413	430.349
444	451.558	431.376
445	458.771	432.01
446	466.051	432.252
447	473.399	432.101
448	480.814	431.558
449	404.132	408.143
450	404.931	400.464
451	405.357	392.907
452	405.409	385.472
453	405.089	378.158
454	404.396	370.965
455	403.329	363.894
456	401.89	356.945
457	400.078	350.117
458	397.892	343.411
459	395.334	336.827
460	392.402	330.364
461	389.098	324.022
462	385.42	317.802
463	381.37	311.704
464	376.946	305.727
465	372.15	299.872
466	366.98	294.138
467	495.087	433.311
468	501.914	435.792
469	508.777	438.064
470	515.676	440.128
471	522.612	441.984
472	529.585	443.632
473	536.593	445.072
474	543.638	446.303
475	550.72	447.326
476	557.838	448.14
477	564.992	448.747
478	572.183	449.145
479	579.41	449.335
480	586.673	449.317
481	485.776	423.415
482	483.088	416.357
483	480.232	409.449
484	477.209	402.691
485	474.018	396.082
486	470.66	389.622
487	467.134	383.313
488	463.441	377.152
489	459.58	371.142
490	455.552	365.281
491	451.356	359.569
492	446.992	354.007
493	442.461	348.595
494	437.763	343.332
495	432.897	338.219
496	427.863	333.255
497	422.662	328.441
498	417.293	323.777
499	411.757	319.262
500	406.054	314.896
501	400.182	310.68
502	394.144	306.614
503	387.937	302.697
504	381.564	298.93
505	375.022	295.312
506	368.314	291.844
507	489.424	422.895
508	490.946	415.458
509	492.861	408.311
510	495.171	401.454
511	497.875	394.887
512	500.973	388.61
513	504.465	382.623
514	508.352	376.925
515	512.632	371.518
516	517.307	366.4
517	522.376	361.572
518	527.839	357.034
519	533.696	352.786
520	539.948	348.828
521	546.594	345.16
522	600.116	443.707
523	606.417	439.005
524	612.877	434.984
525	619.497	431.645
526	626.275	428.987
527	633.212	427.011
528	640.307	425.716
529	647.562	425.102
530	654.975	425.17
531	662.548	425.919
532	670.279	427.35
533	590.238	442.84
534	586.665	436.528
535	583.253	430.156
536	580.004	423.723
537	576.916	417.229
538	573.99	410.675
539	571.226	404.059
540	568.624	397.383
541	566.183	390.646
542	563.905	383.848
543	561.788	376.989
544	559.834	370.069
545	558.041	363.088
546	556.41	356.047
547	554.941	348.945
548	673.636	423.335
549	669.704	417.099
550	666.372	410.753
551	663.64	404.297
552	661.51	397.732
553	659.98	391.057
554	659.05	384.272
555	658.721	377.377
556	658.992	370.373
557	659.864	363.259
558	661.336	356.035
559	742.557	436.337
560	742.272	429.343
561	742.065	422.351
562	741.934	415.361
563	741.881	408.373
564	741.904	401.387
565	742.003	394.403
566	742.18	387.421
567	742.433	380.441
568	742.764	373.463
569	743.171	366.486
570	743.654	359.512
571	744.215	352.54
572	744.852	345.569
573	76.97	326.772
574	84.2035	324.717
575	91.4415	322.987
576	98.684	321.583
577	105.931	320.506
578	113.182	319.754
579	120.438	319.328
580	127.699	319.228
581	134.964	319.454
582	142.233	320.006
583	149.507	320.884
584	156.785	322.087
585	164.068	323.617
586	171.355	325.473
587	300.101	330.168
588	305.604	325.362
589	311.022	320.485
590	316.354	315.537
591	321.599	310.517
592	326.759	305.427
593	331.833	300.265
594	336.822	295.032
595	341.724	289.728
596	346.54	284.353
597	351.271	278.906
598	355.915	273.389
599	360.474	267.8
600	364.947	262.14
601	369.334	256.409
602	373.635	250.606
603	377.85	244.733
604	381.979	238.788
605	386.023	232.772
606	389.98	226.685
607	393.852	220.527
608	397.638	214.298
609	401.338	207.997
610	464.241	310.054
611	472.202	308.974
612	479.983	308.482
613	487.582	308.575
614	495.001	309.256
615	502.239	310.523
616	509.296	312.377
617	516.173	314.818
618	522.868	317.845
619	529.383	321.459
620	535.717	325.66
621	541.87	330.447
622	547.842	335.821
623	552.907	334.242
624	551.834	326.891
625	550.416	319.726
626	548.652	312.749
627	546.541	305.959
628	544.085	299.356
629	541.283	292.94
630	538.135	286.712
631	534.64	280.671
632	530.8	274.818
633	526.614	269.152
634	522.082	263.673
635	517.205	258.381
636	511.981	253.277
637	506.411	248.359
638	670.303	348.241
639	677.187	347.712
640	684.064	347.114
641	690.932	346.446
642	697.791	345.708
643	704.642	344.901
644	711.484	344.025
645	718.317	343.079
646	725.143	342.064
647	731.959	340.979
648	738.767	339.824
649	86.2843	245.039
650	91.1804	239.714
651	96.0998	234.413
652	101.043	229.135
653	106.009	223.881
654	110.998	218.65
655	116.011	213.442
656	121.047	208.257
657	126.106	203.096
658	131.189	197.958
659	136.295	192.843
660	141.425	187.752
661	146.578	182.684
662	151.754	177.639
663	156.953	172.617
664	162.176	167.619
665	167.423	162.644
666	172.692	157.693
667	177.985	152.765
668	183.301	147.86
669	157.548	224.435
670	164.879	223.739
671	172.19	223.21
672	179.483	222.849
673	186.756	222.657
674	194.01	222.632
675	201.245	222.775
676	208.461	223.086
677	215.658	223.565
678	222.835	224.212
679	229.994	225.027
680	237.133	226.01
681	244.254	227.161
682	251.355	228.48
683	258.437	229.967
684	265.5	231.622
685	272.543	233.445
686	279.568	235.436
687	286.574	237.595
688	293.56	239.921
689	152.018	218.437
690	154.028	211.662
691	156.227	204.975
692	158.615	198.377
693	161.194	191.868
694	163.961	185.447
695	166.918	179.114
696	170.065	172.87
697	173.401	166.715
698	176.927	160.648
699	180.642	154.669
700	184.547	148.779
701	402.012	195.126
702	399.181	188.592
703	396.46	182.024
704	393.849	175.422
705	391.347	168.785
706	388.954	162.114
707	386.672	155.408
708	384.498	148.669
709	382.434	141.895
710	380.48	135.086
711	378.635	128.243
712	376.899	121.366
713	375.274	114.455
714	373.757	107.509
715	372.35	100.529
716	412.947	201.439
717	420.646	200.765
718	428.05	199.604
719	435.158	197.956
720	441.971	195.821
721	448.488	193.199
722	454.71	190.09
723	460.636	186.494
724	466.267	182.411
725	471.602	177.841
726	476.642	172.784
727	481.386	167.239
728	485.834	161.208
729	489.987	154.69
730	502.75	236.587
731	504.586	229.574
732	506.001	222.589
733	506.996	215.634
734	507.571	208.708
735	507.726	201.811
736	507.461	194.944
737	506.776	188.105
738	505.671	181.295
739	504.146	174.515
740	502.201	167.764
741	499.836	161.041
742	497.05	154.348
743	611.212	247.738
744	618.259	248.001
745	625.267	248.015
746	632.234	247.783
747	639.162	247.302
748	646.049	246.573
749	652.897	245.596
750	659.704	244.372
751	666.472	242.9
752	673.2	241.18
753	679.888	239.212
754	686.535	236.996
755	693.143	234.532
756	599.091	241.616
757	594.285	235.91
758	589.706	230.108
759	585.354	224.21
760	581.229	218.217
761	577.331	212.128
762	573.66	205.944
763	570.216	199.664
764	566.999	193.289
765	564.01	186.818
766	561.247	180.252
767	558.712	173.59
768	556.403	166.832
769	554.322	159.979
770	552.468	153.031
771	550.841	145.987
772	549.441	138.847
773	548.268	131.612
774	547.322	124.281
775	546.603	116.855
776	753.441	224.461
777	756.408	217.894
778	759.269	211.294
779	762.026	204.662
780	764.676	197.996
781	767.222	191.298
782	769.662	184.567
783	771.997	177.804
784	774.227	171.007
785	776.351	164.178
786	778.37	157.316
787	780.284	150.421
788	782.092	143.494
789	783.795	136.534
790	785.393	129.541
791	786.885	122.515
792	788.272	115.456
793	789.554	108.365
794	62.4645	108.945
795	69.0434	112.356
796	75.673	115.588
797	82.3533	118.641
798	89.0842	121.515
799	95.8659	124.21
800	102.698	126.727
801	109.581	129.065
802	116.515	131.224
803	123.5	133.204
804	130.535	135.005
805	137.621	136.627
806	144.757	138.071
807	151.944	139.336
808	159.182	140.422
809	166.471	141.329
810	173.81	142.058
811	181.2	142.607
812	60.4146	99.6591
813	64.7704	93.8797
814	69.0036	88.0173
815	73.1142	82.0721
816	77.1023	76.0439
817	80.9678	69.9329
818	84.7107	63.7389
819	193.025	137.249
820	197.38	131.5
821	201.706	125.731
822	206.002	119.942
823	210.27	114.133
824	214.508	108.305
825	218.717	102.457
826	222.896	96.5885
827	227.047	90.7005
828	231.168	84.7927
829	235.261	78.865
830	239.323	72.9175
831	243.357	66.9502
832	247.362	60.963
833	251.337	54.956
834	255.283	48.9292
835	259.2	42.8825
836	263.088	36.8159
837	266.947	30.7295
838	270.776	24.6233
839	274.576	18.4972
840	278.347	12.3513
841	282.089	6.18559
842	249.15	130.358
843	249.162	122.99
844	249.386	115.678
845	249.824	108.422
846	250.474	101.223
847	251.338	94.0803
848	252.414	86.9939
849	253.704	79.9638
850	255.207	72.9901
851	256.923	66.0728
852	258.852	59.2119
853	260.994	52.4073
854	263.349	45.6591
855	265.918	38.9673
856	268.699	32.3318
857	271.693	25.7527
858	274.901	19.23
859	278.321	12.7636
860	281.955	6.35362
861	368.906	86.8458
862	366.75	80.1803
863	364.584	73.5179
864	362.41	66.8584
865	360.227	60.202
866	358.035	53.5485
867	355.833	46.8981
868	353.623	40.2506
869	351.403	33.6062
870	349.175	26.9647
871	346.937	20.3263
872	344.691	13.6908
873	549.665	102.951
874	553.005	96.4998
875	556.13	89.9812
876	559.041	83.3947
877	561.737	76.7403
878	564.219	70.018
879	566.486	63.2279
880	568.539	56.3698
881	570.377	49.4439
882	572.001	42.4501
883	573.411	35.3885
884	574.606	28.2589
885	575.587	21.0615
886	684.77	120.696
887	691.998	120.34
888	699.202	119.849
889	706.382	119.223
890	713.54	118.464
891	720.674	117.57
892	727.785	116.541
893	734.872	115.379
894	741.936	114.082
895	748.977	112.65
896	755.994	111.085
897	762.988	109.385
898	769.958	107.55
899	776.906	105.582
900	783.83	103.479
901	680.69	114.333
902	683.57	107.711
903	686.16	101.054
904	688.46	94.3608
905	690.469	87.6317
906	692.189	80.8668
907	693.618	74.066
908	694.757	67.2294
909	695.606	60.3569
910	696.165	53.4486
911	696.434	46.5045
912	696.412	39.5244
913	696.101	32.5086
914	695.499	25.4569
915	694.607	18.3694
916	693.425	11.246
917	783.024	99.1973
918	775.608	96.8573
919	768.485	94.221
920	761.652	91.2886
921	755.111	88.06
922	748.861	84.5351
923	742.902	80.7141
924	737.235	76.5969
925	731.859	72.1834
926	726.775	67.4738
927	721.981	62.468
928	717.48	57.166
929	713.269	51.5678
930	709.35	45.6733
931	705.722	39.4827
932	702.385	32.9959
933	699.34	26.2129
934	696.586	19.1337
935	694.123	11.7583
936	789.077	94.3895
937	787.583	87.5237
938	786.247	80.6436
939	785.071	73.7494
940	784.055	66.841
941	783.197	59.9184
942	782.498	52.9816
943	781.959	46.0306
944	781.578	39.0655
945	781.357	32.0861
946	781.295	25.0926
947	781.392	18.0849
948	781.648	11.063
949	94.9075	55.0617
950	101.395	52.4787
951	107.795	49.7131
952	114.105	46.7647
953	120.327	43.6337
954	126.46	40.32
955	132.505	36.8237
956	292.875	0.926232
957	299.951	1.83991
958	307.027	2.74103
959	314.106	3.6296
960	321.186	4.50561
961	328.267	5.36907
962	335.35	6.21997
963	349.32	8.54873
964	356.194	10.0781
965	363.057	11.6464
966	369.91	13.2536
967	376.752	14.8998
968	383.583	16.5849
969	390.403	18.309
970	397.212	20.072
971	404.011	21.8739
972	410.798	23.7148
973	417.575	25.5947
974	424.342	27.5134
975	431.097	29.4712
976	437.841	31.4678
977	444.575	33.5035
978	451.298	35.578
979	458.01	37.6915
980	464.712	39.8439
981	471.402	42.0353
982	478.082	44.2657
983	492.507	47.5926
984	500.078	48.1278
985	507.461	48.1405
986	514.657	47.6308
987	521.667	46.5985
988	528.49	45.0438
989	535.127	42.9665
990	541.577	40.3668
991	547.839	37.2446
992	553.916	33.5999
993	559.805	29.4327
994	565.508	24.743
995	571.024	19.5309
