NOMBRE : MTLARP6_8_3_1.dat
VERTICES ORIGINALES : 34
VERTICES TOTALES : 468
DEPOTS : 3
32
33
34
LINEAS ORIGINALES : 29
LINE 1 2 137.199 12
	35 12.6152
	36 11.9959
	37 11.4763
	38 11.0707
	39 10.7918
	40 10.6496
	41 10.6496
	42 10.7918
	43 11.0707
	44 11.4763
	45 11.9959
	2 12.6152
LINE 1 6 127.986 12
	46 10.8713
	47 10.7599
	48 10.6699
	49 10.602
	50 10.5564
	51 10.5336
	52 10.5336
	53 10.5564
	54 10.602
	55 10.6699
	56 10.7599
	6 10.8713
LINE 2 6 275.238 24
	57 13.3238
	58 12.8752
	59 12.4533
	60 12.061
	61 11.7013
	62 11.3772
	63 11.0919
	64 10.8483
	65 10.6495
	66 10.498
	67 10.3957
	68 10.3441
	69 10.3441
	70 10.3957
	71 10.498
	72 10.6495
	73 10.8483
	74 11.0919
	75 11.3772
	76 11.7013
	77 12.061
	78 12.4533
	79 12.8752
	6 13.3238
LINE 3 4 242.435 22
	80 12.62
	81 12.1926
	82 11.7948
	83 11.4295
	84 11.1
	85 10.8096
	86 10.5615
	87 10.3588
	88 10.204
	89 10.0996
	90 10.047
	91 10.047
	92 10.0996
	93 10.204
	94 10.3588
	95 10.5615
	96 10.8096
	97 11.1
	98 11.4295
	99 11.7948
	100 12.1926
	4 12.62
LINE 3 9 179.097 17
	101 10.6777
	102 10.6245
	103 10.5783
	104 10.539
	105 10.5067
	106 10.4815
	107 10.4635
	108 10.4527
	109 10.4491
	110 10.4527
	111 10.4635
	112 10.4815
	113 10.5067
	114 10.539
	115 10.5783
	116 10.6245
	9 10.6777
LINE 4 5 125.851 12
	117 10.5205
	118 10.5026
	119 10.4882
	120 10.4774
	121 10.4702
	122 10.4666
	123 10.4666
	124 10.4702
	125 10.4774
	126 10.4882
	127 10.5026
	5 10.5205
LINE 5 6 111.181 10
	128 12.5401
	129 11.6335
	130 10.9043
	131 10.3897
	132 10.1226
	133 10.1226
	134 10.3897
	135 10.9043
	136 11.6335
	6 12.5401
LINE 6 7 234.943 22
	137 11.0848
	138 10.971
	139 10.8676
	140 10.7748
	141 10.693
	142 10.6224
	143 10.5631
	144 10.5155
	145 10.4797
	146 10.4557
	147 10.4437
	148 10.4437
	149 10.4557
	150 10.4797
	151 10.5155
	152 10.5631
	153 10.6224
	154 10.693
	155 10.7748
	156 10.8676
	157 10.971
	7 11.0848
LINE 6 11 264.652 25
	158 11.1708
	159 11.0286
	160 10.897
	161 10.7767
	162 10.6678
	163 10.5708
	164 10.486
	165 10.4138
	166 10.3543
	167 10.3077
	168 10.2744
	169 10.2543
	170 10.2476
	171 10.2543
	172 10.2744
	173 10.3077
	174 10.3543
	175 10.4138
	176 10.486
	177 10.5708
	178 10.6678
	179 10.7767
	180 10.897
	181 11.0286
	11 11.1708
LINE 7 11 194.203 18
	182 11.4209
	183 11.2037
	184 11.0103
	185 10.8417
	186 10.6991
	187 10.5837
	188 10.4963
	189 10.4377
	190 10.4082
	191 10.4082
	192 10.4377
	193 10.4963
	194 10.5837
	195 10.6991
	196 10.8417
	197 11.0103
	198 11.2037
	11 11.4209
LINE 7 12 91.7009 9
	199 10.2548
	200 10.2055
	201 10.1702
	202 10.1489
	203 10.1418
	204 10.1489
	205 10.1702
	206 10.2055
	12 10.2548
LINE 8 14 137.563 13
	207 10.5898
	208 10.5858
	209 10.5825
	210 10.58
	211 10.5781
	212 10.5771
	213 10.5767
	214 10.5771
	215 10.5781
	216 10.58
	217 10.5825
	218 10.5858
	14 10.5898
LINE 10 15 226.571 22
	219 10.436
	220 10.397
	221 10.3618
	222 10.3304
	223 10.3029
	224 10.2792
	225 10.2594
	226 10.2436
	227 10.2317
	228 10.2237
	229 10.2198
	230 10.2198
	231 10.2237
	232 10.2317
	233 10.2436
	234 10.2594
	235 10.2792
	236 10.3029
	237 10.3304
	238 10.3618
	239 10.397
	15 10.436
LINE 11 18 168.542 16
	240 11.3631
	241 11.0426
	242 10.7604
	243 10.5193
	244 10.3225
	245 10.1723
	246 10.071
	247 10.0199
	248 10.0199
	249 10.071
	250 10.1723
	251 10.3225
	252 10.5193
	253 10.7604
	254 11.0426
	18 11.3631
LINE 12 13 176.279 17
	255 10.7163
	256 10.5882
	257 10.4758
	258 10.3798
	259 10.3006
	260 10.2385
	261 10.194
	262 10.1672
	263 10.1582
	264 10.1672
	265 10.194
	266 10.2385
	267 10.3006
	268 10.3798
	269 10.4758
	270 10.5882
	13 10.7163
LINE 14 20 110.991 11
	271 10.1889
	272 10.1298
	273 10.0837
	274 10.0506
	275 10.0307
	276 10.024
	277 10.0307
	278 10.0506
	279 10.0837
	280 10.1298
	20 10.1889
LINE 15 16 228.909 22
	281 10.8693
	282 10.7394
	283 10.6212
	284 10.515
	285 10.4212
	286 10.3401
	287 10.2721
	288 10.2173
	289 10.176
	290 10.1484
	291 10.1346
	292 10.1346
	293 10.1484
	294 10.176
	295 10.2173
	296 10.2721
	297 10.3401
	298 10.4212
	299 10.515
	300 10.6212
	301 10.7394
	16 10.8693
LINE 16 17 133.736 12
	302 12.167
	303 11.6289
	304 11.1798
	305 10.8308
	306 10.5917
	307 10.4701
	308 10.4701
	309 10.5917
	310 10.8308
	311 11.1798
	312 11.6289
	17 12.167
LINE 17 18 135.564 13
	313 11.0878
	314 10.7663
	315 10.4959
	316 10.2806
	317 10.1241
	318 10.029
	319 9.99707
	320 10.029
	321 10.1241
	322 10.2806
	323 10.4959
	324 10.7663
	18 11.0878
LINE 18 23 120.324 12
	325 10.2776
	326 10.1422
	327 10.0326
	328 9.9496
	329 9.89388
	330 9.8659
	331 9.8659
	332 9.89388
	333 9.9496
	334 10.0326
	335 10.1422
	23 10.2776
LINE 19 24 116.529 11
	336 10.7402
	337 10.6526
	338 10.5841
	339 10.5348
	340 10.5052
	341 10.4952
	342 10.5052
	343 10.5348
	344 10.5841
	345 10.6526
	24 10.7402
LINE 20 21 124.978 11
	346 12.4375
	347 11.8143
	348 11.3058
	349 10.9281
	350 10.6951
	351 10.6163
	352 10.6951
	353 10.9281
	354 11.3058
	355 11.8143
	21 12.4375
LINE 20 25 293.662 28
	356 10.5948
	357 10.5712
	358 10.5493
	359 10.5292
	360 10.511
	361 10.4945
	362 10.4798
	363 10.467
	364 10.4559
	365 10.4467
	366 10.4394
	367 10.4338
	368 10.4301
	369 10.4283
	370 10.4283
	371 10.4301
	372 10.4338
	373 10.4394
	374 10.4467
	375 10.4559
	376 10.467
	377 10.4798
	378 10.4945
	379 10.511
	380 10.5292
	381 10.5493
	382 10.5712
	25 10.5948
LINE 21 26 145.148 14
	383 10.6197
	384 10.5046
	385 10.4077
	386 10.3295
	387 10.2705
	388 10.2309
	389 10.2111
	390 10.2111
	391 10.2309
	392 10.2705
	393 10.3295
	394 10.4077
	395 10.5046
	26 10.6197
LINE 22 27 191.506 18
	396 11.5612
	397 11.2483
	398 10.9672
	399 10.7203
	400 10.5102
	401 10.3391
	402 10.2088
	403 10.121
	404 10.0769
	405 10.0769
	406 10.121
	407 10.2088
	408 10.3391
	409 10.5102
	410 10.7203
	411 10.9672
	412 11.2483
	27 11.5612
LINE 23 28 220.141 20
	413 11.9598
	414 11.6707
	415 11.4077
	416 11.1724
	417 10.9668
	418 10.7924
	419 10.6509
	420 10.5434
	421 10.4712
	422 10.4349
	423 10.4349
	424 10.4712
	425 10.5434
	426 10.6509
	427 10.7924
	428 10.9668
	429 11.1724
	430 11.4077
	431 11.6707
	28 11.9598
LINE 24 25 144.308 14
	432 10.4215
	433 10.3692
	434 10.3255
	435 10.2903
	436 10.2639
	437 10.2462
	438 10.2373
	439 10.2373
	440 10.2462
	441 10.2639
	442 10.2903
	443 10.3255
	444 10.3692
	25 10.4215
LINE 25 29 110.831 10
	445 12.3249
	446 11.5288
	447 10.8937
	448 10.4489
	449 10.2192
	450 10.2192
	451 10.4489
	452 10.8937
	453 11.5288
	29 12.3249
LINE 30 31 175.683 16
	454 12.43
	455 11.8822
	456 11.3917
	457 10.9662
	458 10.6135
	459 10.3411
	460 10.1555
	461 10.0613
	462 10.0613
	463 10.1555
	464 10.3411
	465 10.6135
	466 10.9662
	467 11.3917
	468 11.8822
	31 12.43
COORDENADAS :
1	358.99	509.633
2	441.925	528.496
3	3.90088	442.079
4	148.943	416.623
5	225.245	451.098
6	292.104	458.411
7	430.263	392.322
8	627.374	402.371
9	49.1946	332.66
10	136.214	302.636
11	349.133	297.419
12	397.877	340.805
13	512.166	354.661
14	610.207	312.329
15	0	240.103
16	148.605	238.347
17	232.198	241.092
18	307.872	198.9
19	390.295	193.057
20	646.618	248.47
21	704.922	196.879
22	128.906	89.7842
23	298.146	120.602
24	442.837	136.817
25	528.223	93.9586
26	720.752	102.922
27	38.9169	9.1113
28	220.75	5.05661
29	530.632	26.0671
30	634.189	0
31	725.471	56.1995
32	177.191	365.307
33	169.842	128.142
34	12.0251	545.214
35	364.897	515.619
36	370.987	520.802
37	377.259	525.184
38	383.714	528.762
39	390.351	531.538
40	397.171	533.511
41	404.174	534.682
42	411.359	535.05
43	418.727	534.615
44	426.277	533.378
45	434.01	531.338
46	354.51	503.935
47	349.832	498.497
48	344.954	493.319
49	339.878	488.401
50	334.603	483.743
51	329.128	479.345
52	323.455	475.206
53	317.583	471.327
54	311.512	467.708
55	305.242	464.349
56	298.772	461.25
57	433.308	530.652
58	424.897	532.366
59	416.693	533.639
60	408.696	534.47
61	400.905	534.86
62	393.32	534.809
63	385.942	534.317
64	378.77	533.383
65	371.805	532.007
66	365.046	530.19
67	358.494	527.932
68	352.148	525.233
69	346.009	522.092
70	340.076	518.509
71	334.35	514.486
72	328.83	510.021
73	323.517	505.114
74	318.41	499.766
75	313.509	493.977
76	308.815	487.747
77	304.328	481.075
78	300.047	473.961
79	295.972	466.407
80	11.3748	445.942
81	18.7648	449.327
82	26.0709	452.234
83	33.2931	454.663
84	40.4313	456.614
85	47.4856	458.086
86	54.4561	459.081
87	61.3426	459.597
88	68.1452	459.635
89	74.8639	459.195
90	81.4986	458.277
91	88.0495	456.881
92	94.5164	455.007
93	100.899	452.654
94	107.198	449.824
95	113.414	446.515
96	119.545	442.728
97	125.592	438.464
98	131.556	433.72
99	137.435	428.499
100	143.231	422.8
101	7.91877	436.203
102	11.7675	430.256
103	15.447	424.24
104	18.9573	418.154
105	22.2984	411.998
106	25.4703	405.771
107	28.4731	399.475
108	31.3066	393.109
109	33.9709	386.672
110	36.4661	380.166
111	38.792	373.589
112	40.9488	366.943
113	42.9363	360.226
114	44.7547	353.44
115	46.4039	346.583
116	47.8838	339.656
117	155.594	418.846
118	162.193	421.188
119	168.738	423.648
120	175.23	426.226
121	181.668	428.922
122	188.053	431.736
123	194.385	434.668
124	200.664	437.718
125	206.889	440.886
126	213.061	444.172
127	219.179	447.576
128	232.47	446.894
129	239.576	443.786
130	246.562	441.775
131	253.428	440.861
132	260.174	441.044
133	266.8	442.323
134	273.306	444.7
135	279.692	448.173
136	285.958	452.744
137	297.314	453.17
138	302.626	448.142
139	308.04	443.327
140	313.555	438.725
141	319.173	434.336
142	324.892	430.161
143	330.714	426.198
144	336.637	422.448
145	342.662	418.912
146	348.789	415.588
147	355.018	412.477
148	361.349	409.58
149	367.782	406.896
150	374.316	404.424
151	380.953	402.166
152	387.692	400.12
153	394.532	398.288
154	401.474	396.669
155	408.519	395.263
156	415.665	394.069
157	422.913	393.089
158	297.18	452.961
159	302.022	447.429
160	306.632	441.814
161	311.009	436.117
162	315.153	430.337
163	319.065	424.475
164	322.743	418.53
165	326.188	412.503
166	329.401	406.393
167	332.381	400.201
168	335.128	393.926
169	337.642	387.569
170	339.923	381.129
171	341.971	374.607
172	343.786	368.003
173	345.369	361.315
174	346.719	354.546
175	347.835	347.694
176	348.719	340.759
177	349.37	333.742
178	349.789	326.643
179	349.974	319.46
180	349.926	312.196
181	349.646	304.849
182	428.142	385.01
183	425.741	377.937
184	423.059	371.104
185	420.096	364.512
186	416.852	358.159
187	413.327	352.047
188	409.522	346.174
189	405.436	340.542
190	401.069	335.15
191	396.422	329.997
192	391.493	325.085
193	386.284	320.413
194	380.794	315.98
195	375.023	311.788
196	368.972	307.836
197	362.64	304.124
198	356.027	300.651
199	425.807	387.137
200	421.566	381.817
201	417.539	376.362
202	413.727	370.772
203	410.128	365.048
204	406.744	359.19
205	403.574	353.196
206	400.618	347.068
207	626.399	395.379
208	625.365	388.398
209	624.275	381.428
210	623.126	374.469
211	621.921	367.52
212	620.658	360.583
213	619.337	353.657
214	617.959	346.741
215	616.524	339.837
216	615.031	332.943
217	613.48	326.061
218	611.872	319.189
219	129.434	301.076
220	122.71	299.393
221	116.043	297.588
222	109.431	295.661
223	102.875	293.612
224	96.375	291.441
225	89.9312	289.148
226	83.5435	286.733
227	77.2118	284.196
228	70.9362	281.537
229	64.7166	278.755
230	58.553	275.852
231	52.4455	272.826
232	46.3941	269.678
233	40.3986	266.409
234	34.4593	263.017
235	28.576	259.503
236	22.7487	255.867
237	16.9774	252.109
238	11.2622	248.229
239	5.6031	244.227
240	343.251	292.645
241	337.81	287.686
242	332.809	282.543
243	328.248	277.216
244	324.128	271.704
245	320.449	266.008
246	317.209	260.127
247	314.41	254.061
248	312.052	247.812
249	310.133	241.378
250	308.656	234.759
251	307.618	227.956
252	307.021	220.969
253	306.864	213.797
254	307.148	206.441
255	404.326	343.879
256	410.809	346.671
257	417.326	349.18
258	423.878	351.407
259	430.464	353.352
260	437.084	355.014
261	443.739	356.394
262	450.427	357.491
263	457.15	358.306
264	463.908	358.839
265	470.699	359.089
266	477.525	359.057
267	484.384	358.743
268	491.279	358.146
269	498.207	357.267
270	505.169	356.105
271	612.46	305.92
272	614.924	299.633
273	617.6	293.466
274	620.487	287.419
275	623.586	281.494
276	626.896	275.688
277	630.417	270.004
278	634.15	264.439
279	638.095	258.996
280	642.251	253.673
281	6.78575	242.644
282	13.5686	244.936
283	20.3484	246.979
284	27.1253	248.772
285	33.8993	250.315
286	40.6703	251.608
287	47.4383	252.652
288	54.2034	253.446
289	60.9656	253.99
290	67.7247	254.285
291	74.481	254.33
292	81.2343	254.125
293	87.9846	253.671
294	94.732	252.967
295	101.476	252.013
296	108.218	250.81
297	114.957	249.357
298	121.692	247.654
299	128.425	245.702
300	135.154	243.5
301	141.881	241.048
302	155.435	242.722
303	162.29	246.344
304	169.169	249.211
305	176.073	251.325
306	183.002	252.685
307	189.956	253.291
308	196.934	253.142
309	203.938	252.24
310	210.966	250.584
311	218.018	248.174
312	225.096	245.01
313	236.462	235.054
314	240.986	229.481
315	245.769	224.374
316	250.812	219.732
317	256.114	215.556
318	261.676	211.845
319	267.497	208.599
320	273.577	205.819
321	279.917	203.505
322	286.517	201.655
323	293.376	200.271
324	300.494	199.353
325	305.149	192.613
326	302.773	186.282
327	300.745	179.909
328	299.065	173.492
329	297.732	167.032
330	296.748	160.529
331	296.111	153.983
332	295.823	147.393
333	295.882	140.76
334	296.288	134.084
335	297.043	127.365
336	393.96	186.906
337	397.848	180.963
338	401.958	175.228
339	406.29	169.7
340	410.845	164.38
341	415.621	159.267
342	420.62	154.362
343	425.841	149.664
344	431.284	145.174
345	436.949	140.892
346	649.056	240.545
347	652.066	233.267
348	655.649	226.636
349	659.804	220.652
350	664.532	215.314
351	669.832	210.624
352	675.705	206.581
353	682.151	203.185
354	689.169	200.436
355	696.759	198.334
356	641.399	243.711
357	636.253	238.896
358	631.181	234.024
359	626.182	229.096
360	621.256	224.112
361	616.404	219.072
362	611.625	213.976
363	606.92	208.823
364	602.288	203.614
365	597.729	198.349
366	593.244	193.027
367	588.832	187.649
368	584.494	182.215
369	580.229	176.725
370	576.037	171.179
371	571.918	165.576
372	567.874	159.917
373	563.902	154.202
374	560.004	148.431
375	556.179	142.603
376	552.428	136.72
377	548.75	130.78
378	545.145	124.783
379	541.614	118.731
380	538.156	112.622
381	534.771	106.457
382	531.46	100.236
383	707.976	190.492
384	710.735	184.055
385	713.197	177.568
386	715.363	171.031
387	717.234	164.445
388	718.808	157.808
389	720.087	151.122
390	721.07	144.386
391	721.757	137.6
392	722.148	130.764
393	722.243	123.879
394	722.042	116.943
395	721.545	109.958
396	126.433	82.4843
397	123.663	75.5159
398	120.595	68.8791
399	117.231	62.5738
400	113.569	56.6
401	109.61	50.9578
402	105.353	45.6471
403	100.8	40.668
404	95.9488	36.0204
405	90.8008	31.7043
406	85.3556	27.7198
407	79.6131	24.0668
408	73.5735	20.7454
409	67.2366	17.7555
410	60.6025	15.0971
411	53.6712	12.7703
412	46.4426	10.775
413	291.035	116.996
414	284.265	113.161
415	277.836	109.098
416	271.749	104.806
417	266.002	100.286
418	260.597	95.5371
419	255.533	90.5597
420	250.811	85.3537
421	246.429	79.9192
422	242.389	74.2562
423	238.689	68.3646
424	235.331	62.2446
425	232.315	55.8959
426	229.639	49.3188
427	227.304	42.5131
428	225.311	35.4789
429	223.659	28.2161
430	222.348	20.7248
431	221.378	13.005
432	449.521	134.921
433	456.115	132.846
434	462.619	130.592
435	469.033	128.159
436	475.357	125.546
437	481.591	122.753
438	487.735	119.782
439	493.789	116.631
440	499.753	113.3
441	505.627	109.791
442	511.411	106.102
443	517.105	102.233
444	522.709	98.1856
445	523.845	87.0055
446	520.493	80.0888
447	518.168	73.2086
448	516.869	66.3648
449	516.597	59.5574
450	517.351	52.7865
451	519.132	46.052
452	521.939	39.3539
453	525.772	32.6923
454	637.338	7.66528
455	640.827	14.7769
456	644.657	21.3347
457	648.828	27.3389
458	653.34	32.7893
459	658.193	37.6861
460	663.387	42.0291
461	668.921	45.8184
462	674.797	49.054
463	681.013	51.7359
464	687.571	53.8641
465	694.469	55.4386
466	701.708	56.4594
467	709.288	56.9265
468	717.209	56.8399
