NOMBRE : MTLARP5_8_5_2.dat
VERTICES ORIGINALES : 38
VERTICES TOTALES : 565
DEPOTS : 5
34
35
36
37
38
LINEAS ORIGINALES : 35
LINE 1 6 129.086 11
	39 12.6443
	40 12.1142
	41 11.6854
	42 11.3691
	43 11.1751
	44 11.1096
	45 11.1751
	46 11.3691
	47 11.6854
	48 12.1142
	6 12.6443
LINE 2 7 144.817 13
	49 11.8031
	50 11.4794
	51 11.2075
	52 10.9915
	53 10.8345
	54 10.7392
	55 10.7072
	56 10.7392
	57 10.8345
	58 10.9915
	59 11.2075
	60 11.4794
	7 11.8031
LINE 2 8 256.896 23
	61 11.7261
	62 11.5779
	63 11.4422
	64 11.3193
	65 11.2098
	66 11.114
	67 11.0323
	68 10.965
	69 10.9124
	70 10.8747
	71 10.8519
	72 10.8444
	73 10.8519
	74 10.8747
	75 10.9124
	76 10.965
	77 11.0323
	78 11.114
	79 11.2098
	80 11.3193
	81 11.4422
	82 11.5779
	8 11.7261
LINE 3 9 176.457 16
	83 11.4816
	84 11.3037
	85 11.1488
	86 11.0182
	87 10.9125
	88 10.8326
	89 10.779
	90 10.752
	91 10.752
	92 10.779
	93 10.8326
	94 10.9125
	95 11.0182
	96 11.1488
	97 11.3037
	9 11.4816
LINE 4 10 227.092 21
	98 10.9772
	99 10.9286
	100 10.8849
	101 10.8462
	102 10.8125
	103 10.784
	104 10.7605
	105 10.7423
	106 10.7292
	107 10.7214
	108 10.7188
	109 10.7214
	110 10.7292
	111 10.7423
	112 10.7605
	113 10.784
	114 10.8125
	115 10.8462
	116 10.8849
	117 10.9286
	10 10.9772
LINE 4 11 242.408 23
	118 10.5438
	119 10.5426
	120 10.5415
	121 10.5406
	122 10.5397
	123 10.539
	124 10.5384
	125 10.5379
	126 10.5375
	127 10.5372
	128 10.5371
	129 10.537
	130 10.5371
	131 10.5372
	132 10.5375
	133 10.5379
	134 10.5384
	135 10.539
	136 10.5397
	137 10.5406
	138 10.5415
	139 10.5426
	11 10.5438
LINE 5 11 127.234 12
	140 11.075
	141 10.8219
	142 10.6151
	143 10.4573
	144 10.3507
	145 10.297
	146 10.297
	147 10.3507
	148 10.4573
	149 10.6151
	150 10.8219
	11 11.075
LINE 5 12 299.697 28
	151 10.9407
	152 10.8885
	153 10.8402
	154 10.7957
	155 10.7551
	156 10.7184
	157 10.6857
	158 10.657
	159 10.6324
	160 10.6118
	161 10.5953
	162 10.5829
	163 10.5746
	164 10.5705
	165 10.5705
	166 10.5746
	167 10.5829
	168 10.5953
	169 10.6118
	170 10.6324
	171 10.657
	172 10.6857
	173 10.7184
	174 10.7551
	175 10.7957
	176 10.8402
	177 10.8885
	12 10.9407
LINE 6 7 159.013 14
	178 12.2447
	179 11.8486
	180 11.5081
	181 11.2283
	182 11.0137
	183 10.8683
	184 10.7949
	185 10.7949
	186 10.8683
	187 11.0137
	188 11.2283
	189 11.5081
	190 11.8486
	7 12.2447
LINE 7 8 138.435 13
	191 10.7398
	192 10.6945
	193 10.6573
	194 10.6282
	195 10.6074
	196 10.595
	197 10.5908
	198 10.595
	199 10.6074
	200 10.6282
	201 10.6573
	202 10.6945
	8 10.7398
LINE 8 16 212.902 19
	203 11.9342
	204 11.6984
	205 11.4864
	206 11.2994
	207 11.1387
	208 11.0055
	209 10.9008
	210 10.8254
	211 10.7799
	212 10.7647
	213 10.7799
	214 10.8254
	215 10.9008
	216 11.0055
	217 11.1387
	218 11.2994
	219 11.4864
	220 11.6984
	16 11.9342
LINE 10 11 95.82 9
	221 11.2845
	222 10.8153
	223 10.4673
	224 10.2528
	225 10.1803
	226 10.2528
	227 10.4673
	228 10.8153
	11 11.2845
LINE 10 17 110.259 10
	229 11.2417
	230 11.0988
	231 10.9904
	232 10.9176
	233 10.881
	234 10.881
	235 10.9176
	236 10.9904
	237 11.0988
	17 11.2417
LINE 11 12 246.441 22
	238 12.2291
	239 11.9481
	240 11.6894
	241 11.4545
	242 11.245
	243 11.0622
	244 10.9076
	245 10.7822
	246 10.6873
	247 10.6235
	248 10.5915
	249 10.5915
	250 10.6235
	251 10.6873
	252 10.7822
	253 10.9076
	254 11.0622
	255 11.245
	256 11.4545
	257 11.6894
	258 11.9481
	12 12.2291
LINE 13 19 171.539 16
	259 10.9005
	260 10.8293
	261 10.7679
	262 10.7165
	263 10.6751
	264 10.6441
	265 10.6233
	266 10.6129
	267 10.6129
	268 10.6233
	269 10.6441
	270 10.6751
	271 10.7165
	272 10.7679
	273 10.8293
	19 10.9005
LINE 14 15 157.335 15
	274 10.5696
	275 10.5352
	276 10.506
	277 10.482
	278 10.4633
	279 10.4499
	280 10.4419
	281 10.4392
	282 10.4419
	283 10.4499
	284 10.4633
	285 10.482
	286 10.506
	287 10.5352
	15 10.5696
LINE 15 21 199.099 18
	288 11.4064
	289 11.2862
	290 11.18
	291 11.0882
	292 11.0111
	293 10.949
	294 10.9023
	295 10.8709
	296 10.8553
	297 10.8553
	298 10.8709
	299 10.9023
	300 10.949
	301 11.0111
	302 11.0882
	303 11.18
	304 11.2862
	21 11.4064
LINE 15 22 200.518 18
	305 11.4552
	306 11.3454
	307 11.2484
	308 11.1645
	309 11.0942
	310 11.0376
	311 10.995
	312 10.9664
	313 10.9522
	314 10.9522
	315 10.9664
	316 10.995
	317 11.0376
	318 11.0942
	319 11.1645
	320 11.2484
	321 11.3454
	22 11.4552
LINE 16 17 167.384 15
	322 11.7979
	323 11.5307
	324 11.2997
	325 11.1071
	326 10.955
	327 10.845
	328 10.7785
	329 10.7562
	330 10.7785
	331 10.845
	332 10.955
	333 11.1071
	334 11.2997
	335 11.5307
	17 11.7979
LINE 17 23 198.266 18
	336 11.7411
	337 11.4923
	338 11.2701
	339 11.0761
	340 10.9118
	341 10.7786
	342 10.6775
	343 10.6097
	344 10.5756
	345 10.5756
	346 10.6097
	347 10.6775
	348 10.7786
	349 10.9118
	350 11.0761
	351 11.2701
	352 11.4923
	23 11.7411
LINE 17 24 231.545 21
	353 11.7525
	354 11.5412
	355 11.3489
	356 11.1764
	357 11.0247
	358 10.8947
	359 10.7871
	360 10.7028
	361 10.6421
	362 10.6055
	363 10.5933
	364 10.6055
	365 10.6421
	366 10.7028
	367 10.7871
	368 10.8947
	369 11.0247
	370 11.1764
	371 11.3489
	372 11.5412
	24 11.7525
LINE 17 25 242.888 22
	373 11.5305
	374 11.3934
	375 11.2686
	376 11.1565
	377 11.0575
	378 10.9719
	379 10.9001
	380 10.8423
	381 10.7987
	382 10.7696
	383 10.755
	384 10.755
	385 10.7696
	386 10.7987
	387 10.8423
	388 10.9001
	389 10.9719
	390 11.0575
	391 11.1565
	392 11.2686
	393 11.3934
	25 11.5305
LINE 18 25 102.173 9
	394 11.6755
	395 11.4355
	396 11.261
	397 11.1549
	398 11.1194
	399 11.1549
	400 11.261
	401 11.4355
	25 11.6755
LINE 20 21 117.314 11
	402 10.9995
	403 10.8011
	404 10.6442
	405 10.5307
	406 10.462
	407 10.439
	408 10.462
	409 10.5307
	410 10.6442
	411 10.8011
	21 10.9995
LINE 20 26 158.469 14
	412 12.2492
	413 11.8344
	414 11.4773
	415 11.1834
	416 10.9579
	417 10.8048
	418 10.7275
	419 10.7275
	420 10.8048
	421 10.9579
	422 11.1834
	423 11.4773
	424 11.8344
	26 12.2492
LINE 21 27 195.769 18
	425 11.4998
	426 11.2853
	427 11.0943
	428 10.9278
	429 10.7872
	430 10.6733
	431 10.5871
	432 10.5293
	433 10.5002
	434 10.5002
	435 10.5293
	436 10.5871
	437 10.6733
	438 10.7872
	439 10.9278
	440 11.0943
	441 11.2853
	27 11.4998
LINE 21 28 222.718 21
	442 10.7596
	443 10.7138
	444 10.6725
	445 10.636
	446 10.6043
	447 10.5774
	448 10.5553
	449 10.5381
	450 10.5258
	451 10.5184
	452 10.5159
	453 10.5184
	454 10.5258
	455 10.5381
	456 10.5553
	457 10.5774
	458 10.6043
	459 10.636
	460 10.6725
	461 10.7138
	28 10.7596
LINE 22 23 160.237 14
	462 12.4159
	463 11.9836
	464 11.611
	465 11.3041
	466 11.0684
	467 10.9084
	468 10.8275
	469 10.8275
	470 10.9084
	471 11.0684
	472 11.3041
	473 11.611
	474 11.9836
	23 12.4159
LINE 23 24 115.614 11
	475 10.868
	476 10.6561
	477 10.4883
	478 10.3668
	479 10.2932
	480 10.2686
	481 10.2932
	482 10.3668
	483 10.4883
	484 10.6561
	24 10.868
LINE 23 29 182.626 17
	485 11.2427
	486 11.0591
	487 10.8974
	488 10.7588
	489 10.644
	490 10.5538
	491 10.4889
	492 10.4498
	493 10.4367
	494 10.4498
	495 10.4889
	496 10.5538
	497 10.644
	498 10.7588
	499 10.8974
	500 11.0591
	29 11.2427
LINE 23 30 280.289 25
	501 11.8636
	502 11.7052
	503 11.5586
	504 11.4244
	505 11.303
	506 11.1948
	507 11.1001
	508 11.0194
	509 10.9529
	510 10.9009
	511 10.8636
	512 10.8412
	513 10.8337
	514 10.8412
	515 10.8636
	516 10.9009
	517 10.9529
	518 11.0194
	519 11.1001
	520 11.1948
	521 11.303
	522 11.4244
	523 11.5586
	524 11.7052
	30 11.8636
LINE 26 27 79.493 7
	525 11.6936
	526 11.3586
	527 11.1527
	528 11.0833
	529 11.1527
	530 11.3586
	27 11.6936
LINE 29 30 151.874 14
	531 10.9399
	532 10.8977
	533 10.8624
	534 10.8341
	535 10.8129
	536 10.7986
	537 10.7915
	538 10.7915
	539 10.7986
	540 10.8129
	541 10.8341
	542 10.8624
	543 10.8977
	30 10.9399
LINE 30 31 173.988 16
	544 11.5355
	545 11.278
	546 11.0524
	547 10.8609
	548 10.7052
	549 10.587
	550 10.5074
	551 10.4674
	552 10.4674
	553 10.5074
	554 10.587
	555 10.7052
	556 10.8609
	557 11.0524
	558 11.278
	31 11.5355
LINE 32 33 94.0859 8
	559 12.3602
	560 11.8539
	561 11.5039
	562 11.3249
	563 11.3249
	564 11.5039
	565 11.8539
	33 12.3602
COORDENADAS :
1	65.6488	439.633
2	156.862	437.862
3	351.492	421.292
4	443.446	456.061
5	545.132	419.395
6	90.8699	362.164
7	190.977	351.564
8	278.768	324.777
9	395.668	315.492
10	496.153	315.559
11	553.171	337.466
12	704.64	303.264
13	741.402	336.225
14	165.578	206.125
15	253.818	261.906
16	351.996	209.756
17	444.459	264.713
18	541.31	202.794
19	739.812	223.046
20	99.7313	127.4
21	165.997	165.73
22	294.305	136.894
23	394.649	148.045
24	463.54	117.639
25	536.006	136.289
26	102.538	27.4065
27	152.579	40.4871
28	253.562	47.3788
29	401.872	29.9829
30	498.018	0
31	601.571	41.6065
32	690.733	39.8654
33	745.672	15.0609
34	502.042	109.879
35	308.335	506.009
36	0	432.124
37	127.909	69.64
38	27.4422	133.332
39	64.1142	431.344
40	63.3451	423.304
41	63.3414	415.514
42	64.1033	407.973
43	65.6306	400.681
44	67.9235	393.639
45	70.9818	386.845
46	74.8056	380.301
47	79.3949	374.006
48	84.7497	367.961
49	156.407	430.006
50	156.465	422.353
51	157.037	414.904
52	158.121	407.657
53	159.719	400.613
54	161.83	393.771
55	164.454	387.133
56	167.592	380.698
57	171.242	374.465
58	175.406	368.435
59	180.083	362.609
60	185.273	356.985
61	164.185	435.125
62	171.324	432.191
63	178.279	429.058
64	185.051	425.727
65	191.638	422.198
66	198.041	418.47
67	204.261	414.545
68	210.297	410.421
69	216.149	406.099
70	221.817	401.578
71	227.301	396.86
72	232.601	391.943
73	237.717	386.828
74	242.65	381.515
75	247.398	376.004
76	251.963	370.294
77	256.344	364.386
78	260.541	358.28
79	264.554	351.976
80	268.383	345.474
81	272.029	338.773
82	275.49	331.874
83	356.736	415.717
84	361.649	410.003
85	366.231	404.151
86	370.482	398.16
87	374.402	392.032
88	377.991	385.765
89	381.249	379.36
90	384.175	372.816
91	386.771	366.135
92	389.035	359.315
93	390.968	352.357
94	392.57	345.26
95	393.841	338.026
96	394.781	330.653
97	395.39	323.142
98	447.434	449.925
99	451.275	443.733
100	454.967	437.486
101	458.511	431.184
102	461.908	424.826
103	465.157	418.413
104	468.258	411.944
105	471.212	405.42
106	474.017	398.84
107	476.675	392.205
108	479.184	385.514
109	481.547	378.768
110	483.761	371.967
111	485.827	365.11
112	487.746	358.197
113	489.516	351.23
114	491.139	344.206
115	492.615	337.128
116	493.942	329.993
117	495.121	322.804
118	448.401	451.075
119	453.34	446.074
120	458.261	441.057
121	463.166	436.025
122	468.054	430.977
123	472.925	425.914
124	477.78	420.836
125	482.617	415.741
126	487.438	410.632
127	492.243	405.506
128	497.03	400.366
129	501.801	395.209
130	506.554	390.038
131	511.291	384.85
132	516.012	379.647
133	520.715	374.429
134	525.402	369.195
135	530.072	363.946
136	534.725	358.681
137	539.362	353.401
138	543.982	348.105
139	548.585	342.793
140	543.085	412.301
141	541.532	405.256
142	540.474	398.259
143	539.909	391.31
144	539.838	384.41
145	540.261	377.559
146	541.177	370.755
147	542.588	364.001
148	544.493	357.294
149	546.892	350.637
150	549.784	344.027
151	551.937	416.77
152	558.659	414.032
153	565.3	411.18
154	571.859	408.217
155	578.335	405.14
156	584.73	401.951
157	591.042	398.649
158	597.272	395.234
159	603.42	391.707
160	609.486	388.066
161	615.47	384.313
162	621.372	380.448
163	627.192	376.469
164	632.93	372.378
165	638.586	368.174
166	644.159	363.858
167	649.651	359.428
168	655.06	354.886
169	660.388	350.231
170	665.633	345.464
171	670.796	340.583
172	675.877	335.59
173	680.876	330.484
174	685.793	325.266
175	690.628	319.935
176	695.381	314.491
177	700.052	308.934
178	97.6135	357.564
179	104.42	353.555
180	111.288	350.137
181	118.22	347.311
182	125.214	345.075
183	132.27	343.431
184	139.389	342.379
185	146.571	341.917
186	153.816	342.047
187	161.123	342.768
188	168.492	344.08
189	175.925	345.983
190	183.419	348.478
191	198.077	350.64
192	205.119	349.527
193	212.103	348.224
194	219.03	346.732
195	225.899	345.05
196	232.71	343.179
197	239.463	341.118
198	246.158	338.868
199	252.796	336.429
200	259.375	333.8
201	265.897	330.982
202	272.361	327.974
203	279.724	316.878
204	281.003	309.185
205	282.604	301.697
206	284.526	294.413
207	286.77	287.334
208	289.337	280.461
209	292.225	273.792
210	295.435	267.329
211	298.967	261.07
212	302.821	255.016
213	306.998	249.168
214	311.496	243.524
215	316.315	238.085
216	321.457	232.851
217	326.921	227.822
218	332.707	222.998
219	338.815	218.379
220	345.244	213.965
221	501.324	321.023
222	506.786	325.729
223	512.54	329.678
224	518.584	332.87
225	524.919	335.304
226	531.546	336.981
227	538.463	337.9
228	545.671	338.062
229	492.312	309.123
230	488.177	302.988
231	483.745	297.152
232	479.019	291.618
233	473.997	286.383
234	468.68	281.448
235	463.068	276.814
236	457.16	272.48
237	450.957	268.446
238	560.954	339.892
239	568.652	341.938
240	576.265	343.605
241	583.792	344.893
242	591.233	345.802
243	598.589	346.332
244	605.859	346.483
245	613.044	346.255
246	620.143	345.648
247	627.156	344.662
248	634.084	343.297
249	640.926	341.553
250	647.682	339.43
251	654.353	336.928
252	660.939	334.046
253	667.439	330.786
254	673.853	327.147
255	680.182	323.128
256	686.425	318.731
257	692.582	313.954
258	698.654	308.799
259	742.964	329.128
260	744.305	322.034
261	745.425	314.943
262	746.323	307.856
263	746.999	300.771
264	747.453	293.69
265	747.686	286.611
266	747.698	279.536
267	747.488	272.464
268	747.056	265.395
269	746.403	258.329
270	745.528	251.266
271	744.431	244.207
272	743.113	237.15
273	741.574	230.097
274	172.051	208.911
275	178.439	211.83
276	184.742	214.883
277	190.962	218.068
278	197.097	221.387
279	203.148	224.84
280	209.115	228.425
281	214.998	232.144
282	220.796	235.996
283	226.511	239.981
284	232.14	244.099
285	237.686	248.351
286	243.148	252.736
287	248.525	257.254
288	250.666	254.985
289	247.312	248.25
290	243.754	241.701
291	239.992	235.337
292	236.028	229.159
293	231.86	223.167
294	227.489	217.36
295	222.915	211.738
296	218.138	206.302
297	213.157	201.052
298	207.974	195.987
299	202.587	191.108
300	196.996	186.414
301	191.203	181.906
302	185.206	177.584
303	179.006	173.447
304	172.603	169.495
305	253.934	254.27
306	254.301	246.715
307	254.919	239.242
308	255.788	231.849
309	256.908	224.539
310	258.279	217.309
311	259.901	210.161
312	261.774	203.094
313	263.898	196.108
314	266.273	189.204
315	268.898	182.38
316	271.775	175.639
317	274.903	168.978
318	278.281	162.399
319	281.911	155.9
320	285.791	149.484
321	289.923	143.148
322	356.509	216.198
323	361.258	222.243
324	366.243	227.891
325	371.464	233.142
326	376.92	237.996
327	382.613	242.453
328	388.541	246.514
329	394.705	250.177
330	401.106	253.444
331	407.741	256.315
332	414.613	258.788
333	421.721	260.864
334	429.064	262.544
335	436.644	263.827
336	438.559	259.568
337	433.028	254.267
338	427.866	248.808
339	423.072	243.192
340	418.646	237.418
341	414.589	231.488
342	410.9	225.399
343	407.58	219.154
344	404.629	212.751
345	402.046	206.191
346	399.832	199.473
347	397.986	192.598
348	396.508	185.566
349	395.399	178.377
350	394.659	171.03
351	394.287	163.526
352	394.284	155.864
353	442.003	257.273
354	439.883	249.876
355	438.1	242.523
356	436.653	235.214
357	435.542	227.949
358	434.769	220.727
359	434.331	213.549
360	434.231	206.415
361	434.466	199.324
362	435.038	192.277
363	435.947	185.273
364	437.192	178.313
365	438.774	171.397
366	440.692	164.525
367	442.946	157.696
368	445.538	150.911
369	448.465	144.169
370	451.729	137.471
371	455.33	130.817
372	459.267	124.206
373	446.361	257.265
374	448.478	249.97
375	450.81	242.829
376	453.358	235.841
377	456.12	229.007
378	459.098	222.326
379	462.291	215.798
380	465.699	209.424
381	469.322	203.203
382	473.161	197.135
383	477.214	191.221
384	481.483	185.46
385	485.967	179.853
386	490.666	174.399
387	495.581	169.098
388	500.71	163.951
389	506.055	158.957
390	511.615	154.117
391	517.39	149.43
392	523.38	144.896
393	529.585	140.516
394	538.354	195.594
395	535.99	188.346
396	534.218	181.051
397	533.037	173.708
398	532.448	166.319
399	532.45	158.882
400	533.044	151.398
401	534.229	143.867
402	106.913	128.884
403	113.862	130.768
404	120.581	133.053
405	127.068	135.737
406	133.323	138.821
407	139.347	142.306
408	145.14	146.19
409	150.702	150.475
410	156.031	155.16
411	161.13	160.245
412	95.9797	120.147
413	92.836	112.911
414	90.3005	105.691
415	88.3729	98.4892
416	87.0533	91.3041
417	86.3418	84.1361
418	86.2383	76.9851
419	86.7428	69.8513
420	87.8554	62.7345
421	89.5759	55.6348
422	91.9045	48.5521
423	94.8411	41.4865
424	98.3857	34.438
425	168.365	158.438
426	170.368	151.186
427	172.003	143.973
428	173.273	136.799
429	174.176	129.664
430	174.713	122.569
431	174.883	115.513
432	174.687	108.496
433	174.125	101.519
434	173.196	94.5805
435	171.901	87.6814
436	170.24	80.8216
437	168.212	74.0011
438	165.818	67.2198
439	163.058	60.4777
440	159.931	53.7749
441	156.438	47.1114
442	168.946	159.191
443	172.018	152.742
444	175.211	146.384
445	178.527	140.116
446	181.964	133.939
447	185.524	127.852
448	189.205	121.855
449	193.009	115.948
450	196.934	110.132
451	200.982	104.406
452	205.152	98.77
453	209.444	93.2245
454	213.857	87.7693
455	218.393	82.4045
456	223.051	77.1299
457	227.831	71.9457
458	232.733	66.8517
459	237.757	61.848
460	242.903	56.9346
461	248.171	52.1115
462	301.921	133.652
463	309.468	131.032
464	316.946	129.033
465	324.356	127.655
466	331.696	126.899
467	338.967	126.764
468	346.168	127.25
469	353.301	128.357
470	360.365	130.085
471	367.36	132.435
472	374.286	135.405
473	381.143	138.998
474	387.93	143.211
475	399.954	143.11
476	405.45	138.609
477	411.138	134.542
478	417.018	130.91
479	423.089	127.712
480	429.352	124.947
481	435.806	122.617
482	442.452	120.722
483	449.29	119.26
484	456.319	118.233
485	392.292	140.93
486	390.283	133.837
487	388.622	126.764
488	387.309	119.713
489	386.343	112.683
490	385.725	105.674
491	385.454	98.6869
492	385.531	91.7208
493	385.956	84.7759
494	386.729	77.8524
495	387.849	70.9501
496	389.317	64.069
497	391.133	57.2093
498	393.296	50.3708
499	395.807	43.5535
500	398.665	36.7576
501	401.427	143.969
502	407.984	139.738
503	414.321	135.354
504	420.438	130.816
505	426.334	126.125
506	432.011	121.279
507	437.467	116.28
508	442.703	111.127
509	447.718	105.82
510	452.514	100.36
511	457.089	94.7456
512	461.444	88.9776
513	465.579	83.0558
514	469.493	76.9802
515	473.188	70.7509
516	476.662	64.3677
517	479.916	57.8308
518	482.949	51.1402
519	485.763	44.2958
520	488.356	37.2976
521	490.729	30.1456
522	492.881	22.8398
523	494.814	15.3803
524	496.526	7.76705
525	110.316	26.8705
526	117.883	27.136
527	125.242	28.203
528	132.39	30.0717
529	139.329	32.7419
530	146.059	36.2137
531	409.097	28.9874
532	416.267	27.8156
533	423.382	26.4674
534	430.442	24.943
535	437.447	23.2422
536	444.397	21.365
537	451.292	19.3115
538	458.132	17.0817
539	464.917	14.6756
540	471.647	12.0931
541	478.323	9.33435
542	484.943	6.39923
543	491.508	3.28778
544	503.282	5.60601
545	508.708	10.8113
546	514.294	15.6158
547	520.042	20.0196
548	525.95	24.0226
549	532.02	27.6248
550	538.25	30.8264
551	544.642	33.6272
552	551.194	36.0272
553	557.908	38.0265
554	564.782	39.625
555	571.818	40.8228
556	579.015	41.6198
557	586.372	42.0161
558	593.891	42.0117
559	698.973	39.8049
560	706.821	38.8757
561	714.277	37.078
562	721.34	34.4117
563	728.011	30.8769
564	734.29	26.4735
565	740.177	21.2015
