NOMBRE : MTLARP5_8_3_1.dat
VERTICES ORIGINALES : 29
VERTICES TOTALES : 405
DEPOTS : 3
27
28
29
LINEAS ORIGINALES : 25
LINE 1 5 219.286 21
	30 10.8722
	31 10.7457
	32 10.6312
	33 10.5292
	34 10.44
	35 10.3639
	36 10.3012
	37 10.2522
	38 10.2171
	39 10.1959
	40 10.1888
	41 10.1959
	42 10.2171
	43 10.2522
	44 10.3012
	45 10.3639
	46 10.44
	47 10.5292
	48 10.6312
	49 10.7457
	5 10.8722
LINE 2 8 144.735 13
	50 12.005
	51 11.5828
	52 11.2256
	53 10.9397
	54 10.7308
	55 10.6035
	56 10.5607
	57 10.6035
	58 10.7308
	59 10.9397
	60 11.2256
	61 11.5828
	8 12.005
LINE 3 9 137.747 13
	62 11.3494
	63 10.9834
	64 10.6745
	65 10.428
	66 10.2483
	67 10.1389
	68 10.1022
	69 10.1389
	70 10.2483
	71 10.428
	72 10.6745
	73 10.9834
	9 11.3494
LINE 4 5 136.569 13
	74 10.5789
	75 10.5422
	76 10.5121
	77 10.4886
	78 10.4718
	79 10.4617
	80 10.4583
	81 10.4617
	82 10.4718
	83 10.4886
	84 10.5121
	85 10.5422
	5 10.5789
LINE 6 7 123.08 11
	86 11.6291
	87 11.3689
	88 11.1624
	89 11.0125
	90 10.9216
	91 10.8911
	92 10.9216
	93 11.0125
	94 11.1624
	95 11.3689
	7 11.6291
LINE 6 11 209.537 18
	96 13.5118
	97 12.8968
	98 12.3336
	99 11.8295
	100 11.3924
	101 11.0302
	102 10.7506
	103 10.5601
	104 10.4635
	105 10.4635
	106 10.5601
	107 10.7506
	108 11.0302
	109 11.3924
	110 11.8295
	111 12.3336
	112 12.8968
	11 13.5118
LINE 7 11 203.881 19
	113 11.5667
	114 11.2978
	115 11.0551
	116 10.8403
	117 10.6553
	118 10.5014
	119 10.3802
	120 10.2927
	121 10.2398
	122 10.2222
	123 10.2398
	124 10.2927
	125 10.3802
	126 10.5014
	127 10.6553
	128 10.8403
	129 11.0551
	130 11.2978
	11 11.5667
LINE 7 12 227.483 21
	131 11.5429
	132 11.3363
	133 11.1482
	134 10.9795
	135 10.8312
	136 10.7042
	137 10.599
	138 10.5166
	139 10.4573
	140 10.4215
	141 10.4096
	142 10.4215
	143 10.4573
	144 10.5166
	145 10.599
	146 10.7042
	147 10.8312
	148 10.9795
	149 11.1482
	150 11.3363
	12 11.5429
LINE 8 12 110.217 11
	151 10.0416
	152 10.0285
	153 10.0183
	154 10.011
	155 10.0066
	156 10.0051
	157 10.0066
	158 10.011
	159 10.0183
	160 10.0285
	12 10.0416
LINE 8 13 200.958 18
	161 12.5197
	162 12.0666
	163 11.6557
	164 11.2917
	165 10.979
	166 10.7224
	167 10.5258
	168 10.3927
	169 10.3255
	170 10.3255
	171 10.3927
	172 10.5258
	173 10.7224
	174 10.979
	175 11.2917
	176 11.6557
	177 12.0666
	13 12.5197
LINE 9 13 208.399 19
	178 11.4413
	179 11.2868
	180 11.1487
	181 11.0276
	182 10.9241
	183 10.8386
	184 10.7717
	185 10.7237
	186 10.6947
	187 10.6851
	188 10.6947
	189 10.7237
	190 10.7717
	191 10.8386
	192 10.9241
	193 11.0276
	194 11.1487
	195 11.2868
	13 11.4413
LINE 9 14 222.737 21
	196 10.6219
	197 10.6173
	198 10.6131
	199 10.6095
	200 10.6064
	201 10.6037
	202 10.6015
	203 10.5998
	204 10.5986
	205 10.5979
	206 10.5976
	207 10.5979
	208 10.5986
	209 10.5998
	210 10.6015
	211 10.6037
	212 10.6064
	213 10.6095
	214 10.6131
	215 10.6173
	14 10.6219
LINE 10 15 145.953 14
	216 10.4613
	217 10.4447
	218 10.4308
	219 10.4196
	220 10.4113
	221 10.4057
	222 10.4029
	223 10.4029
	224 10.4057
	225 10.4113
	226 10.4196
	227 10.4308
	228 10.4447
	15 10.4613
LINE 11 17 121.778 11
	229 11.3618
	230 11.1889
	231 11.0525
	232 10.9541
	233 10.8946
	234 10.8747
	235 10.8946
	236 10.9541
	237 11.0525
	238 11.1889
	17 11.3618
LINE 13 14 155.733 15
	239 10.4125
	240 10.3995
	241 10.3886
	242 10.3796
	243 10.3726
	244 10.3676
	245 10.3646
	246 10.3636
	247 10.3646
	248 10.3676
	249 10.3726
	250 10.3796
	251 10.3886
	252 10.3995
	14 10.4125
LINE 13 19 204.663 20
	253 10.2825
	254 10.2669
	255 10.2531
	256 10.241
	257 10.2306
	258 10.2219
	259 10.2149
	260 10.2097
	261 10.2062
	262 10.2045
	263 10.2045
	264 10.2062
	265 10.2097
	266 10.2149
	267 10.2219
	268 10.2306
	269 10.241
	270 10.2531
	271 10.2669
	19 10.2825
LINE 15 21 174.994 17
	272 10.4125
	273 10.3682
	274 10.3297
	275 10.2969
	276 10.2701
	277 10.2491
	278 10.2341
	279 10.2251
	280 10.2221
	281 10.2251
	282 10.2341
	283 10.2491
	284 10.2701
	285 10.2969
	286 10.3297
	287 10.3682
	21 10.4125
LINE 16 22 90.9369 9
	288 10.1042
	289 10.1041
	290 10.1041
	291 10.104
	292 10.104
	293 10.104
	294 10.1041
	295 10.1041
	22 10.1042
LINE 17 23 173.324 16
	296 11.2025
	297 11.0568
	298 10.9304
	299 10.8239
	300 10.738
	301 10.6731
	302 10.6296
	303 10.6078
	304 10.6078
	305 10.6296
	306 10.6731
	307 10.738
	308 10.8239
	309 10.9304
	310 11.0568
	23 11.2025
LINE 18 23 192.754 18
	311 11.5404
	312 11.257
	313 11.003
	314 10.7805
	315 10.5915
	316 10.4378
	317 10.3211
	318 10.2425
	319 10.203
	320 10.203
	321 10.2425
	322 10.3211
	323 10.4378
	324 10.5915
	325 10.7805
	326 11.003
	327 11.257
	23 11.5404
LINE 19 20 178.33 16
	328 11.895
	329 11.6039
	330 11.3485
	331 11.1312
	332 10.9543
	333 10.8197
	334 10.729
	335 10.6834
	336 10.6834
	337 10.729
	338 10.8197
	339 10.9543
	340 11.1312
	341 11.3485
	342 11.6039
	20 11.895
LINE 19 26 180.429 17
	343 10.6326
	344 10.6254
	345 10.6192
	346 10.614
	347 10.6097
	348 10.6063
	349 10.6039
	350 10.6025
	351 10.602
	352 10.6025
	353 10.6039
	354 10.6063
	355 10.6097
	356 10.614
	357 10.6192
	358 10.6254
	26 10.6326
LINE 22 23 214.13 19
	359 12.769
	360 12.2985
	361 11.8678
	362 11.4816
	363 11.1443
	364 10.8605
	365 10.6346
	366 10.4702
	367 10.3704
	368 10.3368
	369 10.3704
	370 10.4702
	371 10.6346
	372 10.8605
	373 11.1443
	374 11.4816
	375 11.8678
	376 12.2985
	23 12.769
LINE 23 24 113.889 10
	377 12.3931
	378 11.744
	379 11.2326
	380 10.8783
	381 10.6967
	382 10.6967
	383 10.8783
	384 11.2326
	385 11.744
	24 12.3931
LINE 25 26 232.303 21
	386 12.3276
	387 11.9676
	388 11.6361
	389 11.3355
	390 11.0684
	391 10.8372
	392 10.6444
	393 10.4919
	394 10.3817
	395 10.3149
	396 10.2926
	397 10.3149
	398 10.3817
	399 10.4919
	400 10.6444
	401 10.8372
	402 11.0684
	403 11.3355
	404 11.6361
	405 11.9676
	26 12.3276
COORDENADAS :
1	161.528	443.546
2	554.645	411.876
3	666.066	440.062
4	79.1633	342.839
5	159.524	300.916
6	352	350.733
7	428.71	328.496
8	572.663	322.141
9	633.581	358.759
10	190.751	230.773
11	350.473	225.326
12	552.502	251.594
13	648.435	224.232
14	745.286	261.113
15	147.1	144.048
16	265.963	106.024
17	379.546	151.066
18	454.09	127.368
19	688.565	94.2277
20	795.878	132.386
21	129.789	29.498
22	239.838	51.3181
23	370.127	38.338
24	440.103	51.2561
25	634.886	0
26	778.272	14.2897
27	0	474.615
28	193.268	140.956
29	444.569	253.112
30	163.962	436.719
31	166.142	429.895
32	168.07	423.075
33	169.745	416.258
34	171.166	409.445
35	172.335	402.635
36	173.252	395.829
37	173.915	389.026
38	174.325	382.227
39	174.483	375.432
40	174.387	368.64
41	174.039	361.852
42	173.438	355.067
43	172.584	348.286
44	171.477	341.508
45	170.117	334.734
46	168.504	327.963
47	166.638	321.196
48	164.52	314.433
49	162.149	307.673
50	552.3	404.224
51	550.576	396.697
52	549.474	389.295
53	548.995	382.017
54	549.137	374.865
55	549.901	367.837
56	551.287	360.935
57	553.295	354.157
58	555.924	347.504
59	559.176	340.976
60	563.05	334.572
61	567.545	328.294
62	660.365	435.087
63	655.197	429.899
64	650.564	424.498
65	646.464	418.884
66	642.898	413.056
67	639.865	407.015
68	637.366	400.761
69	635.401	394.294
70	633.97	387.613
71	633.072	380.72
72	632.708	373.613
73	632.878	366.292
74	85.836	340.556
75	92.4268	338.115
76	98.9357	335.518
77	105.363	332.763
78	111.708	329.852
79	117.972	326.784
80	124.153	323.56
81	130.253	320.178
82	136.271	316.639
83	142.207	312.944
84	148.061	309.092
85	153.834	305.083
86	358.217	346.101
87	364.586	341.991
88	371.105	338.403
89	377.776	335.338
90	384.599	332.794
91	391.572	330.773
92	398.697	329.273
93	405.973	328.296
94	413.401	327.84
95	420.98	327.907
96	357.624	343.696
97	362.577	336.668
98	366.857	329.648
99	370.466	322.635
100	373.404	315.632
101	375.67	308.636
102	377.264	301.648
103	378.186	294.669
104	378.437	287.698
105	378.017	280.735
106	376.924	273.78
107	375.16	266.834
108	372.725	259.895
109	369.618	252.965
110	365.839	246.043
111	361.389	239.129
112	356.267	232.223
113	421.717	325.246
114	415.044	321.754
115	408.69	318.02
116	402.655	314.044
117	396.94	309.825
118	391.545	305.364
119	386.469	300.661
120	381.712	295.715
121	377.275	290.528
122	373.157	285.098
123	369.359	279.425
124	365.88	273.511
125	362.72	267.354
126	359.88	260.955
127	357.36	254.314
128	355.159	247.43
129	353.278	240.304
130	351.715	232.936
131	432.851	322.009
132	437.166	315.805
133	441.657	309.884
134	446.324	304.244
135	451.166	298.888
136	456.184	293.813
137	461.376	289.022
138	466.745	284.512
139	472.289	280.285
140	478.008	276.341
141	483.903	272.679
142	489.973	269.299
143	496.219	266.202
144	502.64	263.387
145	509.237	260.855
146	516.009	258.606
147	522.957	256.638
148	530.08	254.953
149	537.379	253.551
150	544.853	252.431
151	570.282	315.884
152	568.01	309.596
153	565.849	303.276
154	563.797	296.926
155	561.854	290.544
156	560.021	284.13
157	558.298	277.686
158	556.685	271.21
159	555.181	264.702
160	553.787	258.164
161	573.133	313.807
162	574.043	305.815
163	575.393	298.162
164	577.183	290.85
165	579.413	283.879
166	582.083	277.248
167	585.193	270.958
168	588.743	265.008
169	592.732	259.398
170	597.162	254.129
171	602.031	249.2
172	607.341	244.612
173	613.09	240.364
174	619.279	236.457
175	625.908	232.89
176	632.977	229.664
177	640.486	226.778
178	637.073	351.978
179	640.265	345.163
180	643.155	338.316
181	645.743	331.435
182	648.031	324.521
183	650.017	317.574
184	651.703	310.593
185	653.087	303.579
186	654.17	296.532
187	654.951	289.452
188	655.432	282.338
189	655.611	275.191
190	655.49	268.011
191	655.067	260.798
192	654.343	253.551
193	653.318	246.271
194	651.991	238.958
195	650.364	231.612
196	639.215	354.469
197	644.818	350.143
198	650.389	345.782
199	655.929	341.384
200	661.437	336.95
201	666.913	332.481
202	672.359	327.975
203	677.772	323.433
204	683.155	318.855
205	688.505	314.241
206	693.825	309.592
207	699.112	304.906
208	704.369	300.184
209	709.594	295.426
210	714.787	290.632
211	719.949	285.802
212	725.079	280.937
213	730.178	276.035
214	735.246	271.097
215	740.281	266.123
216	188.292	224.247
217	185.731	217.772
218	183.07	211.347
219	180.307	204.974
220	177.442	198.652
221	174.476	192.381
222	171.409	186.161
223	168.24	179.992
224	164.97	173.873
225	161.599	167.806
226	158.126	161.79
227	154.552	155.825
228	150.877	149.911
229	355.159	219.375
230	359.436	213.264
231	363.305	206.993
232	366.765	200.562
233	369.817	193.971
234	372.46	187.22
235	374.694	180.309
236	376.52	173.238
237	377.937	166.007
238	378.946	158.617
239	655.131	226.063
240	661.793	227.983
241	668.42	229.993
242	675.014	232.093
243	681.573	234.282
244	688.098	236.562
245	694.589	238.931
246	701.046	241.389
247	707.468	243.938
248	713.856	246.576
249	720.211	249.304
250	726.531	252.122
251	732.817	255.029
252	739.068	258.026
253	651.248	217.981
254	653.976	211.703
255	656.619	205.399
256	659.177	199.07
257	661.65	192.713
258	664.039	186.331
259	666.342	179.923
260	668.561	173.488
261	670.695	167.027
262	672.744	160.54
263	674.708	154.027
264	676.587	147.487
265	678.381	140.921
266	680.091	134.329
267	681.715	127.711
268	683.255	121.067
269	684.71	114.396
270	686.08	107.7
271	687.365	100.977
272	144.775	137.507
273	142.613	130.942
274	140.615	124.352
275	138.78	117.737
276	137.109	111.097
277	135.6	104.433
278	134.255	97.7444
279	133.074	91.0308
280	132.056	84.2925
281	131.201	77.5296
282	130.509	70.742
283	129.981	63.9297
284	129.616	57.0927
285	129.414	50.231
286	129.376	43.3447
287	129.501	36.4337
288	263.022	99.9643
289	260.09	93.8997
290	257.168	87.8304
291	254.256	81.7565
292	251.353	75.6781
293	248.46	69.595
294	245.576	63.5073
295	242.703	57.415
296	376.559	144.221
297	373.892	137.349
298	371.545	130.45
299	369.518	123.525
300	367.81	116.573
301	366.422	109.594
302	365.354	102.589
303	364.605	95.5568
304	364.176	88.498
305	364.067	81.4124
306	364.278	74.3001
307	364.808	67.1611
308	365.658	59.9954
309	366.828	52.803
310	368.318	45.5838
311	452.045	119.951
312	449.692	112.825
313	447.031	105.989
314	444.062	99.4444
315	440.784	93.1902
316	437.198	87.2266
317	433.304	81.5538
318	429.102	76.1716
319	424.592	71.0802
320	419.773	66.2794
321	414.646	61.7693
322	409.211	57.5499
323	403.467	53.6212
324	397.416	49.9832
325	391.056	46.6358
326	384.388	43.5792
327	377.411	40.8132
328	696.443	93.3199
329	704.165	92.8512
330	711.73	92.8215
331	719.14	93.2308
332	726.393	94.0791
333	733.491	95.3664
334	740.432	97.0928
335	747.217	99.2582
336	753.846	101.863
337	760.319	104.906
338	766.636	108.389
339	772.796	112.31
340	778.801	116.671
341	784.649	121.47
342	790.342	126.709
343	693.485	89.1244
344	698.449	84.0711
345	703.458	79.068
346	708.511	74.1151
347	713.609	69.2123
348	718.752	64.3596
349	723.94	59.5571
350	729.172	54.8047
351	734.449	50.1025
352	739.77	45.4504
353	745.137	40.8484
354	750.548	36.2966
355	756.003	31.795
356	761.503	27.3434
357	767.048	22.942
358	772.638	18.5908
359	246.2	45.662
360	252.617	40.5584
361	259.089	36.0073
362	265.616	32.0089
363	272.198	28.5629
364	278.835	25.6696
365	285.527	23.3287
366	292.275	21.5405
367	299.077	20.3048
368	305.934	19.6216
369	312.846	19.491
370	319.814	19.9129
371	326.836	20.8874
372	333.914	22.4145
373	341.046	24.4941
374	348.234	27.1262
375	355.476	30.3109
376	362.774	34.0482
377	377.887	35.5012
378	385.477	33.582
379	392.898	32.5802
380	400.15	32.4958
381	407.232	33.3289
382	414.145	35.0794
383	420.889	37.7474
384	427.463	41.3329
385	433.868	45.8358
386	641.266	5.18131
387	647.69	9.91254
388	654.159	14.1937
389	660.673	18.0247
390	667.232	21.4057
391	673.835	24.3366
392	680.484	26.8174
393	687.177	28.8481
394	693.915	30.4288
395	700.699	31.5593
396	707.526	32.2398
397	714.399	32.4701
398	721.317	32.2504
399	728.279	31.5806
400	735.287	30.4608
401	742.339	28.8908
402	749.436	26.8707
403	756.578	24.4006
404	763.764	21.4804
405	770.996	18.1101
