NOMBRE : MTLARP7_9_3_2.dat
VERTICES ORIGINALES : 57
VERTICES TOTALES : 925
DEPOTS : 3
55
56
57
LINEAS ORIGINALES : 58
LINE 1 2 192.609 17
	58 11.8942
	59 11.6873
	60 11.505
	61 11.3484
	62 11.2187
	63 11.1167
	64 11.0433
	65 10.9991
	66 10.9843
	67 10.9991
	68 11.0433
	69 11.1167
	70 11.2187
	71 11.3484
	72 11.505
	73 11.6873
	2 11.8942
LINE 3 11 87.7523 8
	74 11.108
	75 10.9893
	76 10.9095
	77 10.8694
	78 10.8694
	79 10.9095
	80 10.9893
	11 11.108
LINE 4 5 99.9814 9
	81 11.1117
	82 11.1097
	83 11.1083
	84 11.1074
	85 11.1071
	86 11.1074
	87 11.1083
	88 11.1097
	5 11.1117
LINE 5 6 198.364 18
	89 11.4378
	90 11.2929
	91 11.1647
	92 11.0535
	93 10.9601
	94 10.8847
	95 10.8278
	96 10.7898
	97 10.7707
	98 10.7707
	99 10.7898
	100 10.8278
	101 10.8847
	102 10.9601
	103 11.0535
	104 11.1647
	105 11.2929
	6 11.4378
LINE 6 7 162.895 14
	106 12.6179
	107 12.1801
	108 11.8028
	109 11.4921
	110 11.2534
	111 11.0915
	112 11.0096
	113 11.0096
	114 11.0915
	115 11.2534
	116 11.4921
	117 11.8028
	118 12.1801
	7 12.6179
LINE 6 15 196.268 18
	119 11.0162
	120 10.9767
	121 10.942
	122 10.9122
	123 10.8873
	124 10.8673
	125 10.8523
	126 10.8423
	127 10.8373
	128 10.8373
	129 10.8423
	130 10.8523
	131 10.8673
	132 10.8873
	133 10.9122
	134 10.942
	135 10.9767
	15 11.0162
LINE 7 16 143.873 13
	136 11.4919
	137 11.2828
	138 11.1088
	139 10.9716
	140 10.8725
	141 10.8126
	142 10.7926
	143 10.8126
	144 10.8725
	145 10.9716
	146 11.1088
	147 11.2828
	16 11.4919
LINE 8 18 145.722 13
	148 11.4451
	149 11.3282
	150 11.2318
	151 11.1561
	152 11.1018
	153 11.0691
	154 11.0581
	155 11.0691
	156 11.1018
	157 11.1561
	158 11.2318
	159 11.3282
	18 11.4451
LINE 9 18 188.173 17
	160 11.5526
	161 11.3748
	162 11.2184
	163 11.0843
	164 10.9734
	165 10.8864
	166 10.8238
	167 10.7861
	168 10.7735
	169 10.7861
	170 10.8238
	171 10.8864
	172 10.9734
	173 11.0843
	174 11.2184
	175 11.3748
	18 11.5526
LINE 10 11 104.435 10
	176 10.5029
	177 10.4634
	178 10.4337
	179 10.4138
	180 10.4038
	181 10.4038
	182 10.4138
	183 10.4337
	184 10.4634
	11 10.5029
LINE 10 19 172.907 16
	185 11.1147
	186 10.993
	187 10.8877
	188 10.7991
	189 10.7277
	190 10.6738
	191 10.6378
	192 10.6197
	193 10.6197
	194 10.6378
	195 10.6738
	196 10.7277
	197 10.7991
	198 10.8877
	199 10.993
	19 11.1147
LINE 10 20 228.147 21
	200 11.1779
	201 11.085
	202 11.0013
	203 10.9269
	204 10.862
	205 10.8068
	206 10.7614
	207 10.726
	208 10.7006
	209 10.6854
	210 10.6803
	211 10.6854
	212 10.7006
	213 10.726
	214 10.7614
	215 10.8068
	216 10.862
	217 10.9269
	218 11.0013
	219 11.085
	20 11.1779
LINE 12 13 129.414 11
	220 12.6386
	221 12.1286
	222 11.7167
	223 11.4133
	224 11.2274
	225 11.1647
	226 11.2274
	227 11.4133
	228 11.7167
	229 12.1286
	13 12.6386
LINE 13 14 205.103 18
	230 12.341
	231 12.0193
	232 11.7305
	233 11.4773
	234 11.2619
	235 11.0866
	236 10.9532
	237 10.8634
	238 10.8183
	239 10.8183
	240 10.8634
	241 10.9532
	242 11.0866
	243 11.2619
	244 11.4773
	245 11.7305
	246 12.0193
	14 12.341
LINE 13 23 268.836 24
	247 11.7604
	248 11.6181
	249 11.4872
	250 11.3682
	251 11.2613
	252 11.1669
	253 11.0853
	254 11.0169
	255 10.9619
	256 10.9204
	257 10.8927
	258 10.8788
	259 10.8788
	260 10.8927
	261 10.9204
	262 10.9619
	263 11.0169
	264 11.0853
	265 11.1669
	266 11.2613
	267 11.3682
	268 11.4872
	269 11.6181
	23 11.7604
LINE 15 16 240.622 21
	270 12.5937
	271 12.2685
	272 11.97
	273 11.7003
	274 11.4614
	275 11.2553
	276 11.0839
	277 10.9486
	278 10.851
	279 10.792
	280 10.7723
	281 10.792
	282 10.851
	283 10.9486
	284 11.0839
	285 11.2553
	286 11.4614
	287 11.7003
	288 11.97
	289 12.2685
	16 12.5937
LINE 16 24 192.499 18
	290 10.7839
	291 10.7525
	292 10.7248
	293 10.7011
	294 10.6813
	295 10.6654
	296 10.6535
	297 10.6455
	298 10.6416
	299 10.6416
	300 10.6455
	301 10.6535
	302 10.6654
	303 10.6813
	304 10.7011
	305 10.7248
	306 10.7525
	24 10.7839
LINE 17 18 117.462 11
	307 10.7066
	308 10.6897
	309 10.6765
	310 10.6671
	311 10.6615
	312 10.6596
	313 10.6615
	314 10.6671
	315 10.6765
	316 10.6897
	18 10.7066
LINE 18 19 211.027 19
	317 11.7963
	318 11.5729
	319 11.3722
	320 11.1953
	321 11.0434
	322 10.9176
	323 10.8187
	324 10.7475
	325 10.7046
	326 10.6902
	327 10.7046
	328 10.7475
	329 10.8187
	330 10.9176
	331 11.0434
	332 11.1953
	333 11.3722
	334 11.5729
	19 11.7963
LINE 19 20 179.303 16
	335 11.3777
	336 11.3097
	337 11.251
	338 11.2019
	339 11.1625
	340 11.1328
	341 11.113
	342 11.103
	343 11.103
	344 11.113
	345 11.1328
	346 11.1625
	347 11.2019
	348 11.251
	349 11.3097
	20 11.3777
LINE 19 26 274.668 25
	350 11.1026
	351 11.0738
	352 11.0474
	353 11.0235
	354 11.002
	355 10.9831
	356 10.9666
	357 10.9527
	358 10.9412
	359 10.9323
	360 10.926
	361 10.9222
	362 10.9209
	363 10.9222
	364 10.926
	365 10.9323
	366 10.9412
	367 10.9527
	368 10.9666
	369 10.9831
	370 11.002
	371 11.0235
	372 11.0474
	373 11.0738
	26 11.1026
LINE 19 27 172.957 16
	374 10.8158
	375 10.8134
	376 10.8114
	377 10.8097
	378 10.8083
	379 10.8073
	380 10.8066
	381 10.8063
	382 10.8063
	383 10.8066
	384 10.8073
	385 10.8083
	386 10.8097
	387 10.8114
	388 10.8134
	27 10.8158
LINE 20 21 122.02 11
	389 11.8012
	390 11.3861
	391 11.0525
	392 10.8079
	393 10.6584
	394 10.6081
	395 10.6584
	396 10.8079
	397 11.0525
	398 11.3861
	21 11.8012
LINE 20 27 226.986 21
	399 11.0576
	400 10.9838
	401 10.9174
	402 10.8584
	403 10.807
	404 10.7633
	405 10.7275
	406 10.6995
	407 10.6795
	408 10.6674
	409 10.6634
	410 10.6674
	411 10.6795
	412 10.6995
	413 10.7275
	414 10.7633
	415 10.807
	416 10.8584
	417 10.9174
	418 10.9838
	27 11.0576
LINE 22 23 172.011 15
	419 12.0136
	420 11.7843
	421 11.5867
	422 11.4224
	423 11.293
	424 11.1997
	425 11.1433
	426 11.1245
	427 11.1433
	428 11.1997
	429 11.293
	430 11.4224
	431 11.5867
	432 11.7843
	23 12.0136
LINE 25 26 147.883 13
	433 12.0349
	434 11.7129
	435 11.4427
	436 11.2281
	437 11.0722
	438 10.9776
	439 10.9459
	440 10.9776
	441 11.0722
	442 11.2281
	443 11.4427
	444 11.7129
	26 12.0349
LINE 27 34 144.492 13
	445 11.2934
	446 11.2047
	447 11.1316
	448 11.0744
	449 11.0333
	450 11.0087
	451 11.0004
	452 11.0087
	453 11.0333
	454 11.0744
	455 11.1316
	456 11.2047
	34 11.2934
LINE 28 29 221.272 20
	457 11.6501
	458 11.4694
	459 11.3064
	460 11.1618
	461 11.0364
	462 10.9307
	463 10.8455
	464 10.7811
	465 10.738
	466 10.7164
	467 10.7164
	468 10.738
	469 10.7811
	470 10.8455
	471 10.9307
	472 11.0364
	473 11.1618
	474 11.3064
	475 11.4694
	29 11.6501
LINE 28 34 71.0297 7
	476 10.2835
	477 10.1475
	478 10.0651
	479 10.0375
	480 10.0651
	481 10.1475
	34 10.2835
LINE 29 30 207.287 19
	482 11.0112
	483 10.9776
	484 10.9478
	485 10.9219
	486 10.9
	487 10.882
	488 10.868
	489 10.858
	490 10.852
	491 10.85
	492 10.852
	493 10.858
	494 10.868
	495 10.882
	496 10.9
	497 10.9219
	498 10.9478
	499 10.9776
	30 11.0112
LINE 29 35 182.765 16
	500 11.8979
	501 11.7113
	502 11.549
	503 11.412
	504 11.3012
	505 11.2173
	506 11.1611
	507 11.1328
	508 11.1328
	509 11.1611
	510 11.2173
	511 11.3012
	512 11.412
	513 11.549
	514 11.7113
	35 11.8979
LINE 30 31 134.262 12
	515 11.7386
	516 11.4443
	517 11.2032
	518 11.019
	519 10.8944
	520 10.8316
	521 10.8316
	522 10.8944
	523 11.019
	524 11.2032
	525 11.4443
	31 11.7386
LINE 30 36 143.439 13
	526 11.7488
	527 11.4005
	528 11.1075
	529 10.8741
	530 10.7042
	531 10.601
	532 10.5664
	533 10.601
	534 10.7042
	535 10.8741
	536 11.1075
	537 11.4005
	36 11.7488
LINE 31 36 225.819 21
	538 10.7692
	539 10.7644
	540 10.7601
	541 10.7564
	542 10.7531
	543 10.7504
	544 10.7481
	545 10.7463
	546 10.7451
	547 10.7443
	548 10.7441
	549 10.7443
	550 10.7451
	551 10.7463
	552 10.7481
	553 10.7504
	554 10.7531
	555 10.7564
	556 10.7601
	557 10.7644
	36 10.7692
LINE 31 37 144.696 13
	558 11.2288
	559 11.1798
	560 11.1396
	561 11.1082
	562 11.0857
	563 11.0722
	564 11.0677
	565 11.0722
	566 11.0857
	567 11.1082
	568 11.1396
	569 11.1798
	37 11.2288
LINE 31 38 240.045 22
	570 10.9367
	571 10.9294
	572 10.9228
	573 10.917
	574 10.9119
	575 10.9075
	576 10.9039
	577 10.9009
	578 10.8987
	579 10.8973
	580 10.8965
	581 10.8965
	582 10.8973
	583 10.8987
	584 10.9009
	585 10.9039
	586 10.9075
	587 10.9119
	588 10.917
	589 10.9228
	590 10.9294
	38 10.9367
LINE 32 40 195.448 17
	591 12.5606
	592 12.1778
	593 11.836
	594 11.5389
	595 11.29
	596 11.0925
	597 10.9493
	598 10.8624
	599 10.8333
	600 10.8624
	601 10.9493
	602 11.0925
	603 11.29
	604 11.5389
	605 11.836
	606 12.1778
	40 12.5606
LINE 33 34 101.093 9
	607 11.5047
	608 11.3022
	609 11.1553
	610 11.0662
	611 11.0363
	612 11.0662
	613 11.1553
	614 11.3022
	34 11.5047
LINE 34 42 164.154 15
	615 11.6814
	616 11.3742
	617 11.1076
	618 10.8847
	619 10.708
	620 10.58
	621 10.5025
	622 10.4765
	623 10.5025
	624 10.58
	625 10.708
	626 10.8847
	627 11.1076
	628 11.3742
	42 11.6814
LINE 35 42 232.399 21
	629 11.2196
	630 11.174
	631 11.133
	632 11.0968
	633 11.0653
	634 11.0385
	635 11.0166
	636 10.9995
	637 10.9873
	638 10.98
	639 10.9775
	640 10.98
	641 10.9873
	642 10.9995
	643 11.0166
	644 11.0385
	645 11.0653
	646 11.0968
	647 11.133
	648 11.174
	42 11.2196
LINE 37 44 182.629 16
	649 11.9489
	650 11.7395
	651 11.5569
	652 11.4025
	653 11.2775
	654 11.1828
	655 11.1192
	656 11.0873
	657 11.0873
	658 11.1192
	659 11.1828
	660 11.2775
	661 11.4025
	662 11.5569
	663 11.7395
	44 11.9489
LINE 38 39 153.674 14
	664 11.8054
	665 11.4347
	666 11.1165
	667 10.8551
	668 10.6549
	669 10.5193
	670 10.4509
	671 10.4509
	672 10.5193
	673 10.6549
	674 10.8551
	675 11.1165
	676 11.4347
	39 11.8054
LINE 38 45 95.502 8
	677 12.7225
	678 12.0625
	679 11.6017
	680 11.3643
	681 11.3643
	682 11.6017
	683 12.0625
	45 12.7225
LINE 40 47 164.151 15
	684 11.0517
	685 11.0055
	686 10.9662
	687 10.934
	688 10.9089
	689 10.8909
	690 10.8801
	691 10.8765
	692 10.8801
	693 10.8909
	694 10.9089
	695 10.934
	696 10.9662
	697 11.0055
	47 11.0517
LINE 41 42 129.821 11
	698 12.5536
	699 12.1131
	700 11.7591
	701 11.4996
	702 11.341
	703 11.2877
	704 11.341
	705 11.4996
	706 11.7591
	707 12.1131
	42 12.5536
LINE 41 48 164.192 15
	708 10.9661
	709 10.9576
	710 10.9503
	711 10.9444
	712 10.9397
	713 10.9364
	714 10.9344
	715 10.9338
	716 10.9344
	717 10.9364
	718 10.9397
	719 10.9444
	720 10.9503
	721 10.9576
	48 10.9661
LINE 41 49 274.328 25
	722 11.322
	723 11.2361
	724 11.1572
	725 11.0852
	726 11.0205
	727 10.963
	728 10.913
	729 10.8705
	730 10.8356
	731 10.8083
	732 10.7888
	733 10.7771
	734 10.7732
	735 10.7771
	736 10.7888
	737 10.8083
	738 10.8356
	739 10.8705
	740 10.913
	741 10.963
	742 11.0205
	743 11.0852
	744 11.1572
	745 11.2361
	49 11.322
LINE 42 49 180.607 17
	746 10.7238
	747 10.6865
	748 10.6541
	749 10.6266
	750 10.6041
	751 10.5865
	752 10.5739
	753 10.5664
	754 10.5638
	755 10.5664
	756 10.5739
	757 10.5865
	758 10.6041
	759 10.6266
	760 10.6541
	761 10.6865
	49 10.7238
LINE 43 50 280.574 25
	762 12.2215
	763 11.9824
	764 11.7599
	765 11.5548
	766 11.3682
	767 11.201
	768 11.0541
	769 10.9282
	770 10.8241
	771 10.7424
	772 10.6837
	773 10.6483
	774 10.6365
	775 10.6483
	776 10.6837
	777 10.7424
	778 10.8241
	779 10.9282
	780 11.0541
	781 11.201
	782 11.3682
	783 11.5548
	784 11.7599
	785 11.9824
	50 12.2215
LINE 43 51 228.139 20
	786 12.0154
	787 11.828
	788 11.6589
	789 11.5089
	790 11.3788
	791 11.2691
	792 11.1807
	793 11.1139
	794 11.0691
	795 11.0467
	796 11.0467
	797 11.0691
	798 11.1139
	799 11.1807
	800 11.2691
	801 11.3788
	802 11.5089
	803 11.6589
	804 11.828
	51 12.0154
LINE 43 52 227.798 21
	805 10.8591
	806 10.8556
	807 10.8525
	808 10.8498
	809 10.8474
	810 10.8454
	811 10.8438
	812 10.8425
	813 10.8416
	814 10.841
	815 10.8409
	816 10.841
	817 10.8416
	818 10.8425
	819 10.8438
	820 10.8454
	821 10.8474
	822 10.8498
	823 10.8525
	824 10.8556
	52 10.8591
LINE 45 46 168.227 16
	825 10.5208
	826 10.5181
	827 10.5159
	828 10.514
	829 10.5125
	830 10.5113
	831 10.5106
	832 10.5102
	833 10.5102
	834 10.5106
	835 10.5113
	836 10.5125
	837 10.514
	838 10.5159
	839 10.5181
	46 10.5208
LINE 45 53 176.462 16
	840 11.2073
	841 11.1364
	842 11.0753
	843 11.0242
	844 10.983
	845 10.9521
	846 10.9314
	847 10.9211
	848 10.9211
	849 10.9314
	850 10.9521
	851 10.983
	852 11.0242
	853 11.0753
	854 11.1364
	53 11.2073
LINE 46 54 171.014 16
	855 10.7972
	856 10.7539
	857 10.7166
	858 10.6854
	859 10.6604
	860 10.6416
	861 10.6291
	862 10.6228
	863 10.6228
	864 10.6291
	865 10.6416
	866 10.6604
	867 10.6854
	868 10.7166
	869 10.7539
	54 10.7972
LINE 50 51 163.408 15
	870 10.9429
	871 10.9219
	872 10.9041
	873 10.8896
	874 10.8782
	875 10.8701
	876 10.8652
	877 10.8636
	878 10.8652
	879 10.8701
	880 10.8782
	881 10.8896
	882 10.9041
	883 10.9219
	51 10.9429
LINE 51 52 219.311 19
	884 12.6102
	885 12.2691
	886 11.9601
	887 11.6856
	888 11.4483
	889 11.2503
	890 11.0939
	891 10.9809
	892 10.9125
	893 10.8896
	894 10.9125
	895 10.9809
	896 11.0939
	897 11.2503
	898 11.4483
	899 11.6856
	900 11.9601
	901 12.2691
	52 12.6102
LINE 52 53 94.0911 8
	902 12.2036
	903 11.8286
	904 11.5719
	905 11.4414
	906 11.4414
	907 11.5719
	908 11.8286
	53 12.2036
LINE 53 54 196.317 18
	909 11.0983
	910 11.0312
	911 10.9721
	912 10.9212
	913 10.8786
	914 10.8444
	915 10.8187
	916 10.8015
	917 10.7929
	918 10.7929
	919 10.8015
	920 10.8187
	921 10.8444
	922 10.8786
	923 10.9212
	924 10.9721
	925 11.0312
	54 11.0983
COORDENADAS :
1	102.322	615.802
2	226.276	604.283
3	305.106	599.045
4	524.768	645.042
5	591.376	642.878
6	720.566	640.139
7	815.546	601.177
8	15.642	497.77
9	145.687	526.778
10	245.364	545.247
11	314.634	541.891
12	425.962	520.344
13	504.67	497.793
14	634.151	506.165
15	681.724	516.035
16	832.38	509.169
17	0	428.223
18	78.1072	425.087
19	213.016	436.712
20	330.564	422.371
21	401.953	453.281
22	543.429	437.928
23	647.276	398.039
24	716.866	454.745
25	4.53963	315.744
26	97.3617	296.165
27	220.346	321.679
28	278.769	296.469
29	409.366	354.352
30	543.04	322.429
31	628.376	337.107
32	34.0526	255.576
33	218.248	235.947
34	282.997	249.818
35	409.821	235.64
36	518.727	234.14
37	634.591	241.389
38	701.517	195.012
39	796.178	218.206
40	93.7129	148.267
41	203.489	155.187
42	285.646	145.087
43	521.491	156.872
44	590.278	131.786
45	740.607	148.902
46	845.031	108.112
47	140.575	50.1154
48	244.204	53.7129
49	339.791	38.3059
50	390.449	37.4813
51	496.016	11.8415
52	628.72	49.4638
53	689.432	44.2683
54	811.132	0
55	489.953	464.139
56	553.593	201.802
57	583.449	721.541
58	109.895	618.153
59	117.433	620.126
60	124.935	621.72
61	132.403	622.935
62	139.835	623.772
63	147.232	624.23
64	154.594	624.31
65	161.92	624.011
66	169.212	623.333
67	176.468	622.277
68	183.689	620.842
69	190.875	619.029
70	198.025	616.837
71	205.141	614.266
72	212.221	611.317
73	219.266	607.99
74	304.775	591.647
75	304.88	584.322
76	305.419	577.069
77	306.392	569.888
78	307.801	562.78
79	309.644	555.744
80	311.921	548.781
81	532.162	644.587
82	539.558	644.187
83	546.955	643.839
84	554.354	643.545
85	561.755	643.305
86	569.158	643.118
87	576.562	642.984
88	583.968	642.904
89	598.499	640.156
90	605.628	637.736
91	612.763	635.618
92	619.905	633.803
93	627.054	632.291
94	634.208	631.08
95	641.37	630.172
96	648.537	629.567
97	655.711	629.263
98	662.892	629.262
99	670.079	629.564
100	677.272	630.167
101	684.472	631.073
102	691.678	632.282
103	698.89	633.793
104	706.109	635.606
105	713.334	637.721
106	728.915	641.169
107	737.023	641.613
108	744.89	641.47
109	752.516	640.741
110	759.902	639.424
111	767.048	637.521
112	773.952	635.032
113	780.616	631.955
114	787.039	628.292
115	793.222	624.043
116	799.164	619.206
117	804.865	613.783
118	810.326	607.774
119	717.148	633.639
120	713.878	627.092
121	710.757	620.499
122	707.783	613.859
123	704.958	607.174
124	702.282	600.441
125	699.753	593.663
126	697.373	586.838
127	695.141	579.966
128	693.057	573.048
129	691.122	566.084
130	689.334	559.073
131	687.695	552.016
132	686.204	544.913
133	684.862	537.763
134	683.668	530.567
135	682.622	523.324
136	814.252	593.626
137	813.389	586.154
138	812.958	578.76
139	812.959	571.446
140	813.391	564.21
141	814.254	557.054
142	815.549	549.976
143	817.276	542.978
144	819.433	536.058
145	822.023	529.217
146	825.044	522.456
147	828.496	515.773
148	18.955	490.896
149	22.5167	484.237
150	26.3271	477.791
151	30.3862	471.559
152	34.6939	465.541
153	39.2502	459.736
154	44.0552	454.145
155	49.1089	448.768
156	54.4113	443.604
157	59.9623	438.654
158	65.7619	433.918
159	71.8103	429.395
160	139.396	522.336
161	133.394	517.7
162	127.682	512.873
163	122.259	507.853
164	117.126	502.64
165	112.283	497.235
166	107.728	491.638
167	103.464	485.849
168	99.4884	479.867
169	95.8026	473.693
170	92.4063	467.326
171	89.2994	460.767
172	86.482	454.016
173	83.9541	447.072
174	81.7157	439.936
175	79.7667	432.607
176	252.244	543.947
177	259.135	542.861
178	266.036	541.989
179	272.947	541.332
180	279.869	540.89
181	286.801	540.661
182	293.744	540.647
183	300.697	540.847
184	307.66	541.262
185	245.443	537.837
186	245.241	530.511
187	244.76	523.269
188	243.998	516.11
189	242.957	509.034
190	241.635	502.042
191	240.033	495.134
192	238.152	488.309
193	235.99	481.567
194	233.548	474.909
195	230.826	468.334
196	227.824	461.843
197	224.542	455.435
198	220.98	449.111
199	217.138	442.87
200	247.615	538.143
201	250.046	531.164
202	252.657	524.311
203	255.45	517.582
204	258.423	510.979
205	261.576	504.502
206	264.911	498.149
207	268.426	491.922
208	272.122	485.821
209	275.998	479.844
210	280.055	473.993
211	284.293	468.267
212	288.712	462.666
213	293.311	457.191
214	298.091	451.841
215	303.051	446.616
216	308.192	441.517
217	313.514	436.542
218	319.017	431.693
219	324.7	426.97
220	434.205	522.09
221	442.231	523.077
222	450.038	523.304
223	457.629	522.773
224	465.001	521.482
225	472.157	519.432
226	479.094	516.622
227	485.815	513.054
228	492.317	508.726
229	498.602	503.639
230	512.119	494.301
231	519.538	491.274
232	526.927	488.713
233	534.286	486.617
234	541.615	484.987
235	548.914	483.823
236	556.183	483.124
237	563.421	482.891
238	570.63	483.123
239	577.808	483.821
240	584.956	484.984
241	592.074	486.613
242	599.162	488.708
243	606.22	491.268
244	613.248	494.294
245	620.246	497.786
246	627.213	501.743
247	508.903	491.194
248	513.285	484.807
249	517.815	478.633
250	522.494	472.671
251	527.321	466.921
252	532.298	461.384
253	537.422	456.059
254	542.695	450.947
255	548.117	446.047
256	553.688	441.359
257	559.407	436.884
258	565.274	432.622
259	571.291	428.571
260	577.456	424.734
261	583.769	421.108
262	590.231	417.695
263	596.842	414.495
264	603.601	411.507
265	610.508	408.731
266	617.565	406.168
267	624.77	403.817
268	632.123	401.678
269	639.625	399.752
270	688.7	511.363
271	695.696	507.126
272	702.712	503.324
273	709.747	499.955
274	716.802	497.022
275	723.877	494.522
276	730.972	492.457
277	738.087	490.827
278	745.222	489.631
279	752.376	488.87
280	759.55	488.543
281	766.744	488.65
282	773.958	489.192
283	781.191	490.169
284	788.444	491.58
285	795.717	493.425
286	803.01	495.705
287	810.323	498.419
288	817.655	501.568
289	825.008	505.151
290	825.465	507.201
291	818.609	505.108
292	811.812	502.891
293	805.072	500.551
294	798.392	498.086
295	791.77	495.496
296	785.206	492.783
297	778.701	489.946
298	772.254	486.984
299	765.866	483.899
300	759.536	480.689
301	753.265	477.355
302	747.052	473.897
303	740.898	470.315
304	734.802	466.608
305	728.765	462.778
306	722.786	458.823
307	7.07385	427.27
308	14.1531	426.451
309	21.2376	425.765
310	28.3276	425.213
311	35.4229	424.794
312	42.5235	424.509
313	49.6295	424.357
314	56.7409	424.339
315	63.8577	424.455
316	70.9798	424.704
317	85.4932	422.386
318	92.8474	420.053
319	100.17	418.089
320	107.461	416.492
321	114.72	415.264
322	121.947	414.404
323	129.143	413.911
324	136.307	413.787
325	143.439	414.031
326	150.539	414.643
327	157.608	415.623
328	164.645	416.971
329	171.65	418.687
330	178.624	420.771
331	185.566	423.223
332	192.476	426.043
333	199.355	429.232
334	206.201	432.788
335	220.564	437.464
336	228.085	437.996
337	235.579	438.309
338	243.047	438.401
339	250.487	438.274
340	257.901	437.927
341	265.288	437.36
342	272.648	436.574
343	279.981	435.568
344	287.288	434.342
345	294.568	432.896
346	301.821	431.231
347	309.047	429.346
348	316.246	427.241
349	323.418	424.916
350	207.36	431.938
351	201.79	427.093
352	196.306	422.177
353	190.907	417.191
354	185.594	412.134
355	180.367	407.007
356	175.226	401.808
357	170.171	396.54
358	165.201	391.2
359	160.318	385.79
360	155.52	380.31
361	150.808	374.758
362	146.182	369.137
363	141.641	363.444
364	137.187	357.681
365	132.818	351.847
366	128.535	345.943
367	124.338	339.968
368	120.227	333.922
369	116.201	327.806
370	112.262	321.619
371	108.408	315.362
372	104.64	309.033
373	100.958	302.635
374	213.777	429.542
375	214.497	422.369
376	215.177	415.194
377	215.816	408.016
378	216.416	400.835
379	216.975	393.652
380	217.493	386.466
381	217.971	379.278
382	218.409	372.087
383	218.807	364.894
384	219.164	357.698
385	219.481	350.499
386	219.758	343.298
387	219.994	336.094
388	220.19	328.888
389	338.424	422.018
390	346.009	422.297
391	353.321	423.209
392	360.358	424.754
393	367.122	426.931
394	373.612	429.741
395	379.828	433.184
396	385.77	437.259
397	391.438	441.967
398	396.832	447.308
399	326.631	416.136
400	322.567	410.045
401	318.371	404.098
402	314.044	398.295
403	309.585	392.636
404	304.994	387.121
405	300.272	381.75
406	295.418	376.523
407	290.433	371.44
408	285.316	366.501
409	280.068	361.706
410	274.688	357.055
411	269.176	352.549
412	263.533	348.186
413	257.758	343.967
414	251.852	339.892
415	245.814	335.962
416	239.644	332.175
417	233.343	328.532
418	226.91	325.034
419	551.436	438.091
420	559.289	437.852
421	566.986	437.209
422	574.529	436.162
423	581.917	434.713
424	589.15	432.86
425	596.228	430.604
426	603.151	427.945
427	609.919	424.882
428	616.533	421.416
429	622.991	417.547
430	629.295	413.275
431	635.443	408.6
432	641.437	403.521
433	10.9915	310.975
434	17.558	306.75
435	24.2393	303.068
436	31.0353	299.93
437	37.946	297.337
438	44.9715	295.287
439	52.1116	293.781
440	59.3665	292.818
441	66.7361	292.4
442	74.2204	292.526
443	81.8194	293.195
444	89.5332	294.408
445	226.45	317.271
446	232.339	312.676
447	238.014	307.895
448	243.476	302.927
449	248.723	297.772
450	253.757	292.431
451	258.576	286.904
452	263.181	281.189
453	267.573	275.288
454	271.75	269.201
455	275.713	262.927
456	279.462	256.466
457	284.063	302.152
458	289.487	307.542
459	295.041	312.638
460	300.725	317.44
461	306.539	321.949
462	312.483	326.164
463	318.557	330.086
464	324.762	333.714
465	331.096	337.049
466	337.561	340.09
467	344.156	342.837
468	350.881	345.291
469	357.736	347.451
470	364.721	349.318
471	371.837	350.891
472	379.082	352.17
473	386.458	353.156
474	393.964	353.848
475	401.6	354.247
476	277.889	289.67
477	277.503	282.916
478	277.612	276.207
479	278.216	269.542
480	279.315	262.923
481	280.909	256.348
482	416.692	353.889
483	423.986	353.291
484	431.247	352.557
485	438.476	351.689
486	445.673	350.685
487	452.838	349.546
488	459.971	348.271
489	467.071	346.862
490	474.138	345.317
491	481.174	343.637
492	488.177	341.821
493	495.148	339.871
494	502.087	337.785
495	508.993	335.563
496	515.867	333.207
497	522.709	330.715
498	529.518	328.089
499	536.295	325.326
500	412.199	346.943
501	414.658	339.533
502	416.743	332.121
503	418.454	324.708
504	419.791	317.294
505	420.755	309.878
506	421.344	302.46
507	421.56	295.042
508	421.401	287.621
509	420.868	280.2
510	419.962	272.777
511	418.682	265.352
512	417.027	257.926
513	414.999	250.499
514	412.597	243.07
515	549.638	326.637
516	556.329	330.303
517	563.114	333.426
518	569.992	336.006
519	576.963	338.043
520	584.028	339.538
521	591.186	340.49
522	598.437	340.899
523	605.782	340.765
524	613.22	340.089
525	620.752	338.869
526	537.868	316.547
527	533.247	310.513
528	529.175	304.328
529	525.654	297.991
530	522.683	291.502
531	520.263	284.862
532	518.393	278.071
533	517.073	271.128
534	516.303	264.034
535	516.084	256.787
536	516.414	249.39
537	517.295	241.841
538	623.49	331.847
539	618.571	326.623
540	613.618	321.434
541	608.631	316.281
542	603.611	311.163
543	598.557	306.081
544	593.47	301.035
545	588.349	296.025
546	583.195	291.05
547	578.007	286.111
548	572.785	281.208
549	567.53	276.341
550	562.242	271.509
551	556.92	266.713
552	551.564	261.952
553	546.175	257.228
554	540.753	252.539
555	535.296	247.886
556	529.807	243.268
557	524.284	238.686
558	627.594	329.663
559	627.022	322.231
560	626.659	314.814
561	626.507	307.41
562	626.565	300.02
563	626.833	292.643
564	627.311	285.28
565	627.999	277.931
566	628.897	270.595
567	630.006	263.273
568	631.324	255.965
569	632.852	248.67
570	631.145	330.363
571	633.967	323.645
572	636.842	316.954
573	639.77	310.291
574	642.75	303.655
575	645.784	297.047
576	648.87	290.465
577	652.009	283.911
578	655.202	277.384
579	658.447	270.884
580	661.745	264.412
581	665.096	257.966
582	668.5	251.548
583	671.957	245.158
584	675.467	238.794
585	679.029	232.458
586	682.645	226.149
587	686.313	219.867
588	690.035	213.612
589	693.809	207.385
590	697.637	201.185
591	33.8582	247.204
592	34.1267	239.09
593	34.8583	231.234
594	36.0529	223.634
595	37.7104	216.292
596	39.8309	209.208
597	42.4143	202.381
598	45.4608	195.811
599	48.9702	189.499
600	52.9426	183.444
601	57.378	177.647
602	62.2764	172.107
603	67.6377	166.824
604	73.4621	161.799
605	79.7494	157.031
606	86.4996	152.52
607	224.989	239.607
608	231.843	242.737
609	238.81	245.337
610	245.891	247.408
611	253.085	248.949
612	260.393	249.961
613	267.814	250.443
614	275.349	250.395
615	279.73	242.749
616	276.955	235.692
617	274.672	228.648
618	272.881	221.616
619	271.582	214.597
620	270.774	207.59
621	270.459	200.595
622	270.636	193.613
623	271.304	186.643
624	272.465	179.686
625	274.117	172.741
626	276.261	165.809
627	278.898	158.889
628	282.026	151.982
629	402.997	232.576
630	396.264	229.388
631	389.623	226.075
632	383.073	222.637
633	376.613	219.074
634	370.245	215.386
635	363.968	211.573
636	357.781	207.636
637	351.686	203.573
638	345.682	199.386
639	339.769	195.074
640	333.947	190.637
641	328.216	186.076
642	322.576	181.389
643	317.027	176.577
644	311.57	171.641
645	306.203	166.58
646	300.927	161.394
647	295.742	156.083
648	290.649	150.647
649	634.581	233.423
650	634.203	225.605
651	633.458	217.937
652	632.344	210.417
653	630.862	203.047
654	629.012	195.824
655	626.795	188.751
656	624.209	181.827
657	621.256	175.051
658	617.934	168.424
659	614.245	161.946
660	610.187	155.616
661	605.762	149.435
662	600.968	143.403
663	595.807	137.52
664	709.152	193.103
665	716.653	191.742
666	724.019	190.93
667	731.251	190.667
668	738.349	190.952
669	745.312	191.786
670	752.141	193.169
671	758.835	195.1
672	765.395	197.579
673	771.82	200.607
674	778.111	204.184
675	784.268	208.309
676	790.29	212.983
677	703.464	186.757
678	706.251	179.213
679	709.878	172.382
680	714.345	166.262
681	719.651	160.855
682	725.796	156.159
683	732.782	152.174
684	98.0161	142.287
685	102.151	136.226
686	106.117	130.085
687	109.915	123.863
688	113.545	117.561
689	117.006	111.178
690	120.298	104.715
691	123.422	98.1715
692	126.378	91.5476
693	129.165	84.8433
694	131.784	78.0586
695	134.234	71.1934
696	136.516	64.2478
697	138.63	57.2218
698	211.404	157.904
699	219.231	159.894
700	226.968	161.157
701	234.615	161.693
702	242.174	161.501
703	249.643	160.583
704	257.022	158.938
705	264.312	156.566
706	271.513	153.466
707	278.624	149.64
708	205.682	148.213
709	207.95	141.269
710	210.292	134.355
711	212.709	127.47
712	215.2	120.616
713	217.766	113.791
714	220.406	106.996
715	223.12	100.231
716	225.909	93.4963
717	228.772	86.7911
718	231.71	80.1157
719	234.722	73.4702
720	237.808	66.8546
721	240.969	60.2688
722	207.429	148.749
723	211.496	142.459
724	215.689	136.315
725	220.008	130.318
726	224.452	124.468
727	229.023	118.765
728	233.72	113.208
729	238.542	107.799
730	243.49	102.536
731	248.565	97.4204
732	253.765	92.4515
733	259.091	87.6294
734	264.543	82.9541
735	270.121	78.4258
736	275.825	74.0442
737	281.655	69.8095
738	287.611	65.7217
739	293.692	61.7808
740	299.9	57.9866
741	306.234	54.3394
742	312.693	50.839
743	319.279	47.4854
744	325.99	44.2787
745	332.827	41.2189
746	289.928	139.362
747	294.073	133.567
748	298.081	127.703
749	301.952	121.77
750	305.685	115.767
751	309.282	109.694
752	312.741	103.552
753	316.063	97.3404
754	319.248	91.0591
755	322.296	84.7084
756	325.207	78.2881
757	327.98	71.7982
758	330.617	65.2389
759	333.116	58.6099
760	335.478	51.9115
761	337.703	45.1435
762	518.952	149.131
763	516.188	141.636
764	513.198	134.388
765	509.983	127.388
766	506.543	120.635
767	502.878	114.129
768	498.987	107.87
769	494.872	101.859
770	490.531	96.0943
771	485.965	90.5771
772	481.173	85.3071
773	476.157	80.2843
774	470.915	75.5086
775	465.448	70.9801
776	459.756	66.6989
777	453.839	62.6648
778	447.696	58.8779
779	441.329	55.3382
780	434.736	52.0456
781	427.917	49.0003
782	420.874	46.2021
783	413.606	43.6511
784	406.112	41.3473
785	398.393	39.2907
786	523.325	149.075
787	524.832	141.335
788	526.012	133.652
789	526.865	126.027
790	527.39	118.46
791	527.589	110.95
792	527.46	103.497
793	527.004	96.1017
794	526.221	88.764
795	525.111	81.4837
796	523.674	74.2609
797	521.909	67.0955
798	519.818	59.9876
799	517.399	52.9372
800	514.653	45.9443
801	511.58	39.0088
802	508.179	32.1308
803	504.452	25.3102
804	500.398	18.5471
805	526.894	152.054
806	532.267	147.206
807	537.61	142.328
808	542.924	137.42
809	548.208	132.483
810	553.462	127.516
811	558.687	122.52
812	563.882	117.494
813	569.048	112.439
814	574.184	107.354
815	579.29	102.239
816	584.366	97.0947
817	589.413	91.9208
818	594.43	86.7173
819	599.418	81.4842
820	604.376	76.2215
821	609.304	70.9291
822	614.203	65.6072
823	619.071	60.2557
824	623.911	54.8745
825	747.019	146.059
826	753.446	143.256
827	759.888	140.491
828	766.346	137.766
829	772.819	135.08
830	779.308	132.433
831	785.811	129.825
832	792.33	127.256
833	798.864	124.726
834	805.414	122.235
835	811.978	119.783
836	818.558	117.371
837	825.154	114.997
838	831.764	112.663
839	838.39	110.368
840	738.919	141.624
841	737.029	134.444
842	734.939	127.362
843	732.647	120.379
844	730.153	113.495
845	727.458	106.709
846	724.562	100.022
847	721.464	93.4331
848	718.165	86.9427
849	714.664	80.5509
850	710.962	74.2575
851	707.059	68.0627
852	702.954	61.9663
853	698.648	55.9685
854	694.141	50.0692
855	844.145	100.968
856	843.094	93.8763
857	841.879	86.836
858	840.5	79.8472
859	838.956	72.9099
860	837.248	66.0242
861	835.376	59.1899
862	833.339	52.4072
863	831.138	45.676
864	828.773	38.9963
865	826.244	32.3681
866	823.55	25.7915
867	820.692	19.2663
868	817.67	12.7927
869	814.483	6.37059
870	397.693	36.6236
871	404.908	35.6441
872	412.094	34.5431
873	419.25	33.3204
874	426.376	31.976
875	433.473	30.51
876	440.541	28.9223
877	447.578	27.213
878	454.587	25.382
879	461.565	23.4294
880	468.515	21.3551
881	475.434	19.1592
882	482.324	16.8416
883	489.185	14.4024
884	501.844	17.9001
885	507.801	23.5056
886	513.886	28.6579
887	520.099	33.357
888	526.441	37.6029
889	532.912	41.3957
890	539.511	44.7354
891	546.239	47.6218
892	553.094	50.0551
893	560.079	52.0352
894	567.192	53.5622
895	574.433	54.636
896	581.803	55.2566
897	589.301	55.424
898	596.928	55.1383
899	604.684	54.3994
900	612.567	53.2074
901	620.58	51.5622
902	636.065	45.9653
903	643.48	43.2809
904	650.965	41.4105
905	658.519	40.354
906	666.143	40.1116
907	673.836	40.6832
908	681.599	42.0687
909	696.783	43.4317
910	704.065	42.4042
911	711.278	41.1858
912	718.421	39.7765
913	725.494	38.1762
914	732.499	36.3851
915	739.433	34.403
916	746.299	32.23
917	753.094	29.8661
918	759.821	27.3113
919	766.478	24.5656
920	773.065	21.629
921	779.583	18.5014
922	786.032	15.183
923	792.411	11.6736
924	798.721	7.9733
925	804.961	4.08211
