NOMBRE : MTLARP8_10_3_1.dat
VERTICES ORIGINALES : 65
VERTICES TOTALES : 873
DEPOTS : 3
63
64
65
LINEAS ORIGINALES : 54
LINE 1 2 189.218 17
	66 11.5845
	67 11.4173
	68 11.2705
	69 11.1447
	70 11.0407
	71 10.9591
	72 10.9005
	73 10.8652
	74 10.8534
	75 10.8652
	76 10.9005
	77 10.9591
	78 11.0407
	79 11.1447
	80 11.2705
	81 11.4173
	2 11.5845
LINE 1 9 106.512 9
	82 12.7485
	83 12.0801
	84 11.579
	85 11.2676
	86 11.1619
	87 11.2676
	88 11.579
	89 12.0801
	9 12.7485
LINE 3 4 179.153 16
	90 11.2495
	91 11.2286
	92 11.2106
	93 11.1956
	94 11.1836
	95 11.1746
	96 11.1686
	97 11.1656
	98 11.1656
	99 11.1686
	100 11.1746
	101 11.1836
	102 11.1956
	103 11.2106
	104 11.2286
	4 11.2495
LINE 5 6 190.212 17
	105 11.4881
	106 11.3773
	107 11.2803
	108 11.1976
	109 11.1295
	110 11.0762
	111 11.038
	112 11.015
	113 11.0074
	114 11.015
	115 11.038
	116 11.0762
	117 11.1295
	118 11.1976
	119 11.2803
	120 11.3773
	6 11.4881
LINE 7 8 179.377 16
	121 11.7591
	122 11.5445
	123 11.3574
	124 11.1991
	125 11.0708
	126 10.9736
	127 10.9083
	128 10.8755
	129 10.8755
	130 10.9083
	131 10.9736
	132 11.0708
	133 11.1991
	134 11.3574
	135 11.5445
	8 11.7591
LINE 7 16 116.104 10
	136 12.586
	137 11.9544
	138 11.4579
	139 11.1146
	140 10.9389
	141 10.9389
	142 11.1146
	143 11.4579
	144 11.9544
	16 12.586
LINE 10 19 226.665 20
	145 12.4074
	146 12.0828
	147 11.7867
	148 11.5214
	149 11.289
	150 11.0916
	151 10.9312
	152 10.8092
	153 10.7272
	154 10.686
	155 10.686
	156 10.7272
	157 10.8092
	158 10.9312
	159 11.0916
	160 11.289
	161 11.5214
	162 11.7867
	163 12.0828
	19 12.4074
LINE 11 12 236.66 21
	164 11.9356
	165 11.7413
	166 11.5647
	167 11.4066
	168 11.2678
	169 11.1489
	170 11.0508
	171 10.9738
	172 10.9185
	173 10.8852
	174 10.8741
	175 10.8852
	176 10.9185
	177 10.9738
	178 11.0508
	179 11.1489
	180 11.2678
	181 11.4066
	182 11.5647
	183 11.7413
	12 11.9356
LINE 12 13 92.2122 8
	184 12.1332
	185 11.621
	186 11.2666
	187 11.0852
	188 11.0852
	189 11.2666
	190 11.621
	13 12.1332
LINE 12 22 216.514 20
	191 10.9372
	192 10.9022
	193 10.8709
	194 10.8435
	195 10.82
	196 10.8003
	197 10.7845
	198 10.7727
	199 10.7648
	200 10.7608
	201 10.7608
	202 10.7648
	203 10.7727
	204 10.7845
	205 10.8003
	206 10.82
	207 10.8435
	208 10.8709
	209 10.9022
	22 10.9372
LINE 14 23 66.5965 6
	210 11.7123
	211 10.9843
	212 10.6016
	213 10.6016
	214 10.9843
	23 11.7123
LINE 15 24 249.337 22
	215 12.3876
	216 12.0994
	217 11.834
	218 11.593
	219 11.378
	220 11.1903
	221 11.0315
	222 10.9028
	223 10.8053
	224 10.7398
	225 10.7069
	226 10.7069
	227 10.7398
	228 10.8053
	229 10.9028
	230 11.0315
	231 11.1903
	232 11.378
	233 11.593
	234 11.834
	235 12.0994
	24 12.3876
LINE 17 26 86.0402 8
	236 11.1443
	237 10.8141
	238 10.5882
	239 10.4735
	240 10.4735
	241 10.5882
	242 10.8141
	26 11.1443
LINE 18 19 129.579 11
	243 13.2015
	244 12.3858
	245 11.7122
	246 11.2063
	247 10.8915
	248 10.7845
	249 10.8915
	250 11.2063
	251 11.7122
	252 12.3858
	19 13.2015
LINE 19 27 199.813 17
	253 13.2943
	254 12.7489
	255 12.2566
	256 11.824
	257 11.458
	258 11.165
	259 10.9509
	260 10.8205
	261 10.7766
	262 10.8205
	263 10.9509
	264 11.165
	265 11.458
	266 11.824
	267 12.2566
	268 12.7489
	27 13.2943
LINE 20 29 146.282 13
	269 11.2924
	270 11.2724
	271 11.2561
	272 11.2433
	273 11.2342
	274 11.2288
	275 11.2269
	276 11.2288
	277 11.2342
	278 11.2433
	279 11.2561
	280 11.2724
	29 11.2924
LINE 21 30 235.944 21
	281 11.7911
	282 11.6282
	283 11.4806
	284 11.3487
	285 11.2332
	286 11.1345
	287 11.0531
	288 10.9894
	289 10.9436
	290 10.9161
	291 10.9069
	292 10.9161
	293 10.9436
	294 10.9894
	295 11.0531
	296 11.1345
	297 11.2332
	298 11.3487
	299 11.4806
	300 11.6282
	30 11.7911
LINE 22 31 174.413 16
	301 11.5128
	302 11.274
	303 11.0652
	304 10.8881
	305 10.7444
	306 10.6353
	307 10.5619
	308 10.5251
	309 10.5251
	310 10.5619
	311 10.6353
	312 10.7444
	313 10.8881
	314 11.0652
	315 11.274
	31 11.5128
LINE 24 25 239.273 21
	316 12.5724
	317 12.2355
	318 11.926
	319 11.6461
	320 11.398
	321 11.1838
	322 11.0054
	323 10.8646
	324 10.7629
	325 10.7014
	326 10.6808
	327 10.7014
	328 10.7629
	329 10.8646
	330 11.0054
	331 11.1838
	332 11.398
	333 11.6461
	334 11.926
	335 12.2355
	25 12.5724
LINE 27 35 306.48 26
	336 13.414
	337 13.0487
	338 12.7046
	339 12.3835
	340 12.0872
	341 11.8176
	342 11.5766
	343 11.3659
	344 11.1873
	345 11.0423
	346 10.9324
	347 10.8584
	348 10.8213
	349 10.8213
	350 10.8584
	351 10.9324
	352 11.0423
	353 11.1873
	354 11.3659
	355 11.5766
	356 11.8176
	357 12.0872
	358 12.3835
	359 12.7046
	360 13.0487
	35 13.414
LINE 28 35 159.016 13
	361 13.8933
	362 13.1066
	363 12.4259
	364 11.8696
	365 11.4557
	366 11.2
	367 11.1134
	368 11.2
	369 11.4557
	370 11.8696
	371 12.4259
	372 13.1066
	35 13.8933
LINE 29 36 170.739 15
	373 12.5597
	374 12.0769
	375 11.6528
	376 11.294
	377 11.0069
	378 10.7971
	379 10.6692
	380 10.6262
	381 10.6692
	382 10.7971
	383 11.0069
	384 11.294
	385 11.6528
	386 12.0769
	36 12.5597
LINE 30 38 108.875 10
	387 10.9179
	388 10.8976
	389 10.8824
	390 10.8722
	391 10.8671
	392 10.8671
	393 10.8722
	394 10.8824
	395 10.8976
	38 10.9179
LINE 31 39 176.439 15
	396 12.8089
	397 12.3772
	398 11.9997
	399 11.6819
	400 11.4285
	401 11.2441
	402 11.1319
	403 11.0943
	404 11.1319
	405 11.2441
	406 11.4285
	407 11.6819
	408 11.9997
	409 12.3772
	39 12.8089
LINE 32 39 241.296 21
	410 12.3678
	411 12.1138
	412 11.882
	413 11.6736
	414 11.49
	415 11.3323
	416 11.2016
	417 11.0988
	418 11.0249
	419 10.9803
	420 10.9654
	421 10.9803
	422 11.0249
	423 11.0988
	424 11.2016
	425 11.3323
	426 11.49
	427 11.6736
	428 11.882
	429 12.1138
	39 12.3678
LINE 33 34 157.337 14
	430 11.3212
	431 11.2831
	432 11.2512
	433 11.2257
	434 11.2064
	435 11.1936
	436 11.1872
	437 11.1872
	438 11.1936
	439 11.2064
	440 11.2257
	441 11.2512
	442 11.2831
	34 11.3212
LINE 34 42 244.458 20
	443 14.0648
	444 13.5217
	445 13.0199
	446 12.5644
	447 12.1604
	448 11.8132
	449 11.5279
	450 11.3093
	451 11.1611
	452 11.0863
	453 11.0863
	454 11.1611
	455 11.3093
	456 11.5279
	457 11.8132
	458 12.1604
	459 12.5644
	460 13.0199
	461 13.5217
	42 14.0648
LINE 34 43 211.989 18
	462 13.2072
	463 12.7292
	464 12.2957
	465 11.9115
	466 11.5816
	467 11.3108
	468 11.1034
	469 10.9629
	470 10.892
	471 10.892
	472 10.9629
	473 11.1034
	474 11.3108
	475 11.5816
	476 11.9115
	477 12.2957
	478 12.7292
	43 13.2072
LINE 35 36 174.29 16
	479 11.3755
	480 11.1863
	481 11.0215
	482 10.8823
	483 10.7696
	484 10.6843
	485 10.6271
	486 10.5983
	487 10.5983
	488 10.6271
	489 10.6843
	490 10.7696
	491 10.8823
	492 11.0215
	493 11.1863
	36 11.3755
LINE 36 37 145.701 13
	494 11.6326
	495 11.4234
	496 11.2494
	497 11.1122
	498 11.0131
	499 10.9533
	500 10.9332
	501 10.9533
	502 11.0131
	503 11.1122
	504 11.2494
	505 11.4234
	37 11.6326
LINE 39 40 249.45 21
	506 13.3571
	507 12.9384
	508 12.552
	509 12.2008
	510 11.8881
	511 11.6169
	512 11.3903
	513 11.2108
	514 11.0808
	515 11.0021
	516 10.9757
	517 11.0021
	518 11.0808
	519 11.2108
	520 11.3903
	521 11.6169
	522 11.8881
	523 12.2008
	524 12.552
	525 12.9384
	40 13.3571
LINE 39 47 186.441 16
	526 12.7258
	527 12.3134
	528 11.9486
	529 11.6358
	530 11.3794
	531 11.1833
	532 11.0506
	533 10.9836
	534 10.9836
	535 11.0506
	536 11.1833
	537 11.3794
	538 11.6358
	539 11.9486
	540 12.3134
	47 12.7258
LINE 40 41 152.428 13
	541 13.3888
	542 12.6029
	543 11.9214
	544 11.3632
	545 10.947
	546 10.6896
	547 10.6024
	548 10.6896
	549 10.947
	550 11.3632
	551 11.9214
	552 12.6029
	41 13.3888
LINE 40 47 203.367 18
	553 11.914
	554 11.702
	555 11.5133
	556 11.349
	557 11.2103
	558 11.0981
	559 11.0132
	560 10.9562
	561 10.9276
	562 10.9276
	563 10.9562
	564 11.0132
	565 11.0981
	566 11.2103
	567 11.349
	568 11.5133
	569 11.702
	47 11.914
LINE 41 42 121.504 11
	570 11.8431
	571 11.3774
	572 11.0015
	573 10.725
	574 10.5556
	575 10.4985
	576 10.5556
	577 10.725
	578 11.0015
	579 11.3774
	42 11.8431
LINE 41 48 184.963 17
	580 10.9951
	581 10.9522
	582 10.9149
	583 10.8833
	584 10.8573
	585 10.8371
	586 10.8226
	587 10.8139
	588 10.811
	589 10.8139
	590 10.8226
	591 10.8371
	592 10.8573
	593 10.8833
	594 10.9149
	595 10.9522
	48 10.9951
LINE 42 48 273.312 25
	596 11.0098
	597 10.9905
	598 10.9729
	599 10.957
	600 10.9426
	601 10.93
	602 10.919
	603 10.9098
	604 10.9022
	605 10.8962
	606 10.892
	607 10.8895
	608 10.8886
	609 10.8895
	610 10.892
	611 10.8962
	612 10.9022
	613 10.9098
	614 10.919
	615 10.93
	616 10.9426
	617 10.957
	618 10.9729
	619 10.9905
	48 11.0098
LINE 42 49 171.112 16
	620 10.9288
	621 10.836
	622 10.7558
	623 10.6885
	624 10.6343
	625 10.5935
	626 10.5662
	627 10.5526
	628 10.5526
	629 10.5662
	630 10.5935
	631 10.6343
	632 10.6885
	633 10.7558
	634 10.836
	49 10.9288
LINE 44 45 79.7098 7
	635 12.4878
	636 11.4132
	637 10.7168
	638 10.4743
	639 10.7168
	640 11.4132
	45 12.4878
LINE 44 52 180.424 16
	641 11.5047
	642 11.4142
	643 11.3361
	644 11.2706
	645 11.2179
	646 11.1783
	647 11.1517
	648 11.1385
	649 11.1385
	650 11.1517
	651 11.1783
	652 11.2179
	653 11.2706
	654 11.3361
	655 11.4142
	52 11.5047
LINE 45 52 119.413 11
	656 11.4578
	657 11.1039
	658 10.8207
	659 10.6137
	660 10.4876
	661 10.4452
	662 10.4876
	663 10.6137
	664 10.8207
	665 11.1039
	52 11.4578
LINE 46 53 218.234 20
	666 11.1762
	667 11.0936
	668 11.0197
	669 10.9546
	670 10.8985
	671 10.8515
	672 10.8138
	673 10.7854
	674 10.7665
	675 10.757
	676 10.757
	677 10.7665
	678 10.7854
	679 10.8138
	680 10.8515
	681 10.8985
	682 10.9546
	683 11.0197
	684 11.0936
	53 11.1762
LINE 47 55 225.147 20
	685 11.5913
	686 11.4873
	687 11.3941
	688 11.3119
	689 11.2409
	690 11.1814
	691 11.1336
	692 11.0976
	693 11.0736
	694 11.0615
	695 11.0615
	696 11.0736
	697 11.0976
	698 11.1336
	699 11.1814
	700 11.2409
	701 11.3119
	702 11.3941
	703 11.4873
	55 11.5913
LINE 48 56 124.09 11
	704 11.8252
	705 11.5045
	706 11.2487
	707 11.0623
	708 10.949
	709 10.911
	710 10.949
	711 11.0623
	712 11.2487
	713 11.5045
	56 11.8252
LINE 49 56 220.174 19
	714 12.8759
	715 12.4678
	716 12.0963
	717 11.7648
	718 11.4768
	719 11.2358
	720 11.0446
	721 10.906
	722 10.822
	723 10.7939
	724 10.822
	725 10.906
	726 11.0446
	727 11.2358
	728 11.4768
	729 11.7648
	730 12.0963
	731 12.4678
	56 12.8759
LINE 50 51 232.642 21
	732 11.4187
	733 11.318
	734 11.2272
	735 11.1464
	736 11.076
	737 11.016
	738 10.9667
	739 10.9282
	740 10.9006
	741 10.884
	742 10.8785
	743 10.884
	744 10.9006
	745 10.9282
	746 10.9667
	747 11.016
	748 11.076
	749 11.1464
	750 11.2272
	751 11.318
	51 11.4187
LINE 50 58 243.846 22
	752 11.1118
	753 11.1039
	754 11.0967
	755 11.0903
	756 11.0847
	757 11.0799
	758 11.0759
	759 11.0727
	760 11.0704
	761 11.0688
	762 11.068
	763 11.068
	764 11.0688
	765 11.0704
	766 11.0727
	767 11.0759
	768 11.0799
	769 11.0847
	770 11.0903
	771 11.0967
	772 11.1039
	58 11.1118
LINE 52 53 118.314 10
	773 13.3143
	774 12.3681
	775 11.608
	776 11.0722
	777 10.7944
	778 10.7944
	779 11.0722
	780 11.608
	781 12.3681
	53 13.3143
LINE 52 59 233.74 20
	782 12.6871
	783 12.3836
	784 12.1074
	785 11.8605
	786 11.6446
	787 11.4617
	788 11.3132
	789 11.2005
	790 11.1247
	791 11.0867
	792 11.0867
	793 11.1247
	794 11.2005
	795 11.3132
	796 11.4617
	797 11.6446
	798 11.8605
	799 12.1074
	800 12.3836
	59 12.6871
LINE 53 54 230.587 21
	801 11.1372
	802 11.0905
	803 11.0485
	804 11.0113
	805 10.979
	806 10.9516
	807 10.9291
	808 10.9116
	809 10.899
	810 10.8915
	811 10.889
	812 10.8915
	813 10.899
	814 10.9116
	815 10.9291
	816 10.9516
	817 10.979
	818 11.0113
	819 11.0485
	820 11.0905
	54 11.1372
LINE 54 59 205.56 18
	821 12.7044
	822 12.2734
	823 11.8834
	824 11.5387
	825 11.2433
	826 11.0013
	827 10.8162
	828 10.6911
	829 10.628
	830 10.628
	831 10.6911
	832 10.8162
	833 11.0013
	834 11.2433
	835 11.5387
	836 11.8834
	837 12.2734
	59 12.7044
LINE 57 62 121.087 11
	838 11.2679
	839 11.1133
	840 10.9915
	841 10.9037
	842 10.8507
	843 10.833
	844 10.8507
	845 10.9037
	846 10.9915
	847 11.1133
	62 11.2679
LINE 59 60 129.289 11
	848 12.6167
	849 12.1128
	850 11.7058
	851 11.4062
	852 11.2226
	853 11.1608
	854 11.2226
	855 11.4062
	856 11.7058
	857 12.1128
	60 12.6167
LINE 60 61 181.131 17
	858 10.6585
	859 10.6571
	860 10.6559
	861 10.6548
	862 10.654
	863 10.6533
	864 10.6529
	865 10.6526
	866 10.6525
	867 10.6526
	868 10.6529
	869 10.6533
	870 10.654
	871 10.6548
	872 10.6559
	873 10.6571
	61 10.6585
COORDENADAS :
1	29.5535	668.695
2	146.793	705.911
3	338.368	711.446
4	451.258	673.506
5	535.264	723.809
6	658.75	706.097
7	845.879	666.093
8	941.686	731.425
9	16.9921	602.912
10	216.349	575.242
11	302.54	623.901
12	454.527	615.17
13	505.783	585.952
14	600.496	568.43
15	739.81	620.468
16	833.098	594.445
17	923.57	583.98
18	27.5304	498.152
19	105.627	485.68
20	246.601	485.039
21	452.809	530.203
22	556.076	513.82
23	615.945	529.147
24	703.847	467.669
25	849.889	499.788
26	937.616	529.996
27	0	424.362
28	140.711	385.616
29	202.277	398.421
30	410.837	383.388
31	559.34	401.649
32	641.337	371.085
33	829.419	389.607
34	929.718	418.603
35	130.59	289.833
36	243.113	300.318
37	337.381	290.73
38	395.354	312.619
39	501.985	306.682
40	655.369	297.473
41	747.255	297.851
42	821.549	318.043
43	933.638	288.064
44	161.841	207.227
45	207.302	189.265
46	304.155	215.097
47	561.562	205.907
48	696.89	186.157
49	798.855	207.812
50	4.1551	122.363
51	155.443	104.849
52	245.456	122.845
53	295.969	71.9204
54	444.495	106.268
55	510.171	67.6841
56	706.766	106.755
57	918.81	85.426
58	120.671	9.3376
59	351.109	19.5491
60	431.799	5.84476
61	550.814	26.1097
62	905.078	7.17994
63	832.221	83.202
64	832.587	351.447
65	101.73	777.584
66	37.2669	668.31
67	44.8782	668.248
68	52.3874	668.507
69	59.7945	669.087
70	67.0994	669.99
71	74.3022	671.214
72	81.4029	672.76
73	88.4015	674.627
74	95.298	676.816
75	102.092	679.327
76	108.785	682.16
77	115.375	685.314
78	121.863	688.79
79	128.249	692.588
80	134.532	696.707
81	140.714	701.148
82	24.1245	662.156
83	19.7038	655.424
84	16.2914	648.5
85	13.8874	641.383
86	12.4917	634.074
87	12.1043	626.572
88	12.7252	618.878
89	14.3545	610.991
90	345.132	708.206
91	351.934	705.082
92	358.776	702.074
93	365.656	699.181
94	372.576	696.405
95	379.534	693.744
96	386.531	691.199
97	393.567	688.769
98	400.643	686.456
99	407.757	684.259
100	414.91	682.177
101	422.101	680.211
102	429.332	678.361
103	436.602	676.627
104	443.911	675.008
105	542.216	720.597
106	549.208	717.656
107	556.238	714.986
108	563.308	712.588
109	570.416	710.461
110	577.563	708.606
111	584.749	707.021
112	591.974	705.708
113	599.238	704.666
114	606.541	703.895
115	613.883	703.396
116	621.263	703.168
117	628.683	703.211
118	636.141	703.526
119	643.639	704.112
120	651.175	704.969
121	853.55	667.707
122	860.997	669.651
123	868.22	671.924
124	875.218	674.526
125	881.991	677.457
126	888.54	680.718
127	894.865	684.307
128	900.965	688.226
129	906.84	692.474
130	912.492	697.051
131	917.918	701.957
132	923.121	707.192
133	928.099	712.757
134	932.852	718.65
135	937.381	724.873
136	848.712	658.195
137	850.631	650.459
138	851.637	642.887
139	851.729	635.478
140	850.907	628.232
141	849.172	621.149
142	846.524	614.228
143	842.962	607.471
144	838.487	600.877
145	213.46	567.492
146	210.293	560.085
147	206.846	553.024
148	203.122	546.306
149	199.118	539.934
150	194.836	533.905
151	190.275	528.221
152	185.436	522.882
153	180.317	517.887
154	174.921	513.237
155	169.245	508.931
156	163.291	504.97
157	157.058	501.353
158	150.547	498.08
159	143.757	495.153
160	136.688	492.569
161	129.341	490.33
162	121.715	488.436
163	113.81	486.886
164	309.966	626.76
165	317.372	629.292
166	324.76	631.496
167	332.13	633.373
168	339.48	634.922
169	346.811	636.144
170	354.124	637.038
171	361.418	637.605
172	368.693	637.844
173	375.949	637.756
174	383.187	637.34
175	390.406	636.597
176	397.605	635.526
177	404.786	634.127
178	411.949	632.402
179	419.092	630.348
180	426.217	627.968
181	433.322	625.259
182	440.409	622.224
183	447.477	618.86
184	462.579	614.404
185	470.162	612.814
186	477.274	610.398
187	483.916	607.158
188	490.088	603.094
189	495.79	598.204
190	501.021	592.49
191	460.527	611.027
192	466.43	606.786
193	472.236	602.449
194	477.944	598.013
195	483.556	593.481
196	489.07	588.852
197	494.488	584.125
198	499.808	579.3
199	505.031	574.379
200	510.157	569.36
201	515.186	564.244
202	520.118	559.03
203	524.952	553.72
204	529.69	548.311
205	534.33	542.806
206	538.874	537.203
207	543.32	531.503
208	547.669	525.706
209	551.921	519.811
210	606.223	563.122
211	610.689	557.319
212	613.895	551.02
213	615.839	544.225
214	616.523	536.934
215	734.128	614.475
216	728.831	608.391
217	723.919	602.217
218	719.394	595.952
219	715.253	589.597
220	711.498	583.15
221	708.129	576.613
222	705.145	569.985
223	702.547	563.267
224	700.334	556.458
225	698.506	549.558
226	697.065	542.567
227	696.008	535.485
228	695.337	528.313
229	695.052	521.05
230	695.152	513.696
231	695.637	506.252
232	696.508	498.717
233	697.765	491.091
234	699.407	483.375
235	701.434	475.567
236	922.843	576.586
237	922.826	569.376
238	923.518	562.352
239	924.919	555.511
240	927.029	548.856
241	929.849	542.384
242	933.378	536.098
243	35.4306	502.031
244	43.1707	504.907
245	50.7507	506.781
246	58.1705	507.652
247	65.4303	507.521
248	72.53	506.387
249	79.4696	504.251
250	86.2491	501.112
251	92.8685	496.97
252	99.3278	491.827
253	102.019	477.585
254	98.0857	470.051
255	93.8265	463.078
256	89.2416	456.665
257	84.3311	450.814
258	79.0948	445.524
259	73.5328	440.795
260	67.6452	436.627
261	61.4318	433.02
262	54.8928	429.974
263	48.028	427.489
264	40.8376	425.566
265	33.3215	424.203
266	25.4796	423.401
267	17.3121	423.16
268	8.8189	423.481
269	243.912	478.008
270	241.103	471.037
271	238.174	464.129
272	235.125	457.281
273	231.956	450.496
274	228.666	443.771
275	225.257	437.108
276	221.727	430.507
277	218.077	423.967
278	214.307	417.488
279	210.417	411.071
280	206.407	404.715
281	453.682	522.391
282	454.268	514.661
283	454.566	507.013
284	454.578	499.447
285	454.302	491.963
286	453.739	484.562
287	452.889	477.242
288	451.752	470.005
289	450.328	462.849
290	448.616	455.776
291	446.617	448.785
292	444.332	441.876
293	441.759	435.049
294	438.899	428.304
295	435.751	421.641
296	432.317	415.06
297	428.595	408.562
298	424.587	402.145
299	420.291	395.811
300	415.708	389.558
301	553.164	506.718
302	550.667	499.629
303	548.586	492.552
304	546.921	485.487
305	545.671	478.434
306	544.836	471.393
307	544.417	464.364
308	544.413	457.347
309	544.825	450.343
310	545.652	443.35
311	546.895	436.37
312	548.553	429.402
313	550.626	422.445
314	553.115	415.501
315	556.02	408.569
316	711.752	464.88
317	719.561	462.524
318	727.275	460.599
319	734.894	459.105
320	742.418	458.044
321	749.847	457.414
322	757.181	457.217
323	764.421	457.451
324	771.565	458.116
325	778.614	459.214
326	785.569	460.744
327	792.428	462.705
328	799.193	465.098
329	805.862	467.923
330	812.436	471.18
331	818.916	474.868
332	825.3	478.989
333	831.59	483.541
334	837.785	488.525
335	843.884	493.941
336	1.22773	415.504
337	2.75906	406.941
338	4.59398	398.672
339	6.7325	390.698
340	9.17461	383.019
341	11.9203	375.635
342	14.9696	368.545
343	18.3225	361.75
344	21.979	355.249
345	25.9391	349.044
346	30.2028	343.133
347	34.7701	337.517
348	39.641	332.195
349	44.8154	327.168
350	50.2935	322.436
351	56.0752	317.999
352	62.1604	313.856
353	68.5493	310.008
354	75.2418	306.455
355	82.2378	303.196
356	89.5375	300.232
357	97.1407	297.563
358	105.048	295.188
359	113.258	293.109
360	121.772	291.324
361	145.46	377.664
362	149.288	369.809
363	152.195	362.052
364	154.18	354.392
365	155.244	346.829
366	155.387	339.364
367	154.608	331.996
368	152.908	324.726
369	150.287	317.553
370	146.745	310.477
371	142.281	303.498
372	136.896	296.617
373	209.12	393.596
374	215.375	388.526
375	221.041	383.211
376	226.118	377.651
377	230.606	371.846
378	234.506	365.796
379	237.817	359.501
380	240.539	352.961
381	242.673	346.175
382	244.218	339.145
383	245.174	331.87
384	245.542	324.35
385	245.321	316.584
386	244.511	308.574
387	409.979	376.16
388	408.966	368.966
389	407.801	361.805
390	406.483	354.678
391	405.011	347.584
392	403.386	340.524
393	401.608	333.498
394	399.676	326.505
395	397.591	319.545
396	551.863	397.524
397	544.908	393.084
398	538.475	388.329
399	532.563	383.259
400	527.174	377.874
401	522.306	372.173
402	517.961	366.157
403	514.137	359.826
404	510.835	353.179
405	508.055	346.218
406	505.797	338.941
407	504.061	331.349
408	502.847	323.442
409	502.155	315.22
410	633.102	371.48
411	625.026	371.529
412	617.11	371.232
413	609.354	370.588
414	601.759	369.598
415	594.323	368.262
416	587.047	366.58
417	579.931	364.552
418	572.975	362.178
419	566.179	359.457
420	559.544	356.39
421	553.068	352.977
422	546.752	349.218
423	540.596	345.113
424	534.6	340.661
425	528.764	335.863
426	523.088	330.72
427	517.572	325.229
428	512.216	319.393
429	507.021	313.211
430	836.906	390.562
431	844.343	391.689
432	851.73	392.988
433	859.068	394.458
434	866.357	396.1
435	873.595	397.914
436	880.784	399.899
437	887.924	402.056
438	895.013	404.385
439	902.054	406.885
440	909.044	409.557
441	915.985	412.401
442	922.876	415.416
443	928.244	409.343
444	926.355	400.528
445	924.053	392.159
446	921.336	384.236
447	918.205	376.758
448	914.661	369.725
449	910.702	363.138
450	906.328	356.997
451	901.541	351.3
452	896.34	346.05
453	890.724	341.244
454	884.695	336.885
455	878.251	332.97
456	871.393	329.501
457	864.121	326.478
458	856.435	323.9
459	848.334	321.768
460	839.82	320.081
461	830.891	318.839
462	934.922	411.5
463	939.539	404.38
464	943.57	397.243
465	947.014	390.087
466	949.872	382.915
467	952.143	375.724
468	953.827	368.516
469	954.925	361.29
470	955.436	354.047
471	955.36	346.786
472	954.698	339.507
473	953.449	332.211
474	951.614	324.898
475	949.192	317.566
476	946.183	310.217
477	942.588	302.85
478	938.406	295.466
479	137.878	287.739
480	145.133	286.012
481	152.354	284.651
482	159.54	283.657
483	166.692	283.029
484	173.81	282.768
485	180.894	282.874
486	187.944	283.346
487	194.96	284.184
488	201.941	285.389
489	208.888	286.961
490	215.802	288.899
491	222.681	291.204
492	229.525	293.876
493	236.336	296.914
494	250.096	296.946
495	257.124	294.013
496	264.197	291.519
497	271.314	289.464
498	278.476	287.848
499	285.683	286.671
500	292.935	285.934
501	300.231	285.635
502	307.571	285.776
503	314.957	286.356
504	322.387	287.375
505	329.862	288.833
506	509.593	311.309
507	517.171	315.43
508	524.718	319.044
509	532.235	322.151
510	539.721	324.752
511	547.177	326.847
512	554.603	328.434
513	561.998	329.515
514	569.363	330.09
515	576.697	330.158
516	584.001	329.719
517	591.275	328.774
518	598.518	327.323
519	605.731	325.364
520	612.913	322.9
521	620.065	319.928
522	627.187	316.45
523	634.278	312.466
524	641.338	307.975
525	648.369	302.977
526	509.405	302.569
527	516.332	298.165
528	522.766	293.469
529	528.708	288.481
530	534.157	283.203
531	539.112	277.633
532	543.575	271.771
533	547.545	265.619
534	551.022	259.174
535	554.007	252.439
536	556.498	245.412
537	558.496	238.094
538	560.002	230.484
539	561.015	222.583
540	561.535	214.391
541	662.414	302.952
542	669.464	307.524
543	676.517	311.187
544	683.574	313.941
545	690.635	315.787
546	697.699	316.725
547	704.767	316.754
548	711.839	315.874
549	718.915	314.087
550	725.994	311.39
551	733.077	307.786
552	740.164	303.272
553	647.943	294.654
554	640.777	291.569
555	633.873	288.216
556	627.228	284.597
557	620.845	280.711
558	614.721	276.558
559	608.859	272.139
560	603.256	267.452
561	597.915	262.498
562	592.833	257.278
563	588.013	251.791
564	583.452	246.036
565	579.153	240.015
566	575.113	233.727
567	571.335	227.173
568	567.817	220.351
569	564.559	213.262
570	754.967	296.16
571	762.488	295.175
572	769.817	294.895
573	776.954	295.32
574	783.9	296.451
575	790.654	298.287
576	797.216	300.827
577	803.587	304.074
578	809.766	308.025
579	815.753	312.681
580	745.51	290.731
581	743.613	283.681
582	741.563	276.699
583	739.361	269.785
584	737.008	262.941
585	734.502	256.164
586	731.843	249.457
587	729.033	242.818
588	726.07	236.248
589	722.955	229.746
590	719.688	223.313
591	716.269	216.949
592	712.697	210.653
593	708.974	204.426
594	705.098	198.268
595	701.07	192.178
596	817.352	312.022
597	813.089	306.062
598	808.76	300.165
599	804.366	294.33
600	799.905	288.557
601	795.379	282.847
602	790.788	277.198
603	786.13	271.612
604	781.407	266.088
605	776.618	260.626
606	771.763	255.226
607	766.842	249.889
608	761.856	244.613
609	756.804	239.4
610	751.686	234.249
611	746.502	229.16
612	741.253	224.133
613	735.938	219.168
614	730.557	214.266
615	725.11	209.426
616	719.597	204.648
617	714.019	199.932
618	708.375	195.278
619	702.665	190.686
620	818.27	311.537
621	815.239	304.979
622	812.456	298.371
623	809.922	291.711
624	807.635	285
625	805.596	278.239
626	803.806	271.426
627	802.263	264.562
628	800.969	257.647
629	799.923	250.681
630	799.125	243.664
631	798.575	236.596
632	798.273	229.476
633	798.219	222.306
634	798.413	215.085
635	166.67	200.445
636	172.054	195.068
637	177.993	191.097
638	184.487	188.531
639	191.537	187.37
640	199.142	187.615
641	168.434	203.307
642	174.845	199.207
643	181.073	194.927
644	187.119	190.465
645	192.982	185.823
646	198.664	181.001
647	204.163	175.998
648	209.48	170.815
649	214.615	165.45
650	219.568	159.906
651	224.338	154.18
652	228.926	148.275
653	233.332	142.188
654	237.555	135.921
655	241.597	129.474
656	213.493	184.791
657	219.139	180.004
658	224.241	174.904
659	228.799	169.491
660	232.812	163.766
661	236.28	157.728
662	239.205	151.377
663	241.584	144.713
664	243.419	137.737
665	244.71	130.447
666	301.725	208.054
667	299.507	200.998
668	297.502	193.931
669	295.71	186.851
670	294.131	179.759
671	292.764	172.655
672	291.61	165.539
673	290.669	158.41
674	289.94	151.27
675	289.425	144.117
676	289.122	136.952
677	289.032	129.775
678	289.154	122.586
679	289.489	115.384
680	290.037	108.171
681	290.798	100.945
682	291.772	93.7071
683	292.958	86.457
684	294.357	79.1948
685	556.824	199.802
686	552.315	193.612
687	548.034	187.337
688	543.981	180.977
689	540.157	174.533
690	536.561	168.003
691	533.192	161.389
692	530.052	154.69
693	527.141	147.906
694	524.457	141.037
695	522.001	134.084
696	519.774	127.045
697	517.775	119.922
698	516.004	112.714
699	514.462	105.421
700	513.147	98.0435
701	512.061	90.5809
702	511.203	83.0335
703	510.573	75.4012
704	700.804	179.313
705	704.115	172.395
706	706.822	165.402
707	708.927	158.334
708	710.428	151.19
709	711.325	143.972
710	711.62	136.679
711	711.311	129.31
712	710.399	121.867
713	708.884	114.348
714	790.549	205.646
715	782.627	203.129
716	775.09	200.262
717	767.937	197.044
718	761.169	193.477
719	754.784	189.559
720	748.784	185.291
721	743.169	180.673
722	737.938	175.704
723	733.091	170.385
724	728.628	164.716
725	724.55	158.697
726	720.857	152.327
727	717.547	145.607
728	714.622	138.537
729	712.082	131.117
730	709.925	123.347
731	708.153	115.226
732	11.6254	123.827
733	19.069	125.062
734	26.4861	126.066
735	33.8765	126.841
736	41.2403	127.386
737	48.5776	127.701
738	55.8882	127.787
739	63.1722	127.642
740	70.4296	127.268
741	77.6604	126.664
742	84.8646	125.83
743	92.0422	124.766
744	99.1932	123.472
745	106.318	121.949
746	113.415	120.196
747	120.487	118.212
748	127.531	116
749	134.549	113.557
750	141.54	110.884
751	148.505	107.982
752	9.90959	117.698
753	15.6204	112.988
754	21.2876	108.233
755	26.9112	103.433
756	32.4911	98.5875
757	38.0273	93.6975
758	43.5199	88.7625
759	48.9689	83.7825
760	54.3741	78.7575
761	59.7358	73.6875
762	65.0538	68.5725
763	70.3281	63.4125
764	75.5588	58.2075
765	80.7459	52.9575
766	85.8893	47.6625
767	90.989	42.3225
768	96.0451	36.9375
769	101.058	31.5075
770	106.026	26.0326
771	110.951	20.5126
772	115.833	14.9476
773	246.795	114.071
774	248.959	106.114
775	251.948	98.9762
776	255.762	92.6563
777	260.401	87.1547
778	265.865	82.4713
779	272.153	78.6062
780	279.267	75.5594
781	287.205	73.3307
782	247.86	114.736
783	250.567	106.937
784	253.577	99.4472
785	256.889	92.2678
786	260.505	85.3982
787	264.424	78.8386
788	268.646	72.589
789	273.171	66.6493
790	277.999	61.0196
791	283.131	55.6998
792	288.565	50.6899
793	294.302	45.9901
794	300.342	41.6001
795	306.685	37.5201
796	313.332	33.7501
797	320.281	30.29
798	327.533	27.1398
799	335.089	24.2996
800	342.947	21.7694
801	302.69	75.0747
802	309.447	78.0771
803	316.239	80.9277
804	323.065	83.6264
805	329.927	86.1732
806	336.824	88.5681
807	343.757	90.8112
808	350.724	92.9024
809	357.726	94.8418
810	364.764	96.6292
811	371.836	98.2648
812	378.944	99.7485
813	386.087	101.08
814	393.265	102.26
815	400.478	103.288
816	407.727	104.165
817	415.01	104.889
818	422.329	105.462
819	429.682	105.882
820	437.071	106.151
821	436.144	104.856
822	428.164	103.044
823	420.558	100.831
824	413.323	98.2176
825	406.46	95.2033
826	399.969	91.7881
827	393.851	87.9723
828	388.105	83.7557
829	382.731	79.1384
830	377.729	74.1203
831	373.099	68.7015
832	368.841	62.8819
833	364.955	56.6616
834	361.442	50.0406
835	358.3	43.0188
836	355.531	35.5963
837	353.134	27.7731
838	915.526	78.67
839	912.649	71.8425
840	910.179	64.9436
841	908.117	57.9732
842	906.461	50.9314
843	905.213	43.8181
844	904.372	36.6334
845	903.937	29.3772
846	903.91	22.0496
847	904.291	14.6505
848	357.787	14.436
849	364.597	10.0964
850	371.539	6.53027
851	378.612	3.73755
852	385.816	1.71826
853	393.151	0.472409
854	400.618	0
855	408.216	0.30103
856	415.946	1.3755
857	423.807	3.22341
858	438.759	7.27301
859	445.725	8.67174
860	452.696	10.0409
861	459.672	11.3806
862	466.652	12.6908
863	473.638	13.9714
864	480.629	15.2225
865	487.625	16.4441
866	494.626	17.6361
867	501.632	18.7987
868	508.643	19.9317
869	515.659	21.0351
870	522.68	22.1091
871	529.706	23.1535
872	536.737	24.1684
873	543.773	25.1538
