NOMBRE : MTLARP5_10_3_2.dat
VERTICES ORIGINALES : 47
VERTICES TOTALES : 813
DEPOTS : 3
45
46
47
LINEAS ORIGINALES : 51
LINE 1 8 296.356 25
	48 12.387
	49 12.2567
	50 12.1366
	51 12.0268
	52 11.9278
	53 11.8397
	54 11.7628
	55 11.6974
	56 11.6435
	57 11.6015
	58 11.5714
	59 11.5533
	60 11.5473
	61 11.5533
	62 11.5714
	63 11.6015
	64 11.6435
	65 11.6974
	66 11.7628
	67 11.8397
	68 11.9278
	69 12.0268
	70 12.1366
	71 12.2567
	8 12.387
LINE 2 3 111.642 10
	72 11.497
	73 11.2775
	74 11.1099
	75 10.9968
	76 10.9398
	77 10.9398
	78 10.9968
	79 11.1099
	80 11.2775
	3 11.497
LINE 2 8 228.616 19
	81 12.7635
	82 12.5265
	83 12.3137
	84 12.1262
	85 11.9652
	86 11.8319
	87 11.7272
	88 11.6518
	89 11.6064
	90 11.5912
	91 11.6064
	92 11.6518
	93 11.7272
	94 11.8319
	95 11.9652
	96 12.1262
	97 12.3137
	98 12.5265
	8 12.7635
LINE 3 8 238.281 20
	99 12.9358
	100 12.6257
	101 12.3436
	102 12.0913
	103 11.8708
	104 11.6839
	105 11.5322
	106 11.417
	107 11.3397
	108 11.3008
	109 11.3008
	110 11.3397
	111 11.417
	112 11.5322
	113 11.6839
	114 11.8708
	115 12.0913
	116 12.3436
	117 12.6257
	8 12.9358
LINE 4 5 80.3907 7
	118 12.0054
	119 11.4901
	120 11.1695
	121 11.0606
	122 11.1695
	123 11.4901
	5 12.0054
LINE 4 11 142.465 12
	124 11.8868
	125 11.8788
	126 11.8724
	127 11.8676
	128 11.8644
	129 11.8628
	130 11.8628
	131 11.8644
	132 11.8676
	133 11.8724
	134 11.8788
	11 11.8868
LINE 6 7 93.6844 8
	135 11.8689
	136 11.7337
	137 11.6427
	138 11.5969
	139 11.5969
	140 11.6427
	141 11.7337
	7 11.8689
LINE 6 12 237.387 21
	142 11.5462
	143 11.4743
	144 11.4096
	145 11.3523
	146 11.3023
	147 11.2598
	148 11.225
	149 11.1978
	150 11.1783
	151 11.1666
	152 11.1627
	153 11.1666
	154 11.1783
	155 11.1978
	156 11.225
	157 11.2598
	158 11.3023
	159 11.3523
	160 11.4096
	161 11.4743
	12 11.5462
LINE 6 13 213.026 19
	162 11.2523
	163 11.2388
	164 11.227
	165 11.2167
	166 11.208
	167 11.2008
	168 11.1953
	169 11.1913
	170 11.1889
	171 11.1881
	172 11.1889
	173 11.1913
	174 11.1953
	175 11.2008
	176 11.208
	177 11.2167
	178 11.227
	179 11.2388
	13 11.2523
LINE 7 13 237.722 21
	180 11.5453
	181 11.4784
	182 11.4182
	183 11.3648
	184 11.3183
	185 11.2788
	186 11.2464
	187 11.2211
	188 11.203
	189 11.1922
	190 11.1885
	191 11.1922
	192 11.203
	193 11.2211
	194 11.2464
	195 11.2788
	196 11.3183
	197 11.3648
	198 11.4182
	199 11.4784
	13 11.5453
LINE 7 14 159.871 14
	200 12.0669
	201 11.7751
	202 11.5262
	203 11.3232
	204 11.1685
	205 11.0642
	206 11.0116
	207 11.0116
	208 11.0642
	209 11.1685
	210 11.3232
	211 11.5262
	212 11.7751
	14 12.0669
LINE 7 15 307.879 27
	213 11.4544
	214 11.4425
	215 11.4316
	216 11.4216
	217 11.4126
	218 11.4045
	219 11.3974
	220 11.3912
	221 11.386
	222 11.3817
	223 11.3784
	224 11.376
	225 11.3745
	226 11.3741
	227 11.3745
	228 11.376
	229 11.3784
	230 11.3817
	231 11.386
	232 11.3912
	233 11.3974
	234 11.4045
	235 11.4126
	236 11.4216
	237 11.4316
	238 11.4425
	15 11.4544
LINE 8 17 254.709 22
	239 11.772
	240 11.717
	241 11.6672
	242 11.6227
	243 11.5837
	244 11.5502
	245 11.5221
	246 11.4997
	247 11.4828
	248 11.4715
	249 11.4659
	250 11.4659
	251 11.4715
	252 11.4828
	253 11.4997
	254 11.5221
	255 11.5502
	256 11.5837
	257 11.6227
	258 11.6672
	259 11.717
	17 11.772
LINE 9 18 172.915 15
	260 11.5501
	261 11.5405
	262 11.5324
	263 11.5257
	264 11.5205
	265 11.5168
	266 11.5146
	267 11.5139
	268 11.5146
	269 11.5168
	270 11.5205
	271 11.5257
	272 11.5324
	273 11.5405
	18 11.5501
LINE 9 19 91.8413 8
	274 11.6747
	275 11.5088
	276 11.3968
	277 11.3404
	278 11.3404
	279 11.3968
	280 11.5088
	19 11.6747
LINE 10 20 188.293 16
	281 12.0295
	282 11.926
	283 11.8366
	284 11.7616
	285 11.7013
	286 11.6558
	287 11.6254
	288 11.6102
	289 11.6102
	290 11.6254
	291 11.6558
	292 11.7013
	293 11.7616
	294 11.8366
	295 11.926
	20 12.0295
LINE 11 21 176.136 15
	296 12.3139
	297 12.074
	298 11.8673
	299 11.6954
	300 11.56
	301 11.4623
	302 11.4033
	303 11.3835
	304 11.4033
	305 11.4623
	306 11.56
	307 11.6954
	308 11.8673
	309 12.074
	21 12.3139
LINE 12 21 240.134 21
	310 11.6875
	311 11.6125
	312 11.545
	313 11.4852
	314 11.433
	315 11.3887
	316 11.3524
	317 11.324
	318 11.3037
	319 11.2915
	320 11.2874
	321 11.2915
	322 11.3037
	323 11.324
	324 11.3524
	325 11.3887
	326 11.433
	327 11.4852
	328 11.545
	329 11.6125
	21 11.6875
LINE 12 22 189.673 16
	330 12.5857
	331 12.3011
	332 12.0517
	333 11.84
	334 11.6678
	335 11.5369
	336 11.4489
	337 11.4046
	338 11.4046
	339 11.4489
	340 11.5369
	341 11.6678
	342 11.84
	343 12.0517
	344 12.3011
	22 12.5857
LINE 13 14 157.074 14
	345 11.2209
	346 11.2203
	347 11.2198
	348 11.2194
	349 11.2191
	350 11.2188
	351 11.2187
	352 11.2187
	353 11.2188
	354 11.2191
	355 11.2194
	356 11.2198
	357 11.2203
	14 11.2209
LINE 14 15 233.359 20
	358 12.4665
	359 12.2223
	360 12.001
	361 11.804
	362 11.6324
	363 11.4875
	364 11.3702
	365 11.2815
	366 11.2219
	367 11.1921
	368 11.1921
	369 11.2219
	370 11.2815
	371 11.3702
	372 11.4875
	373 11.6324
	374 11.804
	375 12.001
	376 12.2223
	15 12.4665
LINE 14 23 174.476 15
	377 11.6333
	378 11.6326
	379 11.6321
	380 11.6316
	381 11.6313
	382 11.631
	383 11.6308
	384 11.6308
	385 11.6308
	386 11.631
	387 11.6313
	388 11.6316
	389 11.6321
	390 11.6326
	23 11.6333
LINE 16 26 153.154 13
	391 11.798
	392 11.7896
	393 11.7826
	394 11.7772
	395 11.7734
	396 11.7711
	397 11.7703
	398 11.7711
	399 11.7734
	400 11.7772
	401 11.7826
	402 11.7896
	26 11.798
LINE 17 27 164.311 14
	403 12.436
	404 12.1211
	405 11.8523
	406 11.6328
	407 11.4654
	408 11.3524
	409 11.2955
	410 11.2955
	411 11.3524
	412 11.4654
	413 11.6328
	414 11.8523
	415 12.1211
	27 12.436
LINE 18 19 223.786 19
	416 12.652
	417 12.3705
	418 12.1167
	419 11.8924
	420 11.6992
	421 11.5387
	422 11.4123
	423 11.3212
	424 11.2662
	425 11.2478
	426 11.2662
	427 11.3212
	428 11.4123
	429 11.5387
	430 11.6992
	431 11.8924
	432 12.1167
	433 12.3705
	19 12.652
LINE 18 28 171.472 15
	434 11.54
	435 11.4937
	436 11.4543
	437 11.422
	438 11.3969
	439 11.3788
	440 11.368
	441 11.3644
	442 11.368
	443 11.3788
	444 11.3969
	445 11.422
	446 11.4543
	447 11.4937
	28 11.54
LINE 19 30 256.107 22
	448 11.8303
	449 11.7767
	450 11.7283
	451 11.685
	452 11.647
	453 11.6144
	454 11.5871
	455 11.5653
	456 11.5488
	457 11.5379
	458 11.5324
	459 11.5324
	460 11.5379
	461 11.5488
	462 11.5653
	463 11.5871
	464 11.6144
	465 11.647
	466 11.685
	467 11.7283
	468 11.7767
	30 11.8303
LINE 20 21 132.321 12
	469 11.0755
	470 11.0489
	471 11.0276
	472 11.0117
	473 11.001
	474 10.9956
	475 10.9956
	476 11.001
	477 11.0117
	478 11.0276
	479 11.0489
	21 11.0755
LINE 21 30 190.74 17
	480 11.3754
	481 11.3175
	482 11.2671
	483 11.2242
	484 11.189
	485 11.1616
	486 11.142
	487 11.1302
	488 11.1263
	489 11.1302
	490 11.142
	491 11.1616
	492 11.189
	493 11.2242
	494 11.2671
	495 11.3175
	30 11.3754
LINE 21 31 190.084 16
	496 12.2968
	497 12.1327
	498 11.9903
	499 11.8703
	500 11.7735
	501 11.7003
	502 11.6513
	503 11.6267
	504 11.6267
	505 11.6513
	506 11.7003
	507 11.7735
	508 11.8703
	509 11.9903
	510 12.1327
	31 12.2968
LINE 22 32 126.148 11
	511 11.5239
	512 11.4904
	513 11.4643
	514 11.4456
	515 11.4344
	516 11.4307
	517 11.4344
	518 11.4456
	519 11.4643
	520 11.4904
	32 11.5239
LINE 23 24 144.218 13
	521 11.1019
	522 11.0978
	523 11.0944
	524 11.0918
	525 11.09
	526 11.0889
	527 11.0885
	528 11.0889
	529 11.09
	530 11.0918
	531 11.0944
	532 11.0978
	24 11.1019
LINE 23 32 251.052 22
	533 11.4225
	534 11.4193
	535 11.4165
	536 11.414
	537 11.4118
	538 11.4099
	539 11.4083
	540 11.4071
	541 11.4061
	542 11.4055
	543 11.4052
	544 11.4052
	545 11.4055
	546 11.4061
	547 11.4071
	548 11.4083
	549 11.4099
	550 11.4118
	551 11.414
	552 11.4165
	553 11.4193
	32 11.4225
LINE 24 25 175.693 15
	554 12.7434
	555 12.318
	556 11.9462
	557 11.6332
	558 11.3839
	559 11.2023
	560 11.092
	561 11.0549
	562 11.092
	563 11.2023
	564 11.3839
	565 11.6332
	566 11.9462
	567 12.318
	25 12.7434
LINE 24 33 150.676 13
	568 12.44
	569 12.0277
	570 11.6795
	571 11.4013
	572 11.1983
	573 11.0748
	574 11.0333
	575 11.0748
	576 11.1983
	577 11.4013
	578 11.6795
	579 12.0277
	33 12.44
LINE 25 26 151.424 13
	580 11.6523
	581 11.6502
	582 11.6484
	583 11.647
	584 11.646
	585 11.6454
	586 11.6452
	587 11.6454
	588 11.646
	589 11.647
	590 11.6484
	591 11.6502
	26 11.6523
LINE 25 33 173.184 15
	592 11.7123
	593 11.6413
	594 11.5809
	595 11.5313
	596 11.4925
	597 11.4647
	598 11.448
	599 11.4424
	600 11.448
	601 11.4647
	602 11.4925
	603 11.5313
	604 11.5809
	605 11.6413
	33 11.7123
LINE 26 34 172.516 15
	606 11.5567
	607 11.5329
	608 11.5128
	609 11.4962
	610 11.4834
	611 11.4742
	612 11.4686
	613 11.4668
	614 11.4686
	615 11.4742
	616 11.4834
	617 11.4962
	618 11.5128
	619 11.5329
	34 11.5567
LINE 29 37 288.486 25
	620 12.0498
	621 11.925
	622 11.8098
	623 11.7047
	624 11.6098
	625 11.5254
	626 11.4518
	627 11.3892
	628 11.3376
	629 11.2974
	630 11.2686
	631 11.2512
	632 11.2454
	633 11.2512
	634 11.2686
	635 11.2974
	636 11.3376
	637 11.3892
	638 11.4518
	639 11.5254
	640 11.6098
	641 11.7047
	642 11.8098
	643 11.925
	37 12.0498
LINE 29 38 208.488 17
	644 13.1706
	645 12.8417
	646 12.5496
	647 12.297
	648 12.0865
	649 11.9202
	650 11.7999
	651 11.7272
	652 11.7028
	653 11.7272
	654 11.7999
	655 11.9202
	656 12.0865
	657 12.297
	658 12.5496
	659 12.8417
	38 13.1706
LINE 30 31 155.832 13
	660 12.3427
	661 12.167
	662 12.0214
	663 11.9069
	664 11.8244
	665 11.7747
	666 11.758
	667 11.7747
	668 11.8244
	669 11.9069
	670 12.0214
	671 12.167
	31 12.3427
LINE 31 32 69.696 6
	672 11.7186
	673 11.5957
	674 11.5338
	675 11.5338
	676 11.5957
	32 11.7186
LINE 31 40 226.942 19
	677 12.9652
	678 12.638
	679 12.342
	680 12.0797
	681 11.8532
	682 11.6646
	683 11.5158
	684 11.4083
	685 11.3433
	686 11.3216
	687 11.3433
	688 11.4083
	689 11.5158
	690 11.6646
	691 11.8532
	692 12.0797
	693 12.342
	694 12.638
	40 12.9652
LINE 32 40 233.691 20
	695 11.6849
	696 11.6848
	697 11.6847
	698 11.6846
	699 11.6846
	700 11.6845
	701 11.6845
	702 11.6844
	703 11.6844
	704 11.6844
	705 11.6844
	706 11.6844
	707 11.6844
	708 11.6845
	709 11.6845
	710 11.6846
	711 11.6846
	712 11.6847
	713 11.6848
	40 11.6849
LINE 33 34 192.638 17
	714 11.6239
	715 11.5156
	716 11.4209
	717 11.3401
	718 11.2736
	719 11.2216
	720 11.1843
	721 11.1619
	722 11.1544
	723 11.1619
	724 11.1843
	725 11.2216
	726 11.2736
	727 11.3401
	728 11.4209
	729 11.5156
	34 11.6239
LINE 34 43 138.939 12
	730 11.6734
	731 11.6216
	732 11.5801
	733 11.5488
	734 11.5279
	735 11.5175
	736 11.5175
	737 11.5279
	738 11.5488
	739 11.5801
	740 11.6216
	43 11.6734
LINE 35 44 141.821 12
	741 12.6399
	742 12.2038
	743 11.8433
	744 11.5656
	745 11.3767
	746 11.2811
	747 11.2811
	748 11.3767
	749 11.5656
	750 11.8433
	751 12.2038
	44 12.6399
LINE 36 37 173.732 14
	752 13.4414
	753 12.9813
	754 12.5851
	755 12.2589
	756 12.0084
	757 11.8385
	758 11.7526
	759 11.7526
	760 11.8385
	761 12.0084
	762 12.2589
	763 12.5851
	764 12.9813
	37 13.4414
LINE 37 38 197.655 17
	765 11.648
	766 11.64
	767 11.6331
	768 11.6273
	769 11.6225
	770 11.6188
	771 11.6162
	772 11.6146
	773 11.6141
	774 11.6146
	775 11.6162
	776 11.6188
	777 11.6225
	778 11.6273
	779 11.6331
	780 11.64
	38 11.648
LINE 39 40 208.062 18
	781 11.6243
	782 11.6013
	783 11.5812
	784 11.5639
	785 11.5494
	786 11.5379
	787 11.5292
	788 11.5234
	789 11.5205
	790 11.5205
	791 11.5234
	792 11.5292
	793 11.5379
	794 11.5494
	795 11.5639
	796 11.5812
	797 11.6013
	40 11.6243
LINE 41 42 201.637 17
	798 12.0807
	799 11.999
	800 11.9277
	801 11.8671
	802 11.8173
	803 11.7783
	804 11.7505
	805 11.7337
	806 11.7281
	807 11.7337
	808 11.7505
	809 11.7783
	810 11.8173
	811 11.8671
	812 11.9277
	813 11.999
	42 12.0807
COORDENADAS :
1	86.7005	453.625
2	175.406	445.43
3	248.29	445.702
4	489.249	451.878
5	540.471	458.244
6	683.413	446.896
7	744.278	436.076
8	204.65	301.551
9	257.544	307.599
10	407.021	340.835
11	458.753	362.01
12	564.024	346.054
13	653.601	308.351
14	755.135	333.937
15	901.456	304.886
16	1001.48	328.357
17	43.9041	252.183
18	150.322	265.644
19	292.607	258.364
20	353.041	229.4
21	438.559	249.981
22	546.28	225.766
23	660.076	266.919
24	740.997	215.082
25	851.546	214.775
26	949.042	240.859
27	100.272	163.172
28	151.992	152.012
29	283.485	143.41
30	401.937	129.319
31	502.787	143.929
32	548.85	141.98
33	778.164	126.979
34	904.308	135.277
35	978.796	134.988
36	56.1664	25.2232
37	162.815	0
38	293.964	11.1921
39	343.216	24.6956
40	479.649	2.4012
41	652.133	8.34864
42	783.4	29.2395
43	880.597	46.2508
44	969.187	45.3493
45	0	338.72
46	4.33363	260.288
47	831.233	500.819
48	93.7801	449.374
49	100.663	444.97
50	107.349	440.414
51	113.838	435.704
52	120.131	430.843
53	126.226	425.828
54	132.125	420.661
55	137.827	415.341
56	143.332	409.869
57	148.641	404.244
58	153.752	398.466
59	158.667	392.536
60	163.385	386.453
61	167.906	380.217
62	172.23	373.829
63	176.358	367.288
64	180.289	360.595
65	184.023	353.748
66	187.56	346.749
67	190.9	339.598
68	194.044	332.294
69	196.99	324.837
70	199.74	317.228
71	202.293	309.466
72	182.703	443.086
73	189.998	441.268
74	197.292	439.977
75	204.583	439.214
76	211.872	438.977
77	219.16	439.268
78	226.445	440.086
79	233.729	441.431
80	241.01	443.303
81	180.436	438.567
82	185.078	431.625
83	189.332	424.605
84	193.199	417.505
85	196.677	410.327
86	199.768	403.069
87	202.47	395.733
88	204.785	388.318
89	206.712	380.825
90	208.252	373.252
91	209.403	365.601
92	210.166	357.87
93	210.542	350.061
94	210.529	342.173
95	210.129	334.206
96	209.341	326.161
97	208.165	318.036
98	206.601	309.833
99	242.086	439.712
100	236.305	433.594
101	230.947	427.348
102	226.013	420.973
103	221.503	414.471
104	217.415	407.84
105	213.751	401.081
106	210.511	394.194
107	207.694	387.179
108	205.3	380.035
109	203.33	372.764
110	201.783	365.364
111	200.659	357.836
112	199.959	350.18
113	199.683	342.395
114	199.829	334.483
115	200.399	326.442
116	201.393	318.273
117	202.809	309.976
118	496.183	455.876
119	503.244	458.844
120	510.434	460.783
121	517.751	461.693
122	525.196	461.573
123	532.77	460.423
124	487.186	444.227
125	485.036	436.605
126	482.799	429.013
127	480.475	421.45
128	478.064	413.917
129	475.566	406.413
130	472.982	398.939
131	470.31	391.494
132	467.551	384.079
133	464.706	376.693
134	461.773	369.337
135	691.319	447.219
136	699.14	447.063
137	706.875	446.429
138	714.526	445.316
139	722.092	443.724
140	729.572	441.653
141	736.968	439.104
142	678.997	440.591
143	674.454	434.436
144	669.785	428.432
145	664.988	422.578
146	660.065	416.874
147	655.015	411.32
148	649.837	405.917
149	644.533	400.664
150	639.102	395.562
151	633.543	390.609
152	627.858	385.807
153	622.046	381.156
154	616.107	376.654
155	610.041	372.303
156	603.848	368.103
157	597.528	364.052
158	591.081	360.152
159	584.507	356.402
160	577.806	352.802
161	570.978	349.353
162	682.626	439.436
163	681.751	431.994
164	680.791	424.572
165	679.743	417.168
166	678.608	409.782
167	677.386	402.416
168	676.078	395.068
169	674.683	387.739
170	673.201	380.428
171	671.631	373.136
172	669.976	365.863
173	668.233	358.609
174	666.403	351.373
175	664.487	344.156
176	662.483	336.957
177	660.393	329.778
178	658.216	322.617
179	655.952	315.474
180	738.412	431.093
181	732.7	426
182	727.144	420.797
183	721.742	415.484
184	716.495	410.061
185	711.403	404.529
186	706.466	398.886
187	701.684	393.134
188	697.056	387.272
189	692.583	381.299
190	688.265	375.217
191	684.102	369.025
192	680.094	362.723
193	676.24	356.311
194	672.542	349.79
195	668.998	343.158
196	665.609	336.416
197	662.375	329.565
198	659.295	322.603
199	656.371	315.532
200	748.335	429.129
201	751.887	422.128
202	754.934	415.074
203	757.476	407.966
204	759.514	400.805
205	761.046	393.59
206	762.074	386.321
207	762.597	378.999
208	762.616	371.623
209	762.129	364.193
210	761.138	356.709
211	759.641	349.172
212	757.64	341.582
213	749.521	430.524
214	754.809	425.025
215	760.141	419.58
216	765.517	414.188
217	770.938	408.85
218	776.404	403.564
219	781.914	398.332
220	787.468	393.154
221	793.067	388.028
222	798.71	382.956
223	804.398	377.937
224	810.131	372.972
225	815.908	368.06
226	821.729	363.201
227	827.595	358.395
228	833.505	353.643
229	839.46	348.944
230	845.46	344.298
231	851.503	339.706
232	857.592	335.167
233	863.725	330.681
234	869.902	326.249
235	876.124	321.869
236	882.39	317.543
237	888.701	313.271
238	895.056	309.052
239	197.866	297.605
240	191.032	293.821
241	184.148	290.2
242	177.215	286.74
243	170.232	283.443
244	163.199	280.307
245	156.117	277.334
246	148.984	274.523
247	141.802	271.874
248	134.57	269.387
249	127.288	267.061
250	119.957	264.899
251	112.576	262.898
252	105.144	261.059
253	97.6637	259.382
254	90.133	257.868
255	82.5527	256.515
256	74.9225	255.324
257	67.2426	254.296
258	59.5128	253.43
259	51.7333	252.725
260	250.174	305.369
261	242.836	303.059
262	235.529	300.667
263	228.254	298.195
264	221.01	295.641
265	213.799	293.006
266	206.619	290.29
267	199.47	287.493
268	192.354	284.615
269	185.269	281.656
270	178.216	278.616
271	171.195	275.495
272	164.205	272.292
273	157.248	269.009
274	263.449	302.528
275	268.919	297.148
276	273.954	291.458
277	278.555	285.459
278	282.72	279.149
279	286.451	272.53
280	289.746	265.602
281	401.754	334.788
282	396.74	328.618
283	391.978	322.325
284	387.468	315.911
285	383.211	309.374
286	379.206	302.715
287	375.454	295.934
288	371.954	289.03
289	368.706	282.004
290	365.711	274.856
291	362.968	267.586
292	360.478	260.193
293	358.24	252.678
294	356.255	245.041
295	354.522	237.281
296	460.488	353.986
297	461.782	346.042
298	462.636	338.176
299	463.05	330.39
300	463.024	322.684
301	462.558	315.057
302	461.652	307.509
303	460.306	300.04
304	458.519	292.651
305	456.293	285.341
306	453.626	278.11
307	450.52	270.959
308	446.973	263.887
309	442.986	256.894
310	559.278	339.875
311	554.409	333.856
312	549.418	327.997
313	544.304	322.299
314	539.066	316.761
315	533.706	311.384
316	528.223	306.167
317	522.617	301.11
318	516.889	296.215
319	511.037	291.479
320	505.062	286.904
321	498.965	282.49
322	492.745	278.236
323	486.402	274.142
324	479.936	270.209
325	473.347	266.437
326	466.635	262.825
327	459.8	259.373
328	452.843	256.082
329	445.762	252.951
330	559.396	339.055
331	555.238	331.987
332	551.549	324.85
333	548.329	317.643
334	545.578	310.367
335	543.296	303.022
336	541.483	295.608
337	540.139	288.125
338	539.265	280.572
339	538.86	272.95
340	538.924	265.259
341	539.456	257.499
342	540.459	249.669
343	541.93	241.771
344	543.87	233.803
345	660.817	310.322
346	668.039	312.271
347	675.266	314.198
348	682.499	316.103
349	689.738	317.986
350	696.982	319.847
351	704.231	321.685
352	711.486	323.502
353	718.747	325.296
354	726.014	327.069
355	733.285	328.819
356	740.563	330.547
357	747.846	332.253
358	763.165	336.08
359	771.119	337.845
360	778.999	339.231
361	786.804	340.239
362	794.533	340.868
363	802.187	341.118
364	809.766	340.991
365	817.27	340.484
366	824.699	339.599
367	832.053	338.336
368	839.331	336.694
369	846.534	334.674
370	853.663	332.275
371	860.716	329.498
372	867.694	326.342
373	874.596	322.808
374	881.424	318.895
375	888.176	314.604
376	894.854	309.934
377	748.705	329.601
378	742.288	325.246
379	735.884	320.872
380	729.494	316.48
381	723.117	312.068
382	716.753	307.638
383	710.403	303.189
384	704.065	298.721
385	697.741	294.234
386	691.431	289.729
387	685.133	285.205
388	678.849	280.662
389	672.578	276.1
390	666.32	271.519
391	997.91	321.349
392	994.262	314.388
393	990.536	307.473
394	986.733	300.603
395	982.854	293.78
396	978.897	287.003
397	974.863	280.273
398	970.752	273.588
399	966.564	266.95
400	962.299	260.358
401	957.957	253.812
402	953.538	247.312
403	44.9915	243.964
404	46.531	236.032
405	48.5227	228.385
406	50.9666	221.025
407	53.8625	213.951
408	57.2106	207.164
409	61.0109	200.663
410	65.2632	194.448
411	69.9678	188.52
412	75.1244	182.878
413	80.7332	177.522
414	86.7941	172.452
415	93.3072	167.669
416	157.613	261.404
417	164.926	257.592
418	172.261	254.209
419	179.619	251.254
420	186.998	248.728
421	194.399	246.631
422	201.822	244.962
423	209.266	243.722
424	216.733	242.91
425	224.222	242.527
426	231.733	242.572
427	239.265	243.046
428	246.82	243.949
429	254.396	245.28
430	261.995	247.039
431	269.615	249.228
432	277.257	251.844
433	284.921	254.89
434	149.096	258.049
435	148.062	250.457
436	147.218	242.867
437	146.565	235.281
438	146.104	227.697
439	145.833	220.116
440	145.754	212.537
441	145.865	204.962
442	146.167	197.389
443	146.661	189.819
444	147.345	182.252
445	148.22	174.688
446	149.287	167.127
447	150.544	159.568
448	298.92	253.636
449	305.105	248.8
450	311.163	243.856
451	317.092	238.803
452	322.893	233.642
453	328.566	228.373
454	334.112	222.995
455	339.529	217.509
456	344.818	211.914
457	349.98	206.211
458	355.013	200.4
459	359.919	194.48
460	364.696	188.451
461	369.346	182.315
462	373.868	176.07
463	378.261	169.716
464	382.527	163.254
465	386.665	156.684
466	390.675	150.005
467	394.557	143.218
468	398.311	136.322
469	360.375	230.251
470	367.672	231.259
471	374.931	232.424
472	382.152	233.747
473	389.335	235.226
474	396.481	236.863
475	403.588	238.656
476	410.658	240.607
477	417.69	242.715
478	424.684	244.98
479	431.641	247.402
480	434.894	243.341
481	431.419	236.645
482	428.132	229.891
483	425.033	223.079
484	422.124	216.211
485	419.403	209.285
486	416.871	202.302
487	414.528	195.261
488	412.374	188.164
489	410.409	181.009
490	408.632	173.796
491	407.044	166.526
492	405.645	159.199
493	404.435	151.815
494	403.413	144.374
495	402.58	136.875
496	440.285	241.967
497	442.316	234.137
498	444.652	226.493
499	447.293	219.033
500	450.24	211.758
501	453.491	204.668
502	457.048	197.762
503	460.909	191.042
504	465.076	184.506
505	469.548	178.155
506	474.325	171.988
507	479.407	166.007
508	484.794	160.21
509	490.487	154.598
510	496.484	149.171
511	547.488	218.179
512	548.501	210.586
513	549.32	202.987
514	549.943	195.382
515	550.372	187.771
516	550.605	180.154
517	550.644	172.532
518	550.488	164.903
519	550.137	157.268
520	549.591	149.627
521	666.497	263.238
522	672.885	259.505
523	679.24	255.722
524	685.563	251.887
525	691.853	248.002
526	698.11	244.065
527	704.335	240.078
528	710.527	236.04
529	716.686	231.95
530	722.813	227.81
531	728.907	223.618
532	734.968	219.376
533	654.707	261.519
534	649.368	256.093
535	644.058	250.639
536	638.779	245.16
537	633.529	239.653
538	628.309	234.12
539	623.119	228.561
540	617.959	222.975
541	612.829	217.362
542	607.728	211.723
543	602.657	206.057
544	597.617	200.365
545	592.606	194.646
546	587.625	188.9
547	582.673	183.128
548	577.752	177.33
549	572.86	171.505
550	567.998	165.653
551	563.166	159.775
552	558.364	153.87
553	553.592	147.938
554	748.378	219.288
555	755.758	222.889
556	763.137	225.887
557	770.513	228.282
558	777.888	230.072
559	785.262	231.259
560	792.633	231.842
561	800.003	231.822
562	807.371	231.198
563	814.738	229.97
564	822.103	228.138
565	829.466	225.703
566	836.828	222.664
567	844.187	219.021
568	747.385	209.794
569	753.186	204.258
570	758.398	198.473
571	763.022	192.441
572	767.057	186.16
573	770.505	179.631
574	773.364	172.854
575	775.634	165.829
576	777.317	158.555
577	778.411	151.033
578	778.917	143.264
579	778.835	135.245
580	858.975	217.043
581	866.416	219.268
582	873.869	221.449
583	881.334	223.587
584	888.81	225.681
585	896.298	227.731
586	903.798	229.737
587	911.31	231.7
588	918.833	233.619
589	926.367	235.495
590	933.914	237.326
591	941.472	239.114
592	845.375	209.99
593	839.386	205.054
594	833.581	199.964
595	827.958	194.722
596	822.518	189.327
597	817.26	183.779
598	812.186	178.079
599	807.294	172.226
600	802.584	166.22
601	798.057	160.062
602	793.713	153.751
603	789.552	147.287
604	785.573	140.67
605	781.777	133.901
606	946.943	233.446
607	944.718	226.086
608	942.366	218.78
609	939.889	211.527
610	937.285	204.328
611	934.555	197.183
612	931.699	190.09
613	928.717	183.051
614	925.608	176.066
615	922.374	169.134
616	919.013	162.256
617	915.526	155.431
618	911.913	148.659
619	908.173	141.941
620	276.45	139.531
621	269.599	135.498
622	262.933	131.31
623	256.45	126.967
624	250.151	122.469
625	244.036	117.817
626	238.105	113.009
627	232.358	108.047
628	226.795	102.93
629	221.416	97.6582
630	216.222	92.2315
631	211.211	86.6499
632	206.384	80.9136
633	201.741	75.0223
634	197.282	68.9763
635	193.007	62.7754
636	188.917	56.4197
637	185.01	49.9092
638	181.287	43.2438
639	177.748	36.4236
640	174.394	29.4485
641	171.223	22.3186
642	168.236	15.0339
643	165.433	7.59438
644	280.086	135.314
645	277.189	127.258
646	274.794	119.242
647	272.9	111.265
648	271.509	103.329
649	270.619	95.4318
650	270.232	87.5747
651	270.346	79.7574
652	270.963	71.9799
653	272.081	64.2422
654	273.701	56.5443
655	275.824	48.8861
656	278.448	41.2678
657	281.574	33.6892
658	285.202	26.1503
659	289.332	18.6513
660	409.335	132.919
661	416.794	136.107
662	424.313	138.881
663	431.891	141.244
664	439.529	143.193
665	447.227	144.73
666	454.985	145.853
667	462.802	146.565
668	470.68	146.863
669	478.617	146.748
670	486.614	146.221
671	494.67	145.281
672	510.404	142.195
673	518.046	141.025
674	525.711	140.418
675	533.4	140.375
676	541.113	140.896
677	505.726	135.8
678	508.203	127.747
679	510.218	119.77
680	511.772	111.868
681	512.863	104.042
682	513.493	96.2908
683	513.661	88.6155
684	513.367	81.0156
685	512.611	73.4913
686	511.393	66.0425
687	509.714	58.6692
688	507.572	51.3714
689	504.969	44.1491
690	501.903	37.0024
691	498.376	29.9311
692	494.387	22.9354
693	489.936	16.0151
694	485.023	9.1704
695	545.327	135.032
696	541.811	128.081
697	538.301	121.127
698	534.799	114.169
699	531.302	107.208
700	527.813	100.244
701	524.329	93.2763
702	520.853	86.3055
703	517.383	79.3315
704	513.92	72.3541
705	510.463	65.3735
706	507.013	58.3897
707	503.569	51.4026
708	500.132	44.4122
709	496.702	37.4185
710	493.278	30.4216
711	489.861	23.4214
712	486.45	16.4179
713	483.046	9.41119
714	785.441	129.643
715	792.736	132.034
716	800.049	134.154
717	807.38	136.002
718	814.728	137.578
719	822.095	138.882
720	829.479	139.914
721	836.882	140.674
722	844.302	141.162
723	851.74	141.378
724	859.196	141.322
725	866.67	140.994
726	874.162	140.395
727	881.672	139.523
728	889.199	138.379
729	896.745	136.964
730	903.562	127.53
731	902.592	119.843
732	901.399	112.216
733	899.983	104.648
734	898.342	97.1402
735	896.478	89.6916
736	894.39	82.3025
737	892.079	74.9731
738	889.544	67.7031
739	886.785	60.4928
740	883.803	53.342
741	974.201	127.925
742	970.295	120.788
743	967.079	113.577
744	964.553	106.292
745	962.718	98.9331
746	961.572	91.5001
747	961.116	83.9932
748	961.35	76.4124
749	962.275	68.7575
750	963.889	61.0288
751	966.193	53.226
752	64.788	27.6659
753	73.2551	29.4556
754	81.5678	30.5924
755	89.726	31.0761
756	97.7298	30.9069
757	105.579	30.0847
758	113.274	28.6095
759	120.815	26.4814
760	128.201	23.7002
761	135.432	20.2661
762	142.51	16.1791
763	149.432	11.439
764	156.201	6.046
765	170.479	1.24835
766	178.149	2.42294
767	185.826	3.52379
768	193.51	4.55089
769	201.199	5.50424
770	208.895	6.38384
771	216.597	7.18969
772	224.305	7.9218
773	232.02	8.58015
774	239.741	9.16476
775	247.468	9.67562
776	255.202	10.1127
777	262.942	10.4761
778	270.688	10.7657
779	278.44	10.9816
780	286.199	11.1237
781	350.629	22.4357
782	358.061	20.2959
783	365.513	18.2763
784	372.985	16.3769
785	380.476	14.5976
786	387.987	12.9384
787	395.517	11.3995
788	403.067	9.98066
789	410.637	8.682
790	418.227	7.5035
791	425.836	6.44516
792	433.464	5.50698
793	441.113	4.68896
794	448.78	3.99109
795	456.468	3.41338
796	464.175	2.95583
797	471.902	2.61843
798	660.158	7.66999
799	668.145	7.22977
800	676.095	7.028
801	684.006	7.06466
802	691.879	7.33977
803	699.715	7.85332
804	707.512	8.60531
805	715.272	9.59574
806	722.993	10.8246
807	730.677	12.2919
808	738.323	13.9977
809	745.93	15.9419
810	753.5	18.1245
811	761.032	20.5456
812	768.526	23.2051
813	775.982	26.1031
