NOMBRE : MTLARP10_10_6_1.dat
VERTICES ORIGINALES : 86
VERTICES TOTALES : 1078
DEPOTS : 6
81
82
83
84
85
86
LINEAS ORIGINALES : 66
LINE 1 2 159.28 14
	87 12.446
	88 11.9715
	89 11.5613
	90 11.2223
	91 10.9612
	92 10.7836
	93 10.6938
	94 10.6938
	95 10.7836
	96 10.9612
	97 11.2223
	98 11.5613
	99 11.9715
	2 12.446
LINE 3 4 175.108 15
	100 13.0035
	101 12.4605
	102 11.9819
	103 11.5756
	104 11.2494
	105 11.0105
	106 10.8647
	107 10.8156
	108 10.8647
	109 11.0105
	110 11.2494
	111 11.5756
	112 11.9819
	113 12.4605
	4 13.0035
LINE 4 11 151.268 13
	114 12.7951
	115 12.2383
	116 11.7632
	117 11.3799
	118 11.0981
	119 10.9255
	120 10.8673
	121 10.9255
	122 11.0981
	123 11.3799
	124 11.7632
	125 12.2383
	11 12.7951
LINE 5 12 236.93 22
	126 11.6125
	127 11.3805
	128 11.1675
	129 10.9747
	130 10.8032
	131 10.654
	132 10.5281
	133 10.4262
	134 10.3492
	135 10.2975
	136 10.2715
	137 10.2715
	138 10.2975
	139 10.3492
	140 10.4262
	141 10.5281
	142 10.654
	143 10.8032
	144 10.9747
	145 11.1675
	146 11.3805
	12 11.6125
LINE 6 13 192.747 18
	147 11.4241
	148 11.179
	149 10.96
	150 10.7687
	151 10.6067
	152 10.4753
	153 10.3757
	154 10.3087
	155 10.275
	156 10.275
	157 10.3087
	158 10.3757
	159 10.4753
	160 10.6067
	161 10.7687
	162 10.96
	163 11.179
	13 11.4241
LINE 7 15 122.298 11
	164 11.7611
	165 11.3835
	166 11.0809
	167 10.8595
	168 10.7246
	169 10.6792
	170 10.7246
	171 10.8595
	172 11.0809
	173 11.3835
	15 11.7611
LINE 8 9 215.615 19
	174 12.952
	175 12.4504
	176 11.9904
	177 11.5769
	178 11.2152
	179 10.9103
	180 10.6671
	181 10.49
	182 10.3823
	183 10.3461
	184 10.3823
	185 10.49
	186 10.6671
	187 10.9103
	188 11.2152
	189 11.5769
	190 11.9904
	191 12.4504
	9 12.952
LINE 9 16 98.8271 9
	192 11.883
	193 11.2241
	194 10.7287
	195 10.4201
	196 10.3152
	197 10.4201
	198 10.7287
	199 11.2241
	16 11.883
LINE 9 17 244.412 23
	200 10.9013
	201 10.8273
	202 10.76
	203 10.6993
	204 10.6455
	205 10.5987
	206 10.5589
	207 10.5262
	208 10.5007
	209 10.4825
	210 10.4715
	211 10.4679
	212 10.4715
	213 10.4825
	214 10.5007
	215 10.5262
	216 10.5589
	217 10.5987
	218 10.6455
	219 10.6993
	220 10.76
	221 10.8273
	17 10.9013
LINE 10 11 231.41 20
	222 13.4828
	223 12.9225
	224 12.4032
	225 11.9302
	226 11.5094
	227 11.1466
	228 10.8476
	229 10.6179
	230 10.4619
	231 10.383
	232 10.383
	233 10.4619
	234 10.6179
	235 10.8476
	236 11.1466
	237 11.5094
	238 11.9302
	239 12.4032
	240 12.9225
	11 13.4828
LINE 11 12 174.391 16
	241 11.6169
	242 11.3381
	243 11.0935
	244 10.8855
	245 10.7162
	246 10.5875
	247 10.5008
	248 10.4572
	249 10.4572
	250 10.5008
	251 10.5875
	252 10.7162
	253 10.8855
	254 11.0935
	255 11.3381
	12 11.6169
LINE 13 20 148.336 13
	256 12.2831
	257 11.86
	258 11.5024
	259 11.2163
	260 11.0074
	261 10.8801
	262 10.8374
	263 10.8801
	264 11.0074
	265 11.2163
	266 11.5024
	267 11.86
	20 12.2831
LINE 14 21 135.819 12
	268 12.2831
	269 11.774
	270 11.3503
	271 11.0218
	272 10.7973
	273 10.6833
	274 10.6833
	275 10.7973
	276 11.0218
	277 11.3503
	278 11.774
	21 12.2831
LINE 15 23 213.763 19
	279 12.1179
	280 11.8389
	281 11.5871
	282 11.3644
	283 11.1725
	284 11.013
	285 10.8873
	286 10.7967
	287 10.7419
	288 10.7236
	289 10.7419
	290 10.7967
	291 10.8873
	292 11.013
	293 11.1725
	294 11.3644
	295 11.5871
	296 11.8389
	23 12.1179
LINE 18 19 210.054 20
	297 10.678
	298 10.6231
	299 10.574
	300 10.5309
	301 10.4938
	302 10.4628
	303 10.4379
	304 10.4192
	305 10.4067
	306 10.4005
	307 10.4005
	308 10.4067
	309 10.4192
	310 10.4379
	311 10.4628
	312 10.4938
	313 10.5309
	314 10.574
	315 10.6231
	19 10.678
LINE 18 27 202.739 18
	316 12.4392
	317 12.0432
	318 11.6857
	319 11.3703
	320 11.1006
	321 10.8801
	322 10.7117
	323 10.598
	324 10.5407
	325 10.5407
	326 10.598
	327 10.7117
	328 10.8801
	329 11.1006
	330 11.3703
	331 11.6857
	332 12.0432
	27 12.4392
LINE 19 28 174.642 16
	333 12.0583
	334 11.6214
	335 11.2333
	336 10.8994
	337 10.6248
	338 10.414
	339 10.2711
	340 10.1989
	341 10.1989
	342 10.2711
	343 10.414
	344 10.6248
	345 10.8994
	346 11.2333
	347 11.6214
	28 12.0583
LINE 20 29 190.181 17
	348 12.0683
	349 11.7492
	350 11.4655
	351 11.2199
	352 11.0148
	353 10.8526
	354 10.7353
	355 10.6643
	356 10.6405
	357 10.6643
	358 10.7353
	359 10.8526
	360 11.0148
	361 11.2199
	362 11.4655
	363 11.7492
	29 12.0683
LINE 21 30 127.548 12
	364 10.6631
	365 10.6445
	366 10.6296
	367 10.6184
	368 10.611
	369 10.6072
	370 10.6072
	371 10.611
	372 10.6184
	373 10.6296
	374 10.6445
	30 10.6631
LINE 22 30 203.815 18
	375 12.6472
	376 12.2037
	377 11.802
	378 11.4464
	379 11.1415
	380 10.8914
	381 10.6999
	382 10.5704
	383 10.505
	384 10.505
	385 10.5704
	386 10.6999
	387 10.8914
	388 11.1415
	389 11.4464
	390 11.802
	391 12.2037
	30 12.6472
LINE 24 25 132.896 13
	392 10.2646
	393 10.2437
	394 10.2266
	395 10.2132
	396 10.2037
	397 10.198
	398 10.1961
	399 10.198
	400 10.2037
	401 10.2132
	402 10.2266
	403 10.2437
	25 10.2646
LINE 25 26 197.819 18
	404 11.4331
	405 11.2796
	406 11.1435
	407 11.0255
	408 10.9262
	409 10.8461
	410 10.7857
	411 10.7452
	412 10.7249
	413 10.7249
	414 10.7452
	415 10.7857
	416 10.8461
	417 10.9262
	418 11.0255
	419 11.1435
	420 11.2796
	26 11.4331
LINE 25 33 253.843 24
	421 10.7525
	422 10.7071
	423 10.6656
	424 10.6281
	425 10.5946
	426 10.5653
	427 10.5401
	428 10.519
	429 10.5021
	430 10.4895
	431 10.481
	432 10.4768
	433 10.4768
	434 10.481
	435 10.4895
	436 10.5021
	437 10.519
	438 10.5401
	439 10.5653
	440 10.5946
	441 10.6281
	442 10.6656
	443 10.7071
	33 10.7525
LINE 26 35 75.5753 7
	444 11.3909
	445 10.8044
	446 10.4367
	447 10.3113
	448 10.4367
	449 10.8044
	35 11.3909
LINE 27 35 179.387 16
	450 12.5521
	451 12.043
	452 11.5888
	453 11.1962
	454 10.872
	455 10.6223
	456 10.4525
	457 10.3666
	458 10.3666
	459 10.4525
	460 10.6223
	461 10.872
	462 11.1962
	463 11.5888
	464 12.043
	35 12.5521
LINE 29 30 118.26 11
	465 10.8075
	466 10.7736
	467 10.7472
	468 10.7283
	469 10.7169
	470 10.7131
	471 10.7169
	472 10.7283
	473 10.7472
	474 10.7736
	30 10.8075
LINE 29 38 209.932 19
	475 11.8813
	476 11.6133
	477 11.3716
	478 11.1579
	479 10.9739
	480 10.8209
	481 10.7005
	482 10.6136
	483 10.5611
	484 10.5435
	485 10.5611
	486 10.6136
	487 10.7005
	488 10.8209
	489 10.9739
	490 11.1579
	491 11.3716
	492 11.6133
	38 11.8813
LINE 29 39 134.221 13
	493 10.4883
	494 10.407
	495 10.3401
	496 10.2877
	497 10.2501
	498 10.2275
	499 10.2199
	500 10.2275
	501 10.2501
	502 10.2877
	503 10.3401
	504 10.407
	39 10.4883
LINE 29 40 132.765 13
	505 10.2861
	506 10.2495
	507 10.2195
	508 10.196
	509 10.1793
	510 10.1692
	511 10.1659
	512 10.1692
	513 10.1793
	514 10.196
	515 10.2195
	516 10.2495
	40 10.2861
LINE 31 32 144.325 14
	517 10.3342
	518 10.3225
	519 10.3128
	520 10.305
	521 10.2992
	522 10.2953
	523 10.2933
	524 10.2933
	525 10.2953
	526 10.2992
	527 10.305
	528 10.3128
	529 10.3225
	32 10.3342
LINE 31 41 215.255 20
	530 10.8495
	531 10.8222
	532 10.7979
	533 10.7766
	534 10.7582
	535 10.743
	536 10.7307
	537 10.7215
	538 10.7154
	539 10.7123
	540 10.7123
	541 10.7154
	542 10.7215
	543 10.7307
	544 10.743
	545 10.7582
	546 10.7766
	547 10.7979
	548 10.8222
	41 10.8495
LINE 33 34 162.819 15
	549 10.9278
	550 10.8965
	551 10.87
	552 10.8482
	553 10.8312
	554 10.8191
	555 10.8118
	556 10.8094
	557 10.8118
	558 10.8191
	559 10.8312
	560 10.8482
	561 10.87
	562 10.8965
	34 10.9278
LINE 33 43 247.763 22
	563 12.7852
	564 12.3766
	565 11.9969
	566 11.6491
	567 11.336
	568 11.0605
	569 10.8257
	570 10.634
	571 10.488
	572 10.3895
	573 10.3399
	574 10.3399
	575 10.3895
	576 10.488
	577 10.634
	578 10.8257
	579 11.0605
	580 11.336
	581 11.6491
	582 11.9969
	583 12.3766
	43 12.7852
LINE 36 37 138.504 13
	584 10.7533
	585 10.7039
	586 10.6633
	587 10.6316
	588 10.609
	589 10.5953
	590 10.5908
	591 10.5953
	592 10.609
	593 10.6316
	594 10.6633
	595 10.7039
	37 10.7533
LINE 36 46 156.024 14
	596 12.0545
	597 11.6486
	598 11.2991
	599 11.0116
	600 10.7909
	601 10.6413
	602 10.5657
	603 10.5657
	604 10.6413
	605 10.7909
	606 11.0116
	607 11.2991
	608 11.6486
	46 12.0545
LINE 37 38 176.413 17
	609 10.4272
	610 10.4085
	611 10.3923
	612 10.3785
	613 10.3673
	614 10.3585
	615 10.3522
	616 10.3485
	617 10.3472
	618 10.3485
	619 10.3522
	620 10.3585
	621 10.3673
	622 10.3785
	623 10.3923
	624 10.4085
	38 10.4272
LINE 38 39 151.763 14
	625 10.958
	626 10.9039
	627 10.8586
	628 10.8222
	629 10.7948
	630 10.7765
	631 10.7674
	632 10.7674
	633 10.7765
	634 10.7948
	635 10.8222
	636 10.8586
	637 10.9039
	39 10.958
LINE 39 40 99.3456 9
	638 12.1913
	639 11.3554
	640 10.7185
	641 10.3175
	642 10.1803
	643 10.3175
	644 10.7185
	645 11.3554
	40 12.1913
LINE 41 42 75.9109 7
	646 11.1711
	647 10.8468
	648 10.6475
	649 10.5802
	650 10.6475
	651 10.8468
	42 11.1711
LINE 42 50 119.089 11
	652 11.7605
	653 11.2177
	654 10.7765
	655 10.45
	656 10.2492
	657 10.1813
	658 10.2492
	659 10.45
	660 10.7765
	661 11.2177
	50 11.7605
LINE 44 51 201.649 19
	662 11.013
	663 10.882
	664 10.7651
	665 10.6628
	666 10.5754
	667 10.5033
	668 10.447
	669 10.4065
	670 10.3822
	671 10.374
	672 10.3822
	673 10.4065
	674 10.447
	675 10.5033
	676 10.5754
	677 10.6628
	678 10.7651
	679 10.882
	51 11.013
LINE 45 52 113.189 11
	680 10.38
	681 10.3261
	682 10.284
	683 10.2538
	684 10.2357
	685 10.2296
	686 10.2357
	687 10.2538
	688 10.284
	689 10.3261
	52 10.38
LINE 47 48 160.849 14
	690 12.588
	691 12.1006
	692 11.6789
	693 11.3303
	694 11.0616
	695 10.8788
	696 10.7862
	697 10.7862
	698 10.8788
	699 11.0616
	700 11.3303
	701 11.6789
	702 12.1006
	48 12.588
LINE 47 54 100.627 10
	703 10.1427
	704 10.0895
	705 10.0494
	706 10.0226
	707 10.0091
	708 10.0091
	709 10.0226
	710 10.0494
	711 10.0895
	54 10.1427
LINE 48 49 242.155 23
	712 10.6938
	713 10.6491
	714 10.6084
	715 10.5719
	716 10.5396
	717 10.5115
	718 10.4877
	719 10.4682
	720 10.4529
	721 10.4421
	722 10.4355
	723 10.4334
	724 10.4355
	725 10.4421
	726 10.4529
	727 10.4682
	728 10.4877
	729 10.5115
	730 10.5396
	731 10.5719
	732 10.6084
	733 10.6491
	49 10.6938
LINE 48 56 215.27 20
	734 11.2373
	735 11.0907
	736 10.9588
	737 10.8421
	738 10.741
	739 10.656
	740 10.5876
	741 10.5359
	742 10.5014
	743 10.484
	744 10.484
	745 10.5014
	746 10.5359
	747 10.5876
	748 10.656
	749 10.741
	750 10.8421
	751 10.9588
	752 11.0907
	56 11.2373
LINE 51 58 217.432 20
	753 11.3295
	754 11.1878
	755 11.0602
	756 10.9474
	757 10.8498
	758 10.7677
	759 10.7017
	760 10.6518
	761 10.6185
	762 10.6018
	763 10.6018
	764 10.6185
	765 10.6518
	766 10.7017
	767 10.7677
	768 10.8498
	769 10.9474
	770 11.0602
	771 11.1878
	58 11.3295
LINE 52 60 166.995 15
	772 11.8706
	773 11.5633
	774 11.2968
	775 11.074
	776 10.8975
	777 10.7697
	778 10.6923
	779 10.6664
	780 10.6923
	781 10.7697
	782 10.8975
	783 11.074
	784 11.2968
	785 11.5633
	60 11.8706
LINE 53 54 113.873 11
	786 10.5729
	787 10.4415
	788 10.3381
	789 10.2636
	790 10.2187
	791 10.2036
	792 10.2187
	793 10.2636
	794 10.3381
	795 10.4415
	54 10.5729
LINE 55 56 78.2894 7
	796 11.3099
	797 11.1845
	798 11.1087
	799 11.0833
	800 11.1087
	801 11.1845
	56 11.3099
LINE 57 65 147.23 13
	802 12.3188
	803 11.8394
	804 11.4321
	805 11.1051
	806 10.8655
	807 10.7191
	808 10.6699
	809 10.7191
	810 10.8655
	811 11.1051
	812 11.4321
	813 11.8394
	65 12.3188
LINE 58 59 157.877 14
	814 12.0336
	815 11.694
	816 11.4033
	817 11.1653
	818 10.9834
	819 10.8604
	820 10.7984
	821 10.7984
	822 10.8604
	823 10.9834
	824 11.1653
	825 11.4033
	826 11.694
	59 12.0336
LINE 61 62 91.3245 9
	827 10.2873
	828 10.1827
	829 10.1073
	830 10.0617
	831 10.0465
	832 10.0617
	833 10.1073
	834 10.1827
	62 10.2873
LINE 61 69 198.755 19
	835 10.7184
	836 10.6335
	837 10.5581
	838 10.4922
	839 10.4362
	840 10.3901
	841 10.3541
	842 10.3283
	843 10.3128
	844 10.3077
	845 10.3128
	846 10.3283
	847 10.3541
	848 10.3901
	849 10.4362
	850 10.4922
	851 10.5581
	852 10.6335
	69 10.7184
LINE 62 71 299.661 26
	853 13.0847
	854 12.734
	855 12.4039
	856 12.0959
	857 11.8119
	858 11.5535
	859 11.3226
	860 11.1209
	861 10.95
	862 10.8113
	863 10.7061
	864 10.6354
	865 10.5999
	866 10.5999
	867 10.6354
	868 10.7061
	869 10.8113
	870 10.95
	871 11.1209
	872 11.3226
	873 11.5535
	874 11.8119
	875 12.0959
	876 12.4039
	877 12.734
	71 13.0847
LINE 63 71 169.792 15
	878 13.0353
	879 12.3454
	880 11.73
	881 11.2013
	882 10.7722
	883 10.455
	884 10.2599
	885 10.194
	886 10.2599
	887 10.455
	888 10.7722
	889 11.2013
	890 11.73
	891 12.3454
	71 13.0353
LINE 64 65 196.367 18
	892 11.1956
	893 11.0958
	894 11.0077
	895 10.9316
	896 10.8678
	897 10.8164
	898 10.7778
	899 10.7519
	900 10.739
	901 10.739
	902 10.7519
	903 10.7778
	904 10.8164
	905 10.8678
	906 10.9316
	907 11.0077
	908 11.0958
	65 11.1956
LINE 66 73 253.944 23
	909 12.004
	910 11.7521
	911 11.5195
	912 11.3072
	913 11.1166
	914 10.9488
	915 10.8047
	916 10.6853
	917 10.5916
	918 10.5241
	919 10.4834
	920 10.4698
	921 10.4834
	922 10.5241
	923 10.5916
	924 10.6853
	925 10.8047
	926 10.9488
	927 11.1166
	928 11.3072
	929 11.5195
	930 11.7521
	73 12.004
LINE 67 68 178.143 16
	931 12.363
	932 11.8944
	933 11.4774
	934 11.1181
	935 10.822
	936 10.5945
	937 10.44
	938 10.362
	939 10.362
	940 10.44
	941 10.5945
	942 10.822
	943 11.1181
	944 11.4774
	945 11.8944
	68 12.363
LINE 70 71 179.116 17
	946 10.908
	947 10.7708
	948 10.6504
	949 10.5475
	950 10.4626
	951 10.396
	952 10.3482
	953 10.3194
	954 10.3098
	955 10.3194
	956 10.3482
	957 10.396
	958 10.4626
	959 10.5475
	960 10.6504
	961 10.7708
	71 10.908
LINE 70 77 255.582 24
	962 10.9726
	963 10.8895
	964 10.8134
	965 10.7445
	966 10.6828
	967 10.6285
	968 10.5818
	969 10.5427
	970 10.5114
	971 10.4878
	972 10.472
	973 10.4641
	974 10.4641
	975 10.472
	976 10.4878
	977 10.5114
	978 10.5427
	979 10.5818
	980 10.6285
	981 10.6828
	982 10.7445
	983 10.8134
	984 10.8895
	77 10.9726
LINE 72 78 232.386 22
	985 10.7489
	986 10.6962
	987 10.6486
	988 10.6061
	989 10.5688
	990 10.5367
	991 10.5099
	992 10.4884
	993 10.4722
	994 10.4614
	995 10.456
	996 10.456
	997 10.4614
	998 10.4722
	999 10.4884
	1000 10.5099
	1001 10.5367
	1002 10.5688
	1003 10.6061
	1004 10.6486
	1005 10.6962
	78 10.7489
LINE 73 79 144.852 13
	1006 12.17
	1007 11.675
	1008 11.2538
	1009 10.915
	1010 10.6663
	1011 10.5144
	1012 10.4632
	1013 10.5144
	1014 10.6663
	1015 10.915
	1016 11.2538
	1017 11.675
	79 12.17
LINE 74 79 285.097 25
	1018 12.8343
	1019 12.4976
	1020 12.182
	1021 11.8892
	1022 11.621
	1023 11.3791
	1024 11.1653
	1025 10.981
	1026 10.828
	1027 10.7074
	1028 10.6205
	1029 10.5679
	1030 10.5504
	1031 10.5679
	1032 10.6205
	1033 10.7074
	1034 10.828
	1035 10.981
	1036 11.1653
	1037 11.3791
	1038 11.621
	1039 11.8892
	1040 12.182
	1041 12.4976
	79 12.8343
LINE 74 80 228.267 22
	1042 10.3893
	1043 10.3855
	1044 10.382
	1045 10.3789
	1046 10.3762
	1047 10.3738
	1048 10.3719
	1049 10.3704
	1050 10.3692
	1051 10.3684
	1052 10.368
	1053 10.368
	1054 10.3684
	1055 10.3692
	1056 10.3704
	1057 10.3719
	1058 10.3738
	1059 10.3762
	1060 10.3789
	1061 10.382
	1062 10.3855
	80 10.3893
LINE 75 76 180.656 17
	1063 11.1194
	1064 10.9385
	1065 10.7793
	1066 10.6426
	1067 10.5296
	1068 10.4407
	1069 10.3768
	1070 10.3383
	1071 10.3254
	1072 10.3383
	1073 10.3768
	1074 10.4407
	1075 10.5296
	1076 10.6426
	1077 10.7793
	1078 10.9385
	76 11.1194
COORDENADAS :
1	93.095	927.135
2	183.507	885.108
3	405.396	891.739
4	499.459	945.123
5	590.249	937.009
6	690.628	911.303
7	910.82	923.392
8	80.8412	851.596
9	200.004	797.056
10	382.042	793.909
11	507.874	851.316
12	598.684	786.644
13	678.934	788.609
14	800.589	793.909
15	915.139	845.198
16	197.626	735.21
17	315.622	685.723
18	364.697	734.249
19	499.045	699.925
20	660.461	696.52
21	799.532	708.564
22	878.203	710.425
23	1002.11	740.863
24	112.326	621.553
25	198.622	640.568
26	318.887	594.832
27	399.957	612.865
28	473.603	594.253
29	715.708	589.327
30	785.791	624.83
31	877.004	623.059
32	971.634	606.49
33	63.5885	541.258
34	165.274	504.593
35	311.012	547.362
36	411.119	536.761
37	498.91	509.974
38	615.81	500.69
39	716.295	500.756
40	773.313	522.664
41	924.783	488.462
42	961.544	521.423
43	85.7205	391.322
44	173.96	447.103
45	272.138	394.954
46	364.601	449.91
47	461.452	387.992
48	559.955	408.244
49	719.874	412.598
50	986.139	450.927
51	214.447	322.091
52	314.791	333.243
53	383.683	302.837
54	456.148	321.487
55	622.681	312.604
56	672.721	325.685
57	773.704	332.576
58	122.014	215.181
59	218.16	185.198
60	321.713	226.804
61	410.875	225.063
62	465.815	200.258
63	582.655	184.995
64	685.099	190.453
65	802.04	244.552
66	860.384	241.47
67	102.189	133.1
68	212.033	121.805
69	403.838	94.6892
70	504.11	135.648
71	610.286	86.8703
72	716.652	129.812
73	805.304	90.6772
74	894.484	151.049
75	159.959	3.9436
76	266.007	53.4202
77	399.243	5.15275
78	620.418	10.423
79	804.462	0
80	866.759	1.53386
81	379.467	69.6544
82	800.623	189.256
83	51.6678	330.252
84	312.754	504.36
85	0	459.559
86	498.703	625.641
87	101.348	927.994
88	109.324	928.259
89	117.025	927.93
90	124.449	927.007
91	131.598	925.49
92	138.47	923.379
93	145.066	920.674
94	151.386	917.375
95	157.43	913.482
96	163.197	908.995
97	168.689	903.915
98	173.905	898.24
99	178.844	891.971
100	409.291	899.483
101	413.526	906.63
102	418.1	913.179
103	423.014	919.129
104	428.267	924.482
105	433.859	929.237
106	439.79	933.394
107	446.061	936.953
108	452.671	939.914
109	459.621	942.277
110	466.91	944.042
111	474.538	945.209
112	482.506	945.778
113	490.813	945.749
114	495.622	937.505
115	492.532	929.953
116	490.189	922.469
117	488.594	915.052
118	487.747	907.702
119	487.647	900.419
120	488.294	893.203
121	489.689	886.055
122	491.831	878.973
123	494.72	871.958
124	498.357	865.01
125	502.742	858.13
126	587.023	929.972
127	584.14	922.954
128	581.601	915.955
129	579.406	908.976
130	577.555	902.016
131	576.047	895.075
132	574.883	888.153
133	574.064	881.251
134	573.587	874.368
135	573.455	867.504
136	573.667	860.66
137	574.222	853.835
138	575.121	847.029
139	576.364	840.242
140	577.95	833.475
141	579.881	826.727
142	582.155	819.998
143	584.773	813.289
144	587.735	806.599
145	591.041	799.928
146	594.69	793.276
147	686.658	904.803
148	683.079	898.266
149	679.891	891.692
150	677.093	885.08
151	674.686	878.431
152	672.67	871.745
153	671.044	865.022
154	669.808	858.261
155	668.963	851.464
156	668.509	844.629
157	668.445	837.757
158	668.772	830.847
159	669.489	823.901
160	670.597	816.917
161	672.095	809.896
162	673.984	802.838
163	676.264	795.742
164	907.933	916.103
165	905.701	908.849
166	904.126	901.632
167	903.207	894.451
168	902.944	887.306
169	903.336	880.197
170	904.385	873.125
171	906.09	866.089
172	908.45	859.089
173	911.467	852.125
174	84.9511	844.002
175	89.3012	836.933
176	93.8916	830.389
177	98.7221	824.369
178	103.793	818.875
179	109.104	813.905
180	114.655	809.46
181	120.446	805.54
182	126.478	802.145
183	132.749	799.274
184	139.261	796.929
185	146.013	795.108
186	153.006	793.812
187	160.238	793.04
188	167.711	792.794
189	175.424	793.072
190	183.377	793.875
191	191.57	795.203
192	203.67	790.033
193	206.353	783.048
194	208.054	776.101
195	208.772	769.191
196	208.508	762.32
197	207.261	755.486
198	205.032	748.69
199	201.82	741.931
200	203.623	790.754
201	207.371	784.585
202	211.246	778.549
203	215.25	772.645
204	219.381	766.875
205	223.64	761.237
206	228.028	755.732
207	232.543	750.36
208	237.186	745.121
209	241.957	740.014
210	246.856	735.041
211	251.883	730.2
212	257.037	725.493
213	262.32	720.918
214	267.731	716.476
215	273.27	712.167
216	278.936	707.991
217	284.731	703.947
218	290.653	700.037
219	296.703	696.259
220	302.882	692.614
221	309.188	689.102
222	390.717	791.556
223	399.141	789.752
224	407.314	788.498
225	415.236	787.794
226	422.908	787.64
227	430.328	788.036
228	437.498	788.981
229	444.417	790.477
230	451.084	792.522
231	457.502	795.118
232	463.668	798.263
233	469.583	801.958
234	475.247	806.203
235	480.661	810.998
236	485.824	816.343
237	490.735	822.238
238	495.396	828.683
239	499.806	835.677
240	503.966	843.222
241	511.588	844.52
242	515.564	838.092
243	519.802	832.03
244	524.301	826.336
245	529.061	821.009
246	534.083	816.049
247	539.367	811.457
248	544.912	807.231
249	550.718	803.373
250	556.786	799.881
251	563.115	796.757
252	569.706	794
253	576.558	791.61
254	583.672	789.588
255	591.047	787.932
256	681.292	780.767
257	683.02	773.052
258	684.118	765.463
259	684.587	758
260	684.426	750.663
261	683.634	743.453
262	682.213	736.37
263	680.163	729.412
264	677.482	722.581
265	674.171	715.876
266	670.231	709.298
267	665.661	702.846
268	796.444	786.848
269	793.036	779.777
270	790.366	772.697
271	788.433	765.607
272	787.239	758.509
273	786.782	751.401
274	787.062	744.285
275	788.081	737.159
276	789.837	730.024
277	792.331	722.88
278	795.562	715.727
279	916.827	837.297
280	918.836	829.665
281	921.166	822.3
282	923.817	815.202
283	926.789	808.373
284	930.083	801.811
285	933.697	795.516
286	937.632	789.49
287	941.889	783.731
288	946.467	778.24
289	951.365	773.016
290	956.585	768.06
291	962.126	763.372
292	967.988	758.951
293	974.171	754.798
294	980.675	750.913
295	987.501	747.295
296	994.647	743.945
297	371.814	734.097
298	378.889	733.781
299	385.922	733.3
300	392.913	732.654
301	399.862	731.844
302	406.769	730.869
303	413.633	729.729
304	420.456	728.424
305	427.236	726.955
306	433.975	725.321
307	440.671	723.523
308	447.325	721.56
309	453.937	719.432
310	460.508	717.139
311	467.036	714.682
312	473.522	712.06
313	479.965	709.273
314	486.367	706.322
315	492.727	703.206
316	370.892	728.736
317	376.589	723.078
318	381.787	717.275
319	386.486	711.328
320	390.688	705.236
321	394.391	698.999
322	397.596	692.617
323	400.302	686.091
324	402.51	679.42
325	404.22	672.604
326	405.431	665.643
327	406.144	658.538
328	406.359	651.287
329	406.075	643.892
330	405.293	636.353
331	404.013	628.668
332	402.234	620.839
333	493.276	694.327
334	488.064	688.594
335	483.409	682.728
336	479.312	676.727
337	475.771	670.592
338	472.788	664.323
339	470.363	657.919
340	468.494	651.382
341	467.182	644.71
342	466.428	637.905
343	466.231	630.965
344	466.591	623.891
345	467.508	616.683
346	468.983	609.34
347	471.015	601.864
348	660.336	688.475
349	660.634	680.648
350	661.353	673.038
351	662.494	665.646
352	664.056	658.471
353	666.041	651.513
354	668.447	644.773
355	671.275	638.25
356	674.525	631.945
357	678.196	625.857
358	682.29	619.986
359	686.805	614.333
360	691.742	608.897
361	697.101	603.678
362	702.881	598.677
363	709.084	593.893
364	797.666	701.705
365	795.932	694.824
366	794.329	687.921
367	792.856	680.997
368	791.515	674.051
369	790.304	667.084
370	789.225	660.095
371	788.276	653.085
372	787.458	646.054
373	786.772	639.001
374	786.216	631.926
375	869.873	709.12
376	861.919	707.409
377	854.341	705.293
378	847.139	702.77
379	840.313	699.841
380	833.863	696.507
381	827.79	692.766
382	822.092	688.62
383	816.77	684.068
384	811.824	679.11
385	807.254	673.745
386	803.06	667.975
387	799.241	661.799
388	795.799	655.217
389	792.733	648.229
390	790.043	640.836
391	787.729	633.036
392	118.794	623.787
393	125.291	625.892
394	131.816	627.869
395	138.369	629.717
396	144.95	631.437
397	151.56	633.028
398	158.198	634.491
399	164.865	635.825
400	171.559	637.031
401	178.282	638.108
402	185.034	639.057
403	191.814	639.877
404	204.363	635.555
405	210.214	630.832
406	216.177	626.4
407	222.249	622.259
408	228.433	618.409
409	234.727	614.85
410	241.132	611.582
411	247.647	608.604
412	254.273	605.918
413	261.01	603.523
414	267.857	601.418
415	274.815	599.605
416	281.884	598.082
417	289.063	596.85
418	296.353	595.909
419	303.754	595.259
420	311.265	594.9
421	193.952	635.13
422	189.199	629.804
423	184.363	624.592
424	179.443	619.493
425	174.441	614.506
426	169.355	609.633
427	164.186	604.873
428	158.934	600.227
429	153.599	595.693
430	148.18	591.272
431	142.679	586.964
432	137.094	582.77
433	131.426	578.689
434	125.675	574.72
435	119.841	570.865
436	113.923	567.123
437	107.922	563.494
438	101.838	559.978
439	95.6714	556.576
440	89.4212	553.286
441	83.0878	550.109
442	76.6712	547.046
443	70.1715	544.096
444	314.578	588.579
445	311.331	582.149
446	309.145	575.544
447	308.02	568.762
448	307.956	561.805
449	308.954	554.671
450	397.202	604.963
451	394.073	597.569
452	390.57	590.683
453	386.694	584.304
454	382.443	578.434
455	377.819	573.07
456	372.821	568.215
457	367.449	563.867
458	361.703	560.027
459	355.583	556.695
460	349.089	553.87
461	342.222	551.553
462	334.98	549.744
463	327.365	548.442
464	319.375	547.648
465	721.65	593.402
466	727.677	597.308
467	733.791	601.044
468	739.99	604.611
469	746.276	608.008
470	752.647	611.235
471	759.104	614.293
472	765.647	617.182
473	772.276	619.901
474	778.99	622.45
475	712.873	581.931
476	709.77	574.838
477	706.397	568.048
478	702.755	561.562
479	698.843	555.38
480	694.663	549.501
481	690.213	543.925
482	685.494	538.653
483	680.505	533.685
484	675.247	529.019
485	669.72	524.658
486	663.924	520.6
487	657.858	516.845
488	651.524	513.394
489	644.919	510.246
490	638.046	507.402
491	630.903	504.861
492	623.491	502.624
493	717.324	582.524
494	718.679	575.72
495	719.772	568.914
496	720.603	562.106
497	721.172	555.296
498	721.479	548.485
499	721.524	541.672
500	721.308	534.857
501	720.829	528.04
502	720.088	521.222
503	719.086	514.402
504	717.821	507.58
505	720.93	584.883
506	726.02	580.324
507	730.979	575.652
508	735.805	570.866
509	740.5	565.966
510	745.063	560.952
511	749.494	555.824
512	753.794	550.582
513	757.961	545.226
514	761.997	539.756
515	765.901	534.173
516	769.673	528.475
517	883.658	621.271
518	890.328	619.576
519	897.013	617.974
520	903.716	616.465
521	910.434	615.049
522	917.169	613.726
523	923.92	612.496
524	930.688	611.359
525	937.471	610.315
526	944.271	609.364
527	951.087	608.506
528	957.92	607.741
529	964.769	607.069
530	878.311	615.945
531	879.732	608.872
532	881.267	601.839
533	882.915	594.846
534	884.678	587.894
535	886.554	580.982
536	888.544	574.111
537	890.649	567.28
538	892.867	560.489
539	895.199	553.739
540	897.645	547.029
541	900.204	540.36
542	902.878	533.731
543	905.666	527.143
544	908.567	520.595
545	911.582	514.088
546	914.712	507.62
547	917.955	501.194
548	921.312	494.808
549	70.7303	539.82
550	77.8203	538.238
551	84.8584	536.512
552	91.8448	534.643
553	98.7793	532.63
554	105.662	530.473
555	112.493	528.172
556	119.272	525.728
557	125.999	523.14
558	132.674	520.408
559	139.298	517.532
560	145.87	514.513
561	152.39	511.35
562	158.858	508.043
563	69.5596	535.176
564	75.0579	529.024
565	80.0833	522.802
566	84.6358	516.51
567	88.7154	510.148
568	92.3222	503.717
569	95.4561	497.216
570	98.1171	490.645
571	100.305	484.004
572	102.021	477.294
573	103.263	470.513
574	104.033	463.663
575	104.329	456.743
576	104.153	449.753
577	103.504	442.694
578	102.382	435.564
579	100.787	428.365
580	98.7198	421.096
581	96.1793	413.757
582	93.1659	406.349
583	89.6797	398.871
584	417.51	533.513
585	423.961	530.463
586	430.473	527.611
587	437.045	524.956
588	443.677	522.5
589	450.37	520.242
590	457.123	518.181
591	463.936	516.318
592	470.81	514.654
593	477.745	513.187
594	484.739	511.918
595	491.795	510.847
596	411.217	528.726
597	410.789	520.972
598	409.834	513.5
599	408.353	506.309
600	406.346	499.401
601	403.813	492.775
602	400.753	486.43
603	397.167	480.367
604	393.055	474.587
605	388.417	469.088
606	383.252	463.87
607	377.562	458.935
608	371.344	454.282
609	505.855	510.285
610	512.791	510.489
611	519.718	510.585
612	526.637	510.574
613	533.548	510.457
614	540.45	510.232
615	547.343	509.9
616	554.228	509.461
617	561.105	508.915
618	567.973	508.262
619	574.832	507.501
620	581.683	506.634
621	588.525	505.659
622	595.359	504.578
623	602.185	503.389
624	609.002	502.093
625	622.987	502.056
626	630.164	503.212
627	637.34	504.159
628	644.517	504.896
629	651.695	505.424
630	658.872	505.743
631	666.049	505.852
632	673.227	505.752
633	680.405	505.443
634	687.582	504.924
635	694.76	504.196
636	701.939	503.259
637	709.117	502.112
638	724.234	499.016
639	731.772	498.32
640	738.91	498.667
641	745.646	500.058
642	751.981	502.492
643	757.916	505.97
644	763.449	510.491
645	768.581	516.056
646	931.63	491.391
647	937.945	494.914
648	943.729	499.029
649	948.98	503.738
650	953.7	509.04
651	957.888	514.935
652	967.485	516.307
653	972.685	510.932
654	977.145	505.299
655	980.863	499.408
656	983.84	493.258
657	986.076	486.849
658	987.57	480.182
659	988.324	473.256
660	988.337	466.071
661	987.609	458.629
662	178.436	441.283
663	182.651	435.378
664	186.605	429.389
665	190.299	423.316
666	193.733	417.158
667	196.906	410.916
668	199.818	404.59
669	202.47	398.179
670	204.862	391.684
671	206.992	385.104
672	208.863	378.44
673	210.473	371.692
674	211.822	364.859
675	212.911	357.942
676	213.739	350.941
677	214.307	343.855
678	214.614	336.685
679	214.661	329.43
680	275.05	388.677
681	278.155	382.533
682	281.454	376.522
683	284.945	370.645
684	288.63	364.902
685	292.507	359.292
686	296.578	353.815
687	300.842	348.472
688	305.298	343.262
689	309.948	338.186
690	467.614	393.689
691	473.911	398.732
692	480.342	403.121
693	486.907	406.856
694	493.607	409.938
695	500.441	412.365
696	507.41	414.139
697	514.513	415.258
698	521.75	415.724
699	529.122	415.536
700	536.629	414.694
701	544.27	413.198
702	552.045	411.048
703	462.019	381.254
704	462.342	374.535
705	462.421	367.836
706	462.257	361.156
707	461.848	354.496
708	461.196	347.855
709	460.3	341.234
710	459.159	334.632
711	457.776	328.05
712	566.95	406.87
713	573.942	405.638
714	580.93	404.548
715	587.914	403.601
716	594.894	402.795
717	601.87	402.132
718	608.842	401.61
719	615.811	401.231
720	622.775	400.994
721	629.736	400.899
722	636.693	400.946
723	643.646	401.136
724	650.595	401.467
725	657.54	401.941
726	664.482	402.556
727	671.419	403.314
728	678.353	404.214
729	685.283	405.256
730	692.209	406.44
731	699.131	407.766
732	706.049	409.235
733	712.963	410.845
734	567.188	406.295
735	574.254	404.116
736	581.152	401.709
737	587.881	399.072
738	594.443	396.205
739	600.837	393.109
740	607.063	389.784
741	613.121	386.229
742	619.012	382.446
743	624.734	378.432
744	630.288	374.19
745	635.675	369.718
746	640.893	365.016
747	645.944	360.086
748	650.827	354.925
749	655.541	349.536
750	660.088	343.917
751	664.467	338.069
752	668.678	331.992
753	207.808	318.49
754	201.381	314.705
755	195.167	310.737
756	189.165	306.585
757	183.375	302.249
758	177.797	297.73
759	172.432	293.027
760	167.28	288.141
761	162.34	283.071
762	157.612	277.817
763	153.096	272.38
764	148.793	266.759
765	144.702	260.954
766	140.824	254.966
767	137.158	248.794
768	133.705	242.439
769	130.463	235.899
770	127.435	229.177
771	124.618	222.27
772	311.787	325.922
773	309.278	318.633
774	307.264	311.376
775	305.745	304.151
776	304.721	296.958
777	304.192	289.798
778	304.158	282.67
779	304.62	275.574
780	305.576	268.51
781	307.028	261.479
782	308.975	254.479
783	311.417	247.512
784	314.354	240.577
785	317.786	233.675
786	389.81	306.321
787	396.03	309.447
788	402.341	312.215
789	408.745	314.626
790	415.241	316.679
791	421.828	318.374
792	428.508	319.712
793	435.28	320.692
794	442.144	321.315
795	449.1	321.58
796	630.209	313.02
797	637.611	313.92
798	644.886	315.304
799	652.035	317.173
800	659.057	319.526
801	665.952	322.363
802	771.976	324.548
803	770.9	316.728
804	770.475	309.119
805	770.701	301.719
806	771.578	294.529
807	773.107	287.548
808	775.287	280.777
809	778.118	274.215
810	781.6	267.863
811	785.733	261.721
812	790.517	255.789
813	795.953	250.066
814	127.825	209.649
815	133.798	204.639
816	139.933	200.151
817	146.232	196.184
818	152.693	192.738
819	159.316	189.815
820	166.103	187.412
821	173.052	185.531
822	180.163	184.172
823	187.437	183.334
824	194.874	183.018
825	202.473	183.223
826	210.236	183.949
827	417.587	223.651
828	424.146	221.904
829	430.554	219.82
830	436.81	217.4
831	442.915	214.644
832	448.867	211.552
833	454.668	208.124
834	460.317	204.359
835	408.549	218.307
836	406.439	211.539
837	404.547	204.759
838	402.873	197.968
839	401.415	191.165
840	400.175	184.35
841	399.153	177.523
842	398.348	170.685
843	397.76	163.835
844	397.39	156.973
845	397.237	150.1
846	397.301	143.214
847	397.583	136.317
848	398.082	129.409
849	398.799	122.488
850	399.732	115.556
851	400.884	108.612
852	402.252	101.657
853	468.211	191.871
854	470.86	183.806
855	473.762	176.062
856	476.917	168.641
857	480.325	161.542
858	483.985	154.765
859	487.899	148.31
860	492.065	142.178
861	496.484	136.367
862	501.155	130.878
863	506.08	125.712
864	511.257	120.868
865	516.688	116.346
866	522.371	112.146
867	528.306	108.268
868	534.495	104.712
869	540.936	101.478
870	547.631	98.5667
871	554.578	95.9773
872	561.778	93.7099
873	569.23	91.7647
874	576.936	90.1416
875	584.894	88.8406
876	593.105	87.8617
877	601.569	87.205
878	579.284	176.985
879	576.657	169.185
880	574.776	161.595
881	573.639	154.214
882	573.246	147.044
883	573.599	140.083
884	574.696	133.331
885	576.538	126.79
886	579.125	120.458
887	582.457	114.336
888	586.533	108.423
889	591.354	102.72
890	596.92	97.2273
891	603.23	91.9439
892	692.483	191.54
893	699.763	192.853
894	706.938	194.392
895	714.009	196.156
896	720.976	198.146
897	727.838	200.362
898	734.595	202.803
899	741.249	205.47
900	747.798	208.363
901	754.242	211.481
902	760.582	214.825
903	766.818	218.395
904	772.949	222.19
905	778.976	226.211
906	784.899	230.458
907	790.717	234.931
908	796.43	239.629
909	861.666	233.57
910	862.614	225.793
911	863.228	218.138
912	863.507	210.605
913	863.452	203.194
914	863.063	195.906
915	862.34	188.739
916	861.282	181.694
917	859.89	174.772
918	858.164	167.971
919	856.103	161.293
920	853.708	154.737
921	850.979	148.303
922	847.916	141.991
923	844.518	135.801
924	840.786	129.733
925	836.72	123.787
926	832.32	117.964
927	827.585	112.262
928	822.516	106.683
929	817.113	101.226
930	811.376	95.8903
931	108.594	127.912
932	115.059	123.322
933	121.587	119.329
934	128.176	115.934
935	134.826	113.136
936	141.537	110.936
937	148.31	109.334
938	155.145	108.329
939	162.041	107.922
940	168.998	108.113
941	176.017	108.901
942	183.098	110.286
943	190.239	112.27
944	197.443	114.851
945	204.707	118.029
946	511.347	134.937
947	518.46	133.956
948	525.449	132.706
949	532.315	131.185
950	539.056	129.395
951	545.674	127.335
952	552.167	125.006
953	558.537	122.406
954	564.782	119.537
955	570.904	116.398
956	576.902	112.989
957	582.776	109.31
958	588.526	105.362
959	594.152	101.144
960	599.654	96.6556
961	605.032	91.8979
962	498.023	131.591
963	492.085	127.414
964	486.297	123.117
965	480.659	118.699
966	475.169	114.162
967	469.829	109.505
968	464.638	104.728
969	459.597	99.8303
970	454.705	94.813
971	449.962	89.6757
972	445.368	84.4184
973	440.924	79.0411
974	436.63	73.5438
975	432.484	67.9264
976	428.488	62.1891
977	424.641	56.3318
978	420.944	50.3544
979	417.396	44.2571
980	413.997	38.0397
981	410.748	31.7023
982	407.647	25.2449
983	404.697	18.6675
984	401.895	11.9701
985	710.983	125.429
986	705.437	120.947
987	700.014	116.365
988	694.715	111.684
989	689.539	106.903
990	684.487	102.023
991	679.558	97.0434
992	674.752	91.9645
993	670.069	86.7863
994	665.51	81.5086
995	661.074	76.1315
996	656.761	70.6551
997	652.572	65.0792
998	648.506	59.4039
999	644.564	53.6292
1000	640.744	47.7551
1001	637.048	41.7816
1002	633.476	35.7087
1003	630.026	29.5364
1004	626.7	23.2646
1005	623.498	16.8935
1006	809.383	83.6636
1007	812.771	76.6564
1008	815.468	69.6555
1009	817.475	62.6611
1010	818.791	55.6732
1011	819.417	48.6916
1012	819.352	41.7164
1013	818.597	34.7476
1014	817.151	27.7853
1015	815.015	20.8294
1016	812.188	13.8798
1017	808.67	6.93671
1018	895.068	142.513
1019	895.304	134.184
1020	895.19	126.064
1021	894.728	118.151
1022	893.918	110.446
1023	892.758	102.949
1024	891.25	95.6603
1025	889.393	88.579
1026	887.187	81.7056
1027	884.633	75.0401
1028	881.729	68.5824
1029	878.477	62.3326
1030	874.876	56.2907
1031	870.927	50.4566
1032	866.628	44.8303
1033	861.981	39.4119
1034	856.985	34.2014
1035	851.641	29.1987
1036	845.947	24.4039
1037	839.905	19.8169
1038	833.514	15.4378
1039	826.774	11.2666
1040	819.686	7.30321
1041	812.248	3.54768
1042	893.66	144.172
1043	892.794	137.303
1044	891.887	130.441
1045	890.938	123.587
1046	889.948	116.741
1047	888.916	109.902
1048	887.843	103.072
1049	886.728	96.2484
1050	885.572	89.433
1051	884.374	82.6253
1052	883.134	75.8254
1053	881.853	69.0331
1054	880.531	62.2485
1055	879.167	55.4716
1056	877.761	48.7024
1057	876.314	41.9409
1058	874.825	35.1872
1059	873.295	28.4411
1060	871.723	21.7027
1061	870.11	14.9721
1062	868.455	8.24912
1063	165.034	9.34693
1064	170.254	14.4386
1065	175.62	19.2187
1066	181.131	23.6872
1067	186.788	27.8441
1068	192.59	31.6893
1069	198.537	35.2229
1070	204.63	38.445
1071	210.868	41.3553
1072	217.252	43.9541
1073	223.78	46.2413
1074	230.455	48.2168
1075	237.274	49.8807
1076	244.239	51.233
1077	251.35	52.2737
1078	258.606	53.0028
