NOMBRE : MTLARP4_4_3_1.dat
VERTICES ORIGINALES : 13
VERTICES TOTALES : 148
DEPOTS : 3
11
12
13
LINEAS ORIGINALES : 9
LINE 1 5 218.19 21
	14 11.4823
	15 11.1703
	16 10.8836
	17 10.6241
	18 10.394
	19 10.1953
	20 10.0297
	21 9.89905
	22 9.80465
	23 9.74758
	24 9.72848
	25 9.74758
	26 9.80465
	27 9.89905
	28 10.0297
	29 10.1953
	30 10.394
	31 10.6241
	32 10.8836
	33 11.1703
	5 11.4823
LINE 2 3 145.303 14
	34 11.569
	35 11.0451
	36 10.5888
	37 10.209
	38 9.91468
	39 9.71349
	40 9.61132
	41 9.61132
	42 9.71349
	43 9.91468
	44 10.209
	45 10.5888
	46 11.0451
	3 11.569
LINE 2 6 175.054 16
	47 12.4336
	48 11.8706
	49 11.3659
	50 10.9274
	51 10.5636
	52 10.2823
	53 10.0904
	54 9.99302
	55 9.99302
	56 10.0904
	57 10.2823
	58 10.5636
	59 10.9274
	60 11.3659
	61 11.8706
	6 12.4336
LINE 3 6 149.634 15
	62 10.3335
	63 10.1825
	64 10.0529
	65 9.94566
	66 9.86144
	67 9.80084
	68 9.7643
	69 9.75209
	70 9.7643
	71 9.80084
	72 9.86144
	73 9.94566
	74 10.0529
	75 10.1825
	6 10.3335
LINE 4 7 90.9071 9
	76 10.3128
	77 10.1549
	78 10.0405
	79 9.97129
	80 9.9481
	81 9.97129
	82 10.0405
	83 10.1549
	7 10.3128
LINE 5 6 160.102 16
	84 10.3991
	85 10.2447
	86 10.1105
	87 9.99729
	88 9.9058
	89 9.83662
	90 9.79023
	91 9.76695
	92 9.76695
	93 9.79023
	94 9.83662
	95 9.9058
	96 9.99729
	97 10.1105
	98 10.2447
	6 10.3991
LINE 5 7 156.928 15
	99 11.0355
	100 10.7954
	101 10.5879
	102 10.4152
	103 10.2788
	104 10.1802
	105 10.1206
	106 10.1007
	107 10.1206
	108 10.1802
	109 10.2788
	110 10.4152
	111 10.5879
	112 10.7954
	7 11.0355
LINE 7 10 253.126 26
	113 9.74353
	114 9.74163
	115 9.73989
	116 9.73831
	117 9.73688
	118 9.73561
	119 9.73451
	120 9.73356
	121 9.73276
	122 9.73213
	123 9.73165
	124 9.73134
	125 9.73118
	126 9.73118
	127 9.73134
	128 9.73165
	129 9.73213
	130 9.73276
	131 9.73356
	132 9.73451
	133 9.73561
	134 9.73688
	135 9.73831
	136 9.73989
	137 9.74163
	10 9.74353
LINE 8 9 123.327 12
	138 11.3983
	139 10.8121
	140 10.3193
	141 9.93359
	142 9.66793
	143 9.53233
	144 9.53233
	145 9.66793
	146 9.93359
	147 10.3193
	148 10.8121
	9 11.3983
COORDENADAS :
1	165.696	349.205
2	271.291	363.138
3	342.133	308.302
4	36.7237	214.811
5	164.735	213.01
6	258.954	257.394
7	74.1537	168.317
8	247.183	125.809
9	323.013	119.148
10	63.1881	0
11	237.153	76.6498
12	0	123.38
13	109.439	354.49
14	169.716	342.691
15	173.33	336.18
16	176.537	329.671
17	179.338	323.166
18	181.731	316.663
19	183.719	310.163
20	185.299	303.666
21	186.473	297.172
22	187.241	290.681
23	187.602	284.193
24	187.556	277.707
25	187.103	271.224
26	186.245	264.745
27	184.979	258.268
28	183.307	251.794
29	181.228	245.323
30	178.742	238.854
31	175.85	232.389
32	172.552	225.926
33	168.847	219.467
34	273.716	355.817
35	276.546	349.019
36	279.781	342.745
37	283.422	336.994
38	287.469	331.768
39	291.921	327.065
40	296.778	322.887
41	302.041	319.232
42	307.709	316.1
43	313.783	313.493
44	320.262	311.41
45	327.147	309.85
46	334.437	308.814
47	265.61	357.102
48	260.584	350.989
49	256.212	344.8
50	252.495	338.535
51	249.433	332.193
52	247.025	325.775
53	245.272	319.281
54	244.174	312.71
55	243.73	306.063
56	243.941	299.339
57	244.806	292.539
58	246.327	285.663
59	248.501	278.71
60	251.331	271.681
61	254.815	264.576
62	337.777	302.965
63	333.251	297.905
64	328.555	293.124
65	323.689	288.619
66	318.654	284.393
67	313.448	280.444
68	308.073	276.772
69	302.528	273.378
70	296.813	270.262
71	290.927	267.423
72	284.873	264.862
73	278.648	262.579
74	272.253	260.573
75	265.688	258.844
76	42.2942	210.781
77	47.5119	206.468
78	52.3766	201.87
79	56.8884	196.988
80	61.0473	191.822
81	64.8533	186.372
82	68.3063	180.637
83	71.4065	174.619
84	169.607	217.942
85	174.615	222.586
86	179.758	226.943
87	185.037	231.012
88	190.451	234.793
89	196.001	238.286
90	201.686	241.492
91	207.507	244.41
92	213.463	247.04
93	219.555	249.382
94	225.783	251.437
95	232.146	253.204
96	238.645	254.683
97	245.279	255.874
98	252.049	256.778
99	160.007	207.373
100	155.092	202.116
101	149.99	197.238
102	144.701	192.74
103	139.224	188.621
104	133.56	184.883
105	127.708	181.523
106	121.67	178.544
107	115.444	175.944
108	109.03	173.724
109	102.43	171.883
110	95.6416	170.422
111	88.6663	169.341
112	81.5036	168.639
113	74.0585	161.822
114	73.9372	155.328
115	73.7897	148.837
116	73.6162	142.347
117	73.4165	135.859
118	73.1906	129.372
119	72.9387	122.887
120	72.6606	116.404
121	72.3564	109.923
122	72.0261	103.443
123	71.6697	96.9653
124	71.2871	90.4891
125	70.8784	84.0145
126	70.4436	77.5416
127	69.9826	71.0705
128	69.4956	64.601
129	68.9824	58.1332
130	68.4431	51.6672
131	67.8776	45.2028
132	67.2861	38.7402
133	66.6684	32.2792
134	66.0246	25.82
135	65.3547	19.3624
136	64.6586	12.9066
137	63.9364	6.45244
138	253.868	129.421
139	260.487	132.276
140	267.039	134.373
141	273.525	135.712
142	279.944	136.294
143	286.296	136.117
144	292.582	135.183
145	298.801	133.492
146	304.954	131.042
147	311.04	127.835
148	317.06	123.87
