NOMBRE : MTLARP4_4_4_1.dat
VERTICES ORIGINALES : 13
VERTICES TOTALES : 147
DEPOTS : 4
10
11
12
13
LINEAS ORIGINALES : 9
LINE 1 2 177.977 18
	14 10.0336
	15 9.98242
	16 9.93743
	17 9.89871
	18 9.86632
	19 9.84033
	20 9.8208
	21 9.80776
	22 9.80123
	23 9.80123
	24 9.80776
	25 9.8208
	26 9.84033
	27 9.86632
	28 9.89871
	29 9.93743
	30 9.98242
	2 10.0336
LINE 1 4 261.513 26
	31 10.3449
	32 10.2771
	33 10.2145
	34 10.1573
	35 10.1055
	36 10.0592
	37 10.0186
	38 9.98359
	39 9.95435
	40 9.9309
	41 9.91327
	42 9.9015
	43 9.89561
	44 9.89561
	45 9.9015
	46 9.91327
	47 9.9309
	48 9.95435
	49 9.98359
	50 10.0186
	51 10.0592
	52 10.1055
	53 10.1573
	54 10.2145
	55 10.2771
	4 10.3449
LINE 2 3 76.4049 7
	56 12.3066
	57 10.9587
	58 10.0636
	59 9.74704
	60 10.0636
	61 10.9587
	3 12.3066
LINE 2 5 264.275 26
	62 10.6224
	63 10.5149
	64 10.4154
	65 10.3241
	66 10.2413
	67 10.1671
	68 10.1017
	69 10.0453
	70 9.9981
	71 9.96016
	72 9.93161
	73 9.91253
	74 9.90298
	75 9.90298
	76 9.91253
	77 9.93161
	78 9.96016
	79 9.9981
	80 10.0453
	81 10.1017
	82 10.1671
	83 10.2413
	84 10.3241
	85 10.4154
	86 10.5149
	5 10.6224
LINE 3 6 119.712 12
	87 10.0292
	88 10.0002
	89 9.97698
	90 9.9595
	91 9.94783
	92 9.94199
	93 9.94199
	94 9.94783
	95 9.9595
	96 9.97698
	97 10.0002
	6 10.0292
LINE 4 5 154.736 15
	98 11.0704
	99 10.7569
	100 10.4844
	101 10.256
	102 10.0748
	103 9.94334
	104 9.86363
	105 9.83691
	106 9.86363
	107 9.94334
	108 10.0748
	109 10.256
	110 10.4844
	111 10.7569
	5 11.0704
LINE 4 7 193.754 20
	112 9.68942
	113 9.68888
	114 9.68839
	115 9.68797
	116 9.68761
	117 9.68731
	118 9.68707
	119 9.68689
	120 9.68677
	121 9.68671
	122 9.68671
	123 9.68677
	124 9.68689
	125 9.68707
	126 9.68731
	127 9.68761
	128 9.68797
	129 9.68839
	130 9.68888
	7 9.68942
LINE 7 8 96.1187 10
	131 9.98001
	132 9.73785
	133 9.5522
	134 9.42641
	135 9.36287
	136 9.36287
	137 9.42641
	138 9.5522
	139 9.73785
	8 9.98001
LINE 8 9 90.359 9
	140 10.0504
	141 10.0425
	142 10.0369
	143 10.0335
	144 10.0324
	145 10.0335
	146 10.0369
	147 10.0425
	9 10.0504
COORDENADAS :
1	172.555	308.103
2	286.488	278.945
3	331.652	273.536
4	38.1611	201.547
5	136.36	195.766
6	380.744	210.966
7	91.6668	83.9949
8	149.159	59.8248
9	142.498	0
10	0	215.809
11	101.224	36.8119
12	277.841	183.032
13	219.611	172.949
14	178.53	305.094
15	184.546	302.249
16	190.603	299.567
17	196.703	297.048
18	202.844	294.693
19	209.028	292.501
20	215.253	290.473
21	221.52	288.608
22	227.828	286.906
23	234.179	285.368
24	240.571	283.993
25	247.005	282.782
26	253.481	281.734
27	259.999	280.849
28	266.559	280.128
29	273.16	279.57
30	279.803	279.176
31	166.136	305.581
32	159.817	302.934
33	153.598	300.16
34	147.479	297.26
35	141.46	294.233
36	135.541	291.081
37	129.722	287.803
38	124.003	284.398
39	118.384	280.867
40	112.865	277.21
41	107.446	273.427
42	102.127	269.518
43	96.9078	265.483
44	91.7888	261.322
45	86.7698	257.034
46	81.8508	252.62
47	77.0318	248.081
48	72.3128	243.415
49	67.6938	238.623
50	63.1748	233.705
51	58.7559	228.66
52	54.4369	223.49
53	50.2179	218.193
54	46.099	212.77
55	42.08	207.222
56	292.345	273.199
57	298.4	269.11
58	304.653	266.68
59	311.105	265.907
60	317.755	266.792
61	324.604	269.335
62	281.957	273.503
63	277.326	268.241
64	272.595	263.158
65	267.765	258.254
66	262.836	253.53
67	257.807	248.985
68	252.679	244.62
69	247.452	240.434
70	242.125	236.427
71	236.699	232.6
72	231.173	228.953
73	225.548	225.484
74	219.824	222.195
75	214	219.086
76	208.077	216.156
77	202.054	213.405
78	195.932	210.834
79	189.71	208.442
80	183.389	206.23
81	176.969	204.197
82	170.45	202.343
83	163.83	200.669
84	157.112	199.174
85	150.294	197.858
86	143.377	196.722
87	336.438	268.867
88	341.098	264.099
89	345.631	259.232
90	350.038	254.266
91	354.319	249.2
92	358.473	244.036
93	362.501	238.772
94	366.402	233.409
95	370.177	227.947
96	373.826	222.386
97	377.348	216.725
98	44.9067	204.541
99	51.6238	207.052
100	58.3125	209.081
101	64.9728	210.627
102	71.6047	211.69
103	78.2081	212.27
104	84.7832	212.367
105	91.3298	211.982
106	97.848	211.114
107	104.338	209.763
108	110.799	207.929
109	117.232	205.613
110	123.636	202.813
111	130.013	199.531
112	40.6973	195.606
113	43.2481	189.672
114	45.8135	183.744
115	48.3936	177.823
116	50.9884	171.909
117	53.5977	166.001
118	56.2218	160.1
119	58.8604	154.206
120	61.5138	148.318
121	64.1817	142.437
122	66.8643	136.563
123	69.5616	130.696
124	72.2735	124.835
125	75	118.98
126	77.7412	113.133
127	80.497	107.292
128	83.2675	101.458
129	86.0526	95.6301
130	88.8524	89.8091
131	98.3142	83.7144
132	104.762	82.9592
133	111.01	81.7292
134	117.059	80.0244
135	122.908	77.8447
136	128.557	75.1903
137	134.007	72.0611
138	139.257	68.4572
139	144.308	64.3784
140	148.816	53.1333
141	148.374	46.4529
142	147.833	39.7836
143	147.193	33.1253
144	146.452	26.4781
145	145.613	19.842
146	144.674	13.2169
147	143.636	6.60292
