NOMBRE : MTLARP9_9_3_2.dat
VERTICES ORIGINALES : 71
VERTICES TOTALES : 1239
DEPOTS : 3
69
70
71
LINEAS ORIGINALES : 78
LINE 1 8 167.094 16
	72 10.4443
	73 10.4439
	74 10.4436
	75 10.4434
	76 10.4432
	77 10.443
	78 10.4429
	79 10.4429
	80 10.4429
	81 10.4429
	82 10.443
	83 10.4432
	84 10.4434
	85 10.4436
	86 10.4439
	8 10.4443
LINE 1 9 204.33 19
	87 11.0013
	88 10.9198
	89 10.8474
	90 10.7843
	91 10.7305
	92 10.6864
	93 10.6519
	94 10.6272
	95 10.6124
	96 10.6074
	97 10.6124
	98 10.6272
	99 10.6519
	100 10.6864
	101 10.7305
	102 10.7843
	103 10.8474
	104 10.9198
	9 11.0013
LINE 2 3 166.483 16
	105 10.4108
	106 10.4085
	107 10.4066
	108 10.405
	109 10.4037
	110 10.4028
	111 10.4021
	112 10.4018
	113 10.4018
	114 10.4021
	115 10.4028
	116 10.4037
	117 10.405
	118 10.4066
	119 10.4085
	3 10.4108
LINE 2 10 155.329 14
	120 11.6869
	121 11.4197
	122 11.1922
	123 11.0068
	124 10.8656
	125 10.7705
	126 10.7226
	127 10.7226
	128 10.7705
	129 10.8656
	130 11.0068
	131 11.1922
	132 11.4197
	10 11.6869
LINE 3 11 232.33 22
	133 11.0382
	134 10.9047
	135 10.783
	136 10.6738
	137 10.5772
	138 10.4938
	139 10.4237
	140 10.3673
	141 10.3248
	142 10.2964
	143 10.2821
	144 10.2821
	145 10.2964
	146 10.3248
	147 10.3673
	148 10.4237
	149 10.4938
	150 10.5772
	151 10.6738
	152 10.783
	153 10.9047
	11 11.0382
LINE 4 5 194.022 18
	154 11.3879
	155 11.1784
	156 10.9919
	157 10.8295
	158 10.6922
	159 10.5811
	160 10.497
	161 10.4406
	162 10.4123
	163 10.4123
	164 10.4406
	165 10.497
	166 10.5811
	167 10.6922
	168 10.8295
	169 10.9919
	170 11.1784
	5 11.3879
LINE 4 13 243.711 23
	171 10.9166
	172 10.8305
	173 10.752
	174 10.6812
	175 10.6184
	176 10.5637
	177 10.5172
	178 10.479
	179 10.4491
	180 10.4278
	181 10.4149
	182 10.4107
	183 10.4149
	184 10.4278
	185 10.4491
	186 10.479
	187 10.5172
	188 10.5637
	189 10.6184
	190 10.6812
	191 10.752
	192 10.8305
	13 10.9166
LINE 4 14 238.498 23
	193 10.4047
	194 10.3951
	195 10.3864
	196 10.3787
	197 10.3718
	198 10.3658
	199 10.3608
	200 10.3567
	201 10.3535
	202 10.3512
	203 10.3498
	204 10.3493
	205 10.3498
	206 10.3512
	207 10.3535
	208 10.3567
	209 10.3608
	210 10.3658
	211 10.3718
	212 10.3787
	213 10.3864
	214 10.3951
	14 10.4047
LINE 5 15 221.048 20
	215 11.915
	216 11.6523
	217 11.4138
	218 11.2008
	219 11.0151
	220 10.8578
	221 10.7304
	222 10.6338
	223 10.5689
	224 10.5363
	225 10.5363
	226 10.5689
	227 10.6338
	228 10.7304
	229 10.8578
	230 11.0151
	231 11.2008
	232 11.4138
	233 11.6523
	15 11.915
LINE 6 15 149.488 14
	234 11.0279
	235 10.8685
	236 10.7338
	237 10.6249
	238 10.5424
	239 10.4871
	240 10.4593
	241 10.4593
	242 10.4871
	243 10.5424
	244 10.6249
	245 10.7338
	246 10.8685
	15 11.0279
LINE 7 16 242.926 23
	247 10.6028
	248 10.5917
	249 10.5816
	250 10.5726
	251 10.5647
	252 10.5578
	253 10.552
	254 10.5472
	255 10.5435
	256 10.5408
	257 10.5392
	258 10.5387
	259 10.5392
	260 10.5408
	261 10.5435
	262 10.5472
	263 10.552
	264 10.5578
	265 10.5647
	266 10.5726
	267 10.5816
	268 10.5917
	16 10.6028
LINE 9 18 73.6843 7
	269 10.5741
	270 10.5264
	271 10.4976
	272 10.488
	273 10.4976
	274 10.5264
	18 10.5741
LINE 10 11 173.49 16
	275 10.995
	276 10.9346
	277 10.8826
	278 10.8391
	279 10.8041
	280 10.7778
	281 10.7602
	282 10.7514
	283 10.7514
	284 10.7602
	285 10.7778
	286 10.8041
	287 10.8391
	288 10.8826
	289 10.9346
	11 10.995
LINE 10 19 242.499 22
	290 11.7648
	291 11.5595
	292 11.3715
	293 11.2018
	294 11.0511
	295 10.9204
	296 10.8102
	297 10.7212
	298 10.654
	299 10.6089
	300 10.5863
	301 10.5863
	302 10.6089
	303 10.654
	304 10.7212
	305 10.8102
	306 10.9204
	307 11.0511
	308 11.2018
	309 11.3715
	310 11.5595
	19 11.7648
LINE 11 12 118.124 11
	311 10.8937
	312 10.8011
	313 10.7285
	314 10.6764
	315 10.645
	316 10.6345
	317 10.645
	318 10.6764
	319 10.7285
	320 10.8011
	12 10.8937
LINE 11 20 113.516 11
	321 10.3777
	322 10.343
	323 10.3158
	324 10.2964
	325 10.2847
	326 10.2808
	327 10.2847
	328 10.2964
	329 10.3158
	330 10.343
	20 10.3777
LINE 11 21 228.44 21
	331 11.2595
	332 11.147
	333 11.0453
	334 10.9549
	335 10.8758
	336 10.8085
	337 10.7531
	338 10.7099
	339 10.6789
	340 10.6602
	341 10.654
	342 10.6602
	343 10.6789
	344 10.7099
	345 10.7531
	346 10.8085
	347 10.8758
	348 10.9549
	349 11.0453
	350 11.147
	21 11.2595
LINE 12 21 227.483 21
	351 11.3161
	352 11.1741
	353 11.0454
	354 10.9307
	355 10.8303
	356 10.7446
	357 10.674
	358 10.6187
	359 10.5791
	360 10.5552
	361 10.5472
	362 10.5552
	363 10.5791
	364 10.6187
	365 10.674
	366 10.7446
	367 10.8303
	368 10.9307
	369 11.0454
	370 11.1741
	21 11.3161
LINE 13 14 87.2225 8
	371 11.236
	372 10.9529
	373 10.7601
	374 10.6623
	375 10.6623
	376 10.7601
	377 10.9529
	14 11.236
LINE 13 22 131.076 12
	378 11.2763
	379 11.086
	380 10.9314
	381 10.814
	382 10.735
	383 10.6953
	384 10.6953
	385 10.735
	386 10.814
	387 10.9314
	388 11.086
	22 11.2763
LINE 14 23 126.764 12
	389 10.9719
	390 10.7526
	391 10.5738
	392 10.4377
	393 10.346
	394 10.2998
	395 10.2998
	396 10.346
	397 10.4377
	398 10.5738
	399 10.7526
	23 10.9719
LINE 17 18 162.651 15
	400 11.003
	401 10.935
	402 10.8772
	403 10.8296
	404 10.7925
	405 10.7659
	406 10.7499
	407 10.7446
	408 10.7499
	409 10.7659
	410 10.7925
	411 10.8296
	412 10.8772
	413 10.935
	18 11.003
LINE 18 19 242.501 23
	414 10.9646
	415 10.852
	416 10.7491
	417 10.6561
	418 10.5734
	419 10.5012
	420 10.4398
	421 10.3892
	422 10.3497
	423 10.3214
	424 10.3044
	425 10.2987
	426 10.3044
	427 10.3214
	428 10.3497
	429 10.3892
	430 10.4398
	431 10.5012
	432 10.5734
	433 10.6561
	434 10.7491
	435 10.852
	19 10.9646
LINE 20 28 162.897 15
	436 11.2036
	437 11.0583
	438 10.9338
	439 10.8309
	440 10.7501
	441 10.6921
	442 10.6571
	443 10.6455
	444 10.6571
	445 10.6921
	446 10.7501
	447 10.8309
	448 10.9338
	449 11.0583
	28 11.2036
LINE 21 22 140.64 13
	450 11.3858
	451 11.1081
	452 10.8756
	453 10.6913
	454 10.5577
	455 10.4767
	456 10.4495
	457 10.4767
	458 10.5577
	459 10.6913
	460 10.8756
	461 11.1081
	22 11.3858
LINE 21 28 71.4752 7
	462 10.2203
	463 10.2107
	464 10.205
	465 10.2031
	466 10.205
	467 10.2107
	28 10.2203
LINE 22 28 184.406 17
	468 11.2211
	469 11.0831
	470 10.9621
	471 10.8587
	472 10.7733
	473 10.7065
	474 10.6585
	475 10.6295
	476 10.6199
	477 10.6295
	478 10.6585
	479 10.7065
	480 10.7733
	481 10.8587
	482 10.9621
	483 11.0831
	28 11.2211
LINE 22 29 141.083 13
	484 10.8526
	485 10.8526
	486 10.8525
	487 10.8525
	488 10.8525
	489 10.8525
	490 10.8525
	491 10.8525
	492 10.8525
	493 10.8525
	494 10.8525
	495 10.8526
	29 10.8526
LINE 23 24 85.251 8
	496 10.8873
	497 10.6906
	498 10.5574
	499 10.4902
	500 10.4902
	501 10.5574
	502 10.6906
	24 10.8873
LINE 23 30 229.911 21
	503 11.6308
	504 11.432
	505 11.2511
	506 11.089
	507 10.9466
	508 10.8246
	509 10.7238
	510 10.6448
	511 10.5879
	512 10.5537
	513 10.5422
	514 10.5537
	515 10.5879
	516 10.6448
	517 10.7238
	518 10.8246
	519 10.9466
	520 11.089
	521 11.2511
	522 11.432
	30 11.6308
LINE 24 25 170.059 16
	523 11.298
	524 11.0376
	525 10.8094
	526 10.6155
	527 10.4577
	528 10.3379
	529 10.2572
	530 10.2166
	531 10.2166
	532 10.2572
	533 10.3379
	534 10.4577
	535 10.6155
	536 10.8094
	537 11.0376
	25 11.298
LINE 24 31 196.115 18
	538 11.723
	539 11.4408
	540 11.1879
	541 10.9666
	542 10.7787
	543 10.6259
	544 10.5099
	545 10.4319
	546 10.3926
	547 10.3926
	548 10.4319
	549 10.5099
	550 10.6259
	551 10.7787
	552 10.9666
	553 11.1879
	554 11.4408
	31 11.723
LINE 26 32 210.457 20
	555 10.5973
	556 10.5739
	557 10.553
	558 10.5347
	559 10.519
	560 10.5059
	561 10.4954
	562 10.4875
	563 10.4822
	564 10.4796
	565 10.4796
	566 10.4822
	567 10.4875
	568 10.4954
	569 10.5059
	570 10.519
	571 10.5347
	572 10.553
	573 10.5739
	32 10.5973
LINE 27 33 143.493 13
	574 11.3104
	575 11.1755
	576 11.0639
	577 10.9764
	578 10.9134
	579 10.8754
	580 10.8627
	581 10.8754
	582 10.9134
	583 10.9764
	584 11.0639
	585 11.1755
	33 11.3104
LINE 28 29 163.987 15
	586 11.6061
	587 11.3249
	588 11.0814
	589 10.8782
	590 10.7174
	591 10.6011
	592 10.5307
	593 10.5071
	594 10.5307
	595 10.6011
	596 10.7174
	597 10.8782
	598 11.0814
	599 11.3249
	29 11.6061
LINE 28 35 140.061 13
	600 11.1407
	601 10.9599
	602 10.8096
	603 10.6913
	604 10.606
	605 10.5545
	606 10.5372
	607 10.5545
	608 10.606
	609 10.6913
	610 10.8096
	611 10.9599
	35 11.1407
LINE 29 30 190.702 17
	612 12.0215
	613 11.7296
	614 11.4706
	615 11.2468
	616 11.0603
	617 10.913
	618 10.8066
	619 10.7422
	620 10.7207
	621 10.7422
	622 10.8066
	623 10.913
	624 11.0603
	625 11.2468
	626 11.4706
	627 11.7296
	30 12.0215
LINE 29 35 160.612 15
	628 11.041
	629 10.9
	630 10.7792
	631 10.6793
	632 10.601
	633 10.5448
	634 10.5109
	635 10.4995
	636 10.5109
	637 10.5448
	638 10.601
	639 10.6793
	640 10.7792
	641 10.9
	35 11.041
LINE 30 31 212.313 19
	642 12.1034
	643 11.8053
	644 11.5359
	645 11.2972
	646 11.0912
	647 10.9198
	648 10.7846
	649 10.687
	650 10.628
	651 10.6082
	652 10.628
	653 10.687
	654 10.7846
	655 10.9198
	656 11.0912
	657 11.2972
	658 11.5359
	659 11.8053
	31 12.1034
LINE 30 36 192.577 18
	660 10.7115
	661 10.707
	662 10.703
	663 10.6997
	664 10.6968
	665 10.6946
	666 10.6929
	667 10.6918
	668 10.6912
	669 10.6912
	670 10.6918
	671 10.6929
	672 10.6946
	673 10.6968
	674 10.6997
	675 10.703
	676 10.707
	36 10.7115
LINE 30 37 135.164 12
	677 11.8683
	678 11.5453
	679 11.2803
	680 11.0774
	681 10.94
	682 10.8707
	683 10.8707
	684 10.94
	685 11.0774
	686 11.2803
	687 11.5453
	37 11.8683
LINE 33 34 162.672 15
	688 11.0107
	689 10.9401
	690 10.8799
	691 10.8305
	692 10.7919
	693 10.7642
	694 10.7476
	695 10.742
	696 10.7476
	697 10.7642
	698 10.7919
	699 10.8305
	700 10.8799
	701 10.9401
	34 11.0107
LINE 35 41 229.405 22
	702 10.4289
	703 10.4285
	704 10.4281
	705 10.4278
	706 10.4275
	707 10.4273
	708 10.4271
	709 10.4269
	710 10.4268
	711 10.4267
	712 10.4267
	713 10.4267
	714 10.4267
	715 10.4268
	716 10.4269
	717 10.4271
	718 10.4273
	719 10.4275
	720 10.4278
	721 10.4281
	722 10.4285
	41 10.4289
LINE 36 37 138.168 13
	723 10.7335
	724 10.6811
	725 10.6381
	726 10.6045
	727 10.5804
	728 10.5659
	729 10.5611
	730 10.5659
	731 10.5804
	732 10.6045
	733 10.6381
	734 10.6811
	37 10.7335
LINE 36 41 102.14 10
	735 10.5065
	736 10.3135
	737 10.1663
	738 10.0669
	739 10.0169
	740 10.0169
	741 10.0669
	742 10.1663
	743 10.3135
	41 10.5065
LINE 36 42 199.657 19
	744 10.8434
	745 10.7333
	746 10.6353
	747 10.5495
	748 10.4765
	749 10.4163
	750 10.3692
	751 10.3355
	752 10.3152
	753 10.3084
	754 10.3152
	755 10.3355
	756 10.3692
	757 10.4163
	758 10.4765
	759 10.5495
	760 10.6353
	761 10.7333
	42 10.8434
LINE 37 38 162.066 15
	762 11.599
	763 11.2691
	764 10.9821
	765 10.7416
	766 10.5507
	767 10.4123
	768 10.3283
	769 10.3002
	770 10.3283
	771 10.4123
	772 10.5507
	773 10.7416
	774 10.9821
	775 11.2691
	38 11.599
LINE 37 43 212.395 19
	776 12.0713
	777 11.7845
	778 11.5255
	779 11.2962
	780 11.0985
	781 10.934
	782 10.8044
	783 10.7109
	784 10.6543
	785 10.6354
	786 10.6543
	787 10.7109
	788 10.8044
	789 10.934
	790 11.0985
	791 11.2962
	792 11.5255
	793 11.7845
	43 12.0713
LINE 38 43 150.263 14
	794 10.8926
	795 10.8194
	796 10.7581
	797 10.7088
	798 10.6716
	799 10.6468
	800 10.6344
	801 10.6344
	802 10.6468
	803 10.6716
	804 10.7088
	805 10.7581
	806 10.8194
	43 10.8926
LINE 39 44 201.809 19
	807 10.6402
	808 10.634
	809 10.6285
	810 10.6237
	811 10.6197
	812 10.6164
	813 10.6138
	814 10.612
	815 10.6109
	816 10.6105
	817 10.6109
	818 10.612
	819 10.6138
	820 10.6164
	821 10.6197
	822 10.6237
	823 10.6285
	824 10.634
	44 10.6402
LINE 40 45 206.61 20
	825 10.422
	826 10.3932
	827 10.3676
	828 10.3451
	829 10.3258
	830 10.3096
	831 10.2967
	832 10.287
	833 10.2806
	834 10.2773
	835 10.2773
	836 10.2806
	837 10.287
	838 10.2967
	839 10.3096
	840 10.3258
	841 10.3451
	842 10.3676
	843 10.3932
	45 10.422
LINE 41 42 148.967 14
	844 10.6427
	845 10.6417
	846 10.6409
	847 10.6402
	848 10.6397
	849 10.6393
	850 10.6391
	851 10.6391
	852 10.6393
	853 10.6397
	854 10.6402
	855 10.6409
	856 10.6417
	42 10.6427
LINE 42 43 179.065 16
	857 11.9648
	858 11.6647
	859 11.4012
	860 11.1769
	861 10.9941
	862 10.8551
	863 10.7613
	864 10.7142
	865 10.7142
	866 10.7613
	867 10.8551
	868 10.9941
	869 11.1769
	870 11.4012
	871 11.6647
	43 11.9648
LINE 42 49 219.592 20
	872 11.5725
	873 11.39
	874 11.2252
	875 11.079
	876 10.9522
	877 10.8454
	878 10.7591
	879 10.694
	880 10.6503
	881 10.6285
	882 10.6285
	883 10.6503
	884 10.694
	885 10.7591
	886 10.8454
	887 10.9522
	888 11.079
	889 11.2252
	890 11.39
	49 11.5725
LINE 43 51 135.371 12
	891 11.9943
	892 11.6146
	893 11.3018
	894 11.0613
	895 10.898
	896 10.8154
	897 10.8154
	898 10.898
	899 11.0613
	900 11.3018
	901 11.6146
	51 11.9943
LINE 44 45 135.002 13
	902 10.4478
	903 10.4163
	904 10.3905
	905 10.3704
	906 10.356
	907 10.3474
	908 10.3445
	909 10.3474
	910 10.356
	911 10.3704
	912 10.3905
	913 10.4163
	45 10.4478
LINE 45 46 153.368 14
	914 11.7719
	915 11.4063
	916 11.0925
	917 10.8349
	918 10.6376
	919 10.504
	920 10.4366
	921 10.4366
	922 10.504
	923 10.6376
	924 10.8349
	925 11.0925
	926 11.4063
	46 11.7719
LINE 45 54 191.745 18
	927 10.9511
	928 10.8471
	929 10.7552
	930 10.6759
	931 10.6093
	932 10.5557
	933 10.5154
	934 10.4884
	935 10.4748
	936 10.4748
	937 10.4884
	938 10.5154
	939 10.5557
	940 10.6093
	941 10.6759
	942 10.7552
	943 10.8471
	54 10.9511
LINE 47 56 197.967 19
	944 10.6907
	945 10.6014
	946 10.5219
	947 10.4525
	948 10.3934
	949 10.3448
	950 10.3069
	951 10.2797
	952 10.2634
	953 10.2579
	954 10.2634
	955 10.2797
	956 10.3069
	957 10.3448
	958 10.3934
	959 10.4525
	960 10.5219
	961 10.6014
	56 10.6907
LINE 48 57 243.595 23
	962 10.9638
	963 10.8639
	964 10.7727
	965 10.6904
	966 10.6173
	967 10.5535
	968 10.4993
	969 10.4546
	970 10.4198
	971 10.3949
	972 10.3799
	973 10.3749
	974 10.3799
	975 10.3949
	976 10.4198
	977 10.4546
	978 10.4993
	979 10.5535
	980 10.6173
	981 10.6904
	982 10.7727
	983 10.8639
	57 10.9638
LINE 49 59 165.764 15
	984 11.5547
	985 11.343
	986 11.1607
	987 11.0094
	988 10.8902
	989 10.8042
	990 10.7523
	991 10.735
	992 10.7523
	993 10.8042
	994 10.8902
	995 11.0094
	996 11.1607
	997 11.343
	59 11.5547
LINE 50 51 223.009 20
	998 11.8423
	999 11.6301
	1000 11.4381
	1001 11.2675
	1002 11.1191
	1003 10.994
	1004 10.8928
	1005 10.8163
	1006 10.765
	1007 10.7393
	1008 10.7393
	1009 10.765
	1010 10.8163
	1011 10.8928
	1012 10.994
	1013 11.1191
	1014 11.2675
	1015 11.4381
	1016 11.6301
	51 11.8423
LINE 50 59 138.828 13
	1017 10.7308
	1018 10.705
	1019 10.6838
	1020 10.6673
	1021 10.6555
	1022 10.6484
	1023 10.646
	1024 10.6484
	1025 10.6555
	1026 10.6673
	1027 10.6838
	1028 10.705
	59 10.7308
LINE 52 61 136.555 13
	1029 10.9617
	1030 10.737
	1031 10.5496
	1032 10.4015
	1033 10.2944
	1034 10.2296
	1035 10.2079
	1036 10.2296
	1037 10.2944
	1038 10.4015
	1039 10.5496
	1040 10.737
	61 10.9617
LINE 53 62 136.926 13
	1041 10.6198
	1042 10.5764
	1043 10.5408
	1044 10.513
	1045 10.4931
	1046 10.4812
	1047 10.4772
	1048 10.4812
	1049 10.4931
	1050 10.513
	1051 10.5408
	1052 10.5764
	62 10.6198
LINE 54 62 239.552 22
	1053 11.313
	1054 11.1941
	1055 11.0859
	1056 10.9888
	1057 10.9032
	1058 10.8293
	1059 10.7673
	1060 10.7174
	1061 10.6799
	1062 10.6548
	1063 10.6422
	1064 10.6422
	1065 10.6548
	1066 10.6799
	1067 10.7174
	1068 10.7673
	1069 10.8293
	1070 10.9032
	1071 10.9888
	1072 11.0859
	1073 11.1941
	62 11.313
LINE 54 63 154.614 15
	1074 10.3749
	1075 10.3462
	1076 10.3218
	1077 10.3018
	1078 10.2862
	1079 10.275
	1080 10.2683
	1081 10.2661
	1082 10.2683
	1083 10.275
	1084 10.2862
	1085 10.3018
	1086 10.3218
	1087 10.3462
	63 10.3749
LINE 55 63 184.604 17
	1088 11.5249
	1089 11.282
	1090 11.0671
	1091 10.882
	1092 10.7282
	1093 10.607
	1094 10.5195
	1095 10.4667
	1096 10.4491
	1097 10.4667
	1098 10.5195
	1099 10.607
	1100 10.7282
	1101 10.882
	1102 11.0671
	1103 11.282
	63 11.5249
LINE 55 64 118.377 11
	1104 10.9598
	1105 10.8417
	1106 10.7489
	1107 10.6821
	1108 10.6418
	1109 10.6284
	1110 10.6418
	1111 10.6821
	1112 10.7489
	1113 10.8417
	64 10.9598
LINE 56 65 174.76 16
	1114 11.9083
	1115 11.5292
	1116 11.194
	1117 10.9068
	1118 10.6715
	1119 10.4916
	1120 10.3699
	1121 10.3085
	1122 10.3085
	1123 10.3699
	1124 10.4916
	1125 10.6715
	1126 10.9068
	1127 11.194
	1128 11.5292
	65 11.9083
LINE 56 66 177.408 16
	1129 11.606
	1130 11.403
	1131 11.2261
	1132 11.0766
	1133 10.9555
	1134 10.8637
	1135 10.8022
	1136 10.7712
	1137 10.7712
	1138 10.8022
	1139 10.8637
	1140 10.9555
	1141 11.0766
	1142 11.2261
	1143 11.403
	66 11.606
LINE 57 58 123.533 12
	1144 10.3591
	1145 10.3239
	1146 10.2957
	1147 10.2745
	1148 10.2603
	1149 10.2532
	1150 10.2532
	1151 10.2603
	1152 10.2745
	1153 10.2957
	1154 10.3239
	58 10.3591
LINE 57 66 147.498 14
	1155 10.9578
	1156 10.7662
	1157 10.6039
	1158 10.4722
	1159 10.3723
	1160 10.3052
	1161 10.2715
	1162 10.2715
	1163 10.3052
	1164 10.3723
	1165 10.4722
	1166 10.6039
	1167 10.7662
	66 10.9578
LINE 58 59 173.418 16
	1168 11.122
	1169 11.0099
	1170 10.913
	1171 10.8316
	1172 10.766
	1173 10.7165
	1174 10.6834
	1175 10.6668
	1176 10.6668
	1177 10.6834
	1178 10.7165
	1179 10.766
	1180 10.8316
	1181 10.913
	1182 11.0099
	59 11.122
LINE 59 60 193.572 18
	1183 11.6206
	1184 11.3257
	1185 11.0612
	1186 10.8293
	1187 10.6323
	1188 10.4719
	1189 10.3501
	1190 10.268
	1191 10.2268
	1192 10.2268
	1193 10.268
	1194 10.3501
	1195 10.4719
	1196 10.6323
	1197 10.8293
	1198 11.0612
	1199 11.3257
	60 11.6206
LINE 60 68 181.333 17
	1200 11.0646
	1201 10.9178
	1202 10.7891
	1203 10.6789
	1204 10.5879
	1205 10.5166
	1206 10.4653
	1207 10.4345
	1208 10.4242
	1209 10.4345
	1210 10.4653
	1211 10.5166
	1212 10.5879
	1213 10.6789
	1214 10.7891
	1215 10.9178
	68 11.0646
LINE 64 65 68.5575 6
	1216 11.7307
	1217 11.3671
	1218 11.1809
	1219 11.1809
	1220 11.3671
	65 11.7307
LINE 66 67 209.971 20
	1221 10.7203
	1222 10.651
	1223 10.589
	1224 10.5344
	1225 10.4874
	1226 10.4481
	1227 10.4166
	1228 10.3928
	1229 10.377
	1230 10.369
	1231 10.369
	1232 10.377
	1233 10.3928
	1234 10.4166
	1235 10.4481
	1236 10.4874
	1237 10.5344
	1238 10.589
	1239 10.651
	67 10.7203
COORDENADAS :
1	142.171	830.607
2	285.708	845.492
3	396.546	850.538
4	556.561	851.506
5	681.194	843.279
6	794.055	844.593
7	897.084	854.582
8	99.9275	727.537
9	166.862	698.535
10	260.831	748.614
11	365.99	702.888
12	436.11	737.022
13	590.199	695.46
14	642.337	717.996
15	783.922	747.533
16	846.836	701
17	39.4426	615.23
18	137.349	659.489
19	281.384	594.755
20	400.041	635.623
21	466.27	592.474
22	553.032	618.436
23	681.831	645.732
24	737.648	648.823
25	845.74	635.398
26	174.578	559.844
27	368.49	506.035
28	457.099	545.751
29	560.028	524.642
30	678.612	498.176
31	804.961	543.907
32	146.612	422.948
33	285.864	460.912
34	390.336	435.915
35	479.534	457.227
36	584.221	411.286
37	675.751	411.327
38	774.427	440.865
39	53.3007	329.267
40	270.534	357.644
41	582.938	344.561
42	679.686	322.203
43	791.963	343.187
44	105.275	205.324
45	180.113	254.687
46	277.441	255.287
47	371.438	225.257
48	467.531	253.254
49	601.878	203.805
50	653.687	205.21
51	787.185	256.879
52	879.806	193.894
53	80.9444	93.4159
54	174.995	129.113
55	267.293	95.2959
56	405.772	99.9423
57	478.114	94.5247
58	548.146	137.216
59	659.321	113.117
60	781.801	119.737
61	865.975	106.514
62	83.5464	2.65114
63	170.878	26.5349
64	292.241	21.4548
65	336.366	14.7639
66	462.363	0
67	593.963	42.3307
68	698.43	36.0329
69	0	722.142
70	375.03	32.8115
71	176.803	402.623
72	139.425	824.208
73	136.693	817.804
74	133.975	811.394
75	131.271	804.978
76	128.582	798.556
77	125.906	792.129
78	123.245	785.696
79	120.598	779.257
80	117.964	772.812
81	115.345	766.362
82	112.741	759.905
83	110.15	753.443
84	107.573	746.975
85	105.01	740.502
86	102.462	734.022
87	145.382	824.013
88	148.381	817.38
89	151.168	810.706
90	153.742	803.993
91	156.104	797.241
92	158.253	790.449
93	160.19	783.617
94	161.914	776.745
95	163.426	769.833
96	164.726	762.882
97	165.813	755.891
98	166.687	748.861
99	167.35	741.79
100	167.799	734.68
101	168.037	727.531
102	168.062	720.341
103	167.874	713.112
104	167.474	705.843
105	292.649	845.52
106	299.587	845.586
107	306.524	845.69
108	313.46	845.833
109	320.393	846.014
110	327.325	846.233
111	334.255	846.491
112	341.183	846.787
113	348.109	847.122
114	355.034	847.494
115	361.957	847.906
116	368.878	848.356
117	375.798	848.844
118	382.716	849.37
119	389.632	849.935
120	286.942	837.799
121	287.712	830.225
122	288.02	822.77
123	287.864	815.434
124	287.245	808.217
125	286.163	801.118
126	284.617	794.139
127	282.609	787.279
128	280.137	780.537
129	277.202	773.915
130	273.804	767.411
131	269.943	761.026
132	265.619	754.76
133	392.533	844.37
134	388.77	838.15
135	385.257	831.878
136	381.993	825.555
137	378.98	819.18
138	376.217	812.753
139	373.703	806.274
140	371.439	799.744
141	369.426	793.162
142	367.662	786.528
143	366.148	779.842
144	364.884	773.105
145	363.87	766.316
146	363.106	759.475
147	362.592	752.583
148	362.328	745.639
149	362.313	738.643
150	362.549	731.596
151	363.034	724.496
152	363.77	717.345
153	364.755	710.143
154	563.282	847.976
155	570.027	844.807
156	576.796	842
157	583.589	839.555
158	590.406	837.471
159	597.246	835.748
160	604.111	834.387
161	610.999	833.388
162	617.911	832.75
163	624.847	832.474
164	631.807	832.559
165	638.791	833.006
166	645.798	833.814
167	652.83	834.984
168	659.885	836.516
169	666.964	838.409
170	674.067	840.663
171	560.164	845.183
172	563.572	838.818
173	566.786	832.411
174	569.806	825.962
175	572.631	819.471
176	575.261	812.938
177	577.696	806.363
178	579.937	799.746
179	581.984	793.088
180	583.835	786.387
181	585.492	779.644
182	586.955	772.86
183	588.223	766.033
184	589.296	759.165
185	590.175	752.254
186	590.859	745.302
187	591.349	738.307
188	591.643	731.271
189	591.744	724.193
190	591.649	717.073
191	591.36	709.911
192	590.877	702.706
193	559.689	845.315
194	562.872	839.159
195	566.109	833.038
196	569.402	826.953
197	572.748	820.902
198	576.15	814.887
199	579.606	808.906
200	583.117	802.961
201	586.682	797.051
202	590.302	791.176
203	593.977	785.336
204	597.707	779.531
205	601.491	773.762
206	605.329	768.027
207	609.223	762.328
208	613.171	756.663
209	617.173	751.034
210	621.231	745.44
211	625.343	739.881
212	629.509	734.357
213	633.731	728.868
214	638.007	723.415
215	683.798	835.775
216	686.669	828.556
217	689.806	821.624
218	693.21	814.978
219	696.88	808.617
220	700.817	802.543
221	705.02	796.755
222	709.49	791.252
223	714.227	786.036
224	719.23	781.105
225	724.499	776.461
226	730.036	772.103
227	735.839	768.031
228	741.908	764.244
229	748.244	760.744
230	754.846	757.53
231	761.716	754.601
232	768.851	751.959
233	776.254	749.603
234	795.656	837.417
235	796.899	830.279
236	797.784	823.178
237	798.312	816.115
238	798.482	809.089
239	798.295	802.1
240	797.75	795.148
241	796.847	788.234
242	795.587	781.357
243	793.969	774.518
244	791.994	767.715
245	789.661	760.95
246	786.971	754.223
247	894.162	848.146
248	891.307	841.688
249	888.519	835.208
250	885.798	828.706
251	883.144	822.182
252	880.558	815.636
253	878.038	809.068
254	875.585	802.478
255	873.199	795.866
256	870.88	789.233
257	868.629	782.577
258	866.444	775.9
259	864.326	769.2
260	862.276	762.479
261	860.292	755.736
262	858.376	748.97
263	856.526	742.183
264	854.744	735.374
265	853.028	728.543
266	851.38	721.69
267	849.798	714.815
268	848.284	707.919
269	161.93	693.498
270	157.236	688.281
271	152.781	682.883
272	148.565	677.306
273	144.588	671.547
274	140.849	665.609
275	268.017	747.166
276	275.121	745.53
277	282.143	743.707
278	289.083	741.695
279	295.942	739.496
280	302.719	737.108
281	309.414	734.532
282	316.027	731.768
283	322.559	728.816
284	329.009	725.677
285	335.377	722.349
286	341.663	718.833
287	347.867	715.129
288	353.99	711.237
289	360.031	707.156
290	265.161	742.074
291	269.167	735.49
292	272.849	728.864
293	276.209	722.194
294	279.245	715.482
295	281.958	708.726
296	284.347	701.926
297	286.413	695.084
298	288.155	688.199
299	289.575	681.27
300	290.671	674.298
301	291.443	667.283
302	291.892	660.224
303	292.018	653.123
304	291.821	645.978
305	291.3	638.79
306	290.456	631.559
307	289.288	624.285
308	287.797	616.967
309	285.983	609.606
310	283.845	602.202
311	373.054	704.575
312	379.98	706.546
313	386.768	708.799
314	393.418	711.336
315	399.931	714.156
316	406.305	717.259
317	412.542	720.645
318	418.641	724.315
319	424.602	728.267
320	430.425	732.503
321	368.244	696.347
322	370.667	689.891
323	373.257	683.521
324	376.016	677.235
325	378.943	671.035
326	382.039	664.92
327	385.303	658.89
328	388.735	652.946
329	392.335	647.086
330	396.104	641.312
331	372.563	699.263
332	378.956	695.475
333	385.17	691.523
334	391.203	687.408
335	397.057	683.13
336	402.731	678.688
337	408.226	674.084
338	413.54	669.316
339	418.675	664.384
340	423.63	659.29
341	428.405	654.032
342	433.001	648.611
343	437.416	643.027
344	441.652	637.279
345	445.708	631.368
346	449.585	625.294
347	453.281	619.056
348	456.798	612.656
349	460.135	606.092
350	463.293	599.364
351	434.871	729.58
352	433.899	722.195
353	433.194	714.865
354	432.758	707.591
355	432.588	700.373
356	432.687	693.21
357	433.053	686.104
358	433.686	679.053
359	434.587	672.058
360	435.756	665.119
361	437.192	658.236
362	438.896	651.408
363	440.867	644.637
364	443.106	637.921
365	445.613	631.261
366	448.387	624.657
367	451.428	618.109
368	454.737	611.616
369	458.314	605.18
370	462.158	598.799
371	597.663	696.086
372	604.857	697.338
373	611.78	699.216
374	618.433	701.72
375	624.815	704.85
376	630.926	708.606
377	636.767	712.988
378	589.256	688.002
379	587.921	680.733
380	586.194	673.653
381	584.076	666.762
382	581.567	660.06
383	578.665	653.546
384	575.372	647.222
385	571.687	641.087
386	567.611	635.141
387	563.143	629.384
388	558.283	623.815
389	643.407	710.76
390	644.881	703.745
391	646.759	696.95
392	649.04	690.377
393	651.726	684.024
394	654.815	677.891
395	658.308	671.979
396	662.205	666.289
397	666.506	660.818
398	671.21	655.569
399	676.319	650.54
400	46.6207	616.74
401	53.7058	618.456
402	60.6979	620.378
403	67.597	622.506
404	74.4031	624.84
405	81.1162	627.379
406	87.7363	630.124
407	94.2634	633.074
408	100.698	636.231
409	107.039	639.593
410	113.287	643.161
411	119.442	646.934
412	125.504	650.914
413	131.473	655.099
414	142.583	654.387
415	147.911	649.492
416	153.332	644.806
417	158.846	640.327
418	164.454	636.056
419	170.156	631.994
420	175.951	628.139
421	181.839	624.493
422	187.821	621.054
423	193.896	617.823
424	200.065	614.801
425	206.328	611.986
426	212.684	609.38
427	219.133	606.981
428	225.676	604.791
429	232.312	602.808
430	239.042	601.034
431	245.866	599.467
432	252.782	598.109
433	259.793	596.959
434	266.896	596.016
435	274.094	595.282
436	405.81	630.879
437	411.298	625.957
438	416.506	620.857
439	421.433	615.579
440	426.079	610.122
441	430.445	604.487
442	434.529	598.674
443	438.333	592.682
444	441.856	586.513
445	445.099	580.165
446	448.06	573.638
447	450.741	566.934
448	453.141	560.051
449	455.261	552.99
450	472.08	597.359
451	478.034	601.762
452	484.132	605.685
453	490.374	609.125
454	496.76	612.085
455	503.289	614.564
456	509.963	616.561
457	516.781	618.076
458	523.743	619.111
459	530.849	619.664
460	538.099	619.736
461	545.493	619.327
462	465.347	585.723
463	464.295	578.998
464	463.114	572.298
465	461.804	565.623
466	460.365	558.974
467	458.797	552.35
468	545.93	616.086
469	539.01	613.495
470	532.273	610.664
471	525.718	607.592
472	519.345	604.279
473	513.155	600.726
474	507.147	596.931
475	501.322	592.896
476	495.678	588.621
477	490.218	584.105
478	484.939	579.348
479	479.843	574.35
480	474.93	569.111
481	470.199	563.632
482	465.65	557.913
483	461.283	551.952
484	553.529	611.218
485	554.033	604.001
486	554.543	596.784
487	555.061	589.567
488	555.585	582.351
489	556.117	575.136
490	556.655	567.921
491	557.2	560.707
492	557.752	553.493
493	558.311	546.279
494	558.876	539.066
495	559.449	531.854
496	688.917	644.158
497	695.971	643.145
498	702.995	642.692
499	709.988	642.798
500	716.949	643.465
501	723.88	644.691
502	730.779	646.477
503	684.952	638.634
504	687.746	631.543
505	690.212	624.459
506	692.351	617.383
507	694.163	610.314
508	695.646	603.251
509	696.803	596.196
510	697.632	589.148
511	698.134	582.108
512	698.308	575.074
513	698.154	568.047
514	697.674	561.028
515	696.865	554.016
516	695.73	547.011
517	694.267	540.013
518	692.476	533.022
519	690.358	526.039
520	687.913	519.062
521	685.14	512.093
522	682.039	505.131
523	744.801	651.182
524	751.901	653.115
525	758.948	654.621
526	765.942	655.701
527	772.883	656.355
528	779.772	656.582
529	786.607	656.382
530	793.389	655.756
531	800.118	654.704
532	806.795	653.226
533	813.418	651.32
534	819.988	648.989
535	826.506	646.231
536	832.97	643.047
537	839.382	639.436
538	738.339	641.038
539	739.388	633.483
540	740.796	626.159
541	742.563	619.065
542	744.689	612.2
543	747.173	605.566
544	750.016	599.162
545	753.217	592.988
546	756.777	587.045
547	760.696	581.331
548	764.974	575.848
549	769.61	570.594
550	774.605	565.571
551	779.959	560.778
552	785.671	556.215
553	791.742	551.882
554	798.172	547.78
555	172.15	553.21
556	169.829	546.553
557	167.618	539.875
558	165.514	533.174
559	163.52	526.451
560	161.633	519.706
561	159.855	512.939
562	158.186	506.149
563	156.625	499.338
564	155.172	492.504
565	153.828	485.648
566	152.593	478.77
567	151.465	471.87
568	150.447	464.947
569	149.536	458.003
570	148.735	451.036
571	148.041	444.047
572	147.456	437.036
573	146.98	430.003
574	361.127	504.407
575	353.933	502.472
576	346.906	500.23
577	340.047	497.681
578	333.355	494.825
579	326.832	491.661
580	320.476	488.19
581	314.288	484.412
582	308.268	480.326
583	302.415	475.933
584	296.73	471.234
585	291.213	466.227
586	464.621	547.563
587	472.049	548.915
588	479.383	549.808
589	486.622	550.24
590	493.767	550.213
591	500.817	549.725
592	507.774	548.778
593	514.635	547.371
594	521.403	545.504
595	528.076	543.176
596	534.655	540.389
597	541.14	537.142
598	547.53	533.436
599	553.826	529.269
600	456.487	538.349
601	456.265	531.046
602	456.433	523.841
603	456.99	516.736
604	457.937	509.729
605	459.273	502.82
606	460.999	496.011
607	463.114	489.3
608	465.619	482.688
609	468.513	476.175
610	471.798	469.76
611	475.471	463.444
612	566.214	519.546
613	572.498	514.893
614	578.881	510.682
615	585.363	506.913
616	591.943	503.587
617	598.623	500.703
618	605.401	498.261
619	612.278	496.262
620	619.253	494.705
621	626.327	493.591
622	633.5	492.918
623	640.772	492.689
624	648.142	492.901
625	655.612	493.556
626	663.18	494.654
627	670.846	496.193
628	553.2	521.893
629	546.581	518.895
630	540.17	515.648
631	533.969	512.151
632	527.976	508.404
633	522.192	504.409
634	516.617	500.164
635	511.251	495.669
636	506.093	490.926
637	501.145	485.933
638	496.405	480.69
639	491.874	475.198
640	487.552	469.457
641	483.439	463.467
642	686.584	496.93
643	694.409	496.089
644	702.087	495.655
645	709.619	495.627
646	717.003	496.004
647	724.241	496.788
648	731.331	497.977
649	738.275	499.572
650	745.072	501.573
651	751.722	503.98
652	758.225	506.793
653	764.581	510.012
654	770.79	513.636
655	776.853	517.667
656	782.768	522.103
657	788.537	526.945
658	794.158	532.193
659	799.633	537.847
660	673.07	493.672
661	667.563	489.13
662	662.092	484.55
663	656.655	479.932
664	651.254	475.276
665	645.887	470.582
666	640.556	465.85
667	635.26	461.08
668	629.998	456.272
669	624.772	451.425
670	619.58	446.541
671	614.424	441.619
672	609.303	436.659
673	604.216	431.66
674	599.165	426.624
675	594.149	421.549
676	589.168	416.437
677	675.187	491.043
678	672.341	483.892
679	670.075	476.721
680	668.388	469.531
681	667.281	462.322
682	666.752	455.095
683	666.804	447.848
684	667.434	440.582
685	668.645	433.296
686	670.434	425.992
687	672.803	418.669
688	292.454	457.678
689	299.097	454.668
690	305.794	451.882
691	312.545	449.32
692	319.349	446.982
693	326.206	444.867
694	333.117	442.977
695	340.082	441.311
696	347.1	439.868
697	354.172	438.649
698	361.298	437.655
699	368.477	436.884
700	375.71	436.337
701	382.996	436.014
702	484.128	452.008
703	488.732	446.798
704	493.345	441.598
705	497.969	436.407
706	502.603	431.225
707	507.248	426.052
708	511.902	420.889
709	516.567	415.735
710	521.241	410.591
711	525.926	405.456
712	530.621	400.33
713	535.327	395.213
714	540.042	390.106
715	544.767	385.008
716	549.503	379.92
717	554.249	374.841
718	559.005	369.771
719	563.771	364.71
720	568.548	359.659
721	573.334	354.617
722	578.131	349.584
723	591.262	412.566
724	598.302	413.634
725	605.342	414.488
726	612.383	415.13
727	619.423	415.559
728	626.464	415.775
729	633.505	415.778
730	640.545	415.568
731	647.586	415.146
732	654.627	414.51
733	661.669	413.662
734	668.71	412.601
735	581.967	404.654
736	580.185	398.014
737	578.875	391.364
738	578.038	384.705
739	577.674	378.037
740	577.781	371.36
741	578.362	364.674
742	579.415	357.979
743	580.94	351.274
744	587.716	404.958
745	591.38	398.812
746	595.215	392.848
747	599.219	387.066
748	603.394	381.467
749	607.738	376.049
750	612.253	370.814
751	616.937	365.761
752	621.791	360.89
753	626.816	356.202
754	632.01	351.695
755	637.375	347.371
756	642.909	343.229
757	648.614	339.269
758	654.488	335.492
759	660.533	331.896
760	666.747	328.483
761	673.132	325.252
762	683.349	409.89
763	690.801	408.939
764	698.108	408.476
765	705.269	408.498
766	712.284	409.008
767	719.154	410.004
768	725.878	411.487
769	732.457	413.456
770	738.889	415.912
771	745.176	418.854
772	751.318	422.283
773	757.313	426.199
774	763.163	430.601
775	768.868	435.49
776	679.942	404.457
777	684.347	397.951
778	688.966	391.811
779	693.799	386.035
780	698.845	380.625
781	704.106	375.579
782	709.581	370.898
783	715.269	366.582
784	721.172	362.631
785	727.288	359.045
786	733.619	355.823
787	740.163	352.967
788	746.921	350.475
789	753.893	348.348
790	761.08	346.586
791	768.48	345.189
792	776.094	344.157
793	783.922	343.49
794	777.231	434.167
795	779.796	427.425
796	782.123	420.641
797	784.211	413.814
798	786.06	406.945
799	787.671	400.032
800	789.043	393.076
801	790.176	386.078
802	791.071	379.037
803	791.727	371.952
804	792.144	364.825
805	792.323	357.656
806	792.262	350.443
807	55.5479	322.539
808	57.8493	315.834
809	60.205	309.151
810	62.6149	302.491
811	65.0791	295.854
812	67.5976	289.24
813	70.1703	282.648
814	72.7972	276.079
815	75.4784	269.533
816	78.2139	263.01
817	81.0036	256.509
818	83.8476	250.032
819	86.7458	243.576
820	89.6983	237.144
821	92.7051	230.734
822	95.7661	224.348
823	98.8814	217.984
824	102.051	211.642
825	265.145	353.258
826	259.848	348.792
827	254.641	344.246
828	249.526	339.62
829	244.503	334.914
830	239.571	330.127
831	234.73	325.26
832	229.98	320.313
833	225.322	315.285
834	220.756	310.177
835	216.28	304.989
836	211.896	299.721
837	207.604	294.373
838	203.402	288.944
839	199.292	283.435
840	195.274	277.846
841	191.347	272.177
842	187.511	266.427
843	183.766	260.597
844	589.807	342.784
845	596.682	341.035
846	603.564	339.313
847	610.452	337.619
848	617.347	335.953
849	624.248	334.314
850	631.155	332.703
851	638.069	331.12
852	644.989	329.565
853	651.916	328.037
854	658.849	326.537
855	665.788	325.064
856	672.734	323.62
857	687.357	320.016
858	694.941	318.296
859	702.438	317.043
860	709.847	316.256
861	717.17	315.935
862	724.405	316.081
863	731.553	316.693
864	738.614	317.771
865	745.588	319.316
866	752.474	321.327
867	759.274	323.804
868	765.986	326.748
869	772.611	330.158
870	779.149	334.035
871	785.6	338.378
872	678.35	314.604
873	676.745	307.182
874	674.871	299.937
875	672.728	292.869
876	670.316	285.977
877	667.636	279.262
878	664.686	272.724
879	661.468	266.362
880	657.981	260.177
881	654.225	254.169
882	650.2	248.338
883	645.906	242.683
884	641.344	237.205
885	636.513	231.903
886	631.412	226.778
887	626.043	221.83
888	620.405	217.059
889	614.498	212.464
890	608.323	208.046
891	788.099	336.187
892	784.865	329.152
893	782.261	322.081
894	780.287	314.976
895	778.944	307.836
896	778.231	300.661
897	778.147	293.451
898	778.694	286.207
899	779.872	278.927
900	781.679	271.613
901	784.117	264.263
902	111.569	208.305
903	117.774	211.423
904	123.89	214.677
905	129.915	218.066
906	135.851	221.592
907	141.698	225.253
908	147.455	229.05
909	153.122	232.983
910	158.699	237.052
911	164.187	241.257
912	169.586	245.598
913	174.894	250.074
914	187.088	251.089
915	194.059	248.051
916	201.026	245.573
917	207.99	243.655
918	214.951	242.298
919	221.908	241.5
920	228.862	241.263
921	235.812	241.586
922	242.759	242.469
923	249.702	243.912
924	256.642	245.916
925	263.578	248.48
926	270.511	251.603
927	181.96	247.624
928	183.557	240.571
929	184.902	233.528
930	185.997	226.496
931	186.841	219.473
932	187.435	212.461
933	187.777	205.459
934	187.869	198.468
935	187.71	191.486
936	187.3	184.515
937	186.64	177.554
938	185.728	170.603
939	184.566	163.663
940	183.154	156.732
941	181.49	149.812
942	179.576	142.903
943	177.411	136.003
944	371.309	218.131
945	371.395	211.064
946	371.696	204.056
947	372.213	197.107
948	372.944	190.217
949	373.891	183.386
950	375.052	176.613
951	376.429	169.9
952	378.021	163.245
953	379.828	156.65
954	381.851	150.113
955	384.088	143.636
956	386.54	137.217
957	389.208	130.857
958	392.091	124.556
959	395.188	118.314
960	398.501	112.131
961	402.029	106.007
962	465.633	246.195
963	463.949	239.151
964	462.48	232.121
965	461.225	225.105
966	460.184	218.104
967	459.358	211.117
968	458.747	204.144
969	458.349	197.186
970	458.166	190.242
971	458.198	183.312
972	458.443	176.396
973	458.904	169.495
974	459.578	162.608
975	460.467	155.736
976	461.57	148.877
977	462.888	142.033
978	464.42	135.203
979	466.166	128.388
980	468.127	121.587
981	470.302	114.8
982	472.692	108.027
983	475.296	101.269
984	608.115	199.284
985	614.008	194.545
986	619.557	189.588
987	624.762	184.414
988	629.624	179.021
989	634.141	173.411
990	638.314	167.583
991	642.144	161.537
992	645.629	155.274
993	648.771	148.792
994	651.569	142.093
995	654.023	135.176
996	656.133	128.041
997	657.899	120.688
998	659.16	210.901
999	664.758	216.265
1000	670.484	221.301
1001	676.336	226.011
1002	682.314	230.393
1003	688.42	234.448
1004	694.651	238.176
1005	701.01	241.578
1006	707.495	244.652
1007	714.106	247.399
1008	720.845	249.818
1009	727.709	251.911
1010	734.701	253.677
1011	741.819	255.116
1012	749.063	256.227
1013	756.434	257.012
1014	763.932	257.469
1015	771.556	257.599
1016	779.307	257.403
1017	655.017	198.181
1018	656.196	191.143
1019	657.227	184.095
1020	658.108	177.038
1021	658.84	169.972
1022	659.423	162.897
1023	659.856	155.813
1024	660.14	148.72
1025	660.275	141.618
1026	660.26	134.506
1027	660.096	127.386
1028	659.783	120.256
1029	881.372	186.757
1030	882.5	179.688
1031	883.19	172.689
1032	883.441	165.759
1033	883.254	158.899
1034	882.629	152.108
1035	881.565	145.386
1036	880.062	138.734
1037	878.122	132.151
1038	875.743	125.638
1039	872.925	119.194
1040	869.67	112.819
1041	79.9885	86.4009
1042	79.2254	79.3914
1043	78.6548	72.3874
1044	78.277	65.3889
1045	78.0918	58.3959
1046	78.0993	51.4085
1047	78.2994	44.4266
1048	78.6923	37.4502
1049	79.2778	30.4794
1050	80.0559	23.514
1051	81.0267	16.5542
1052	82.1902	9.59991
1053	172.914	121.864
1054	170.635	114.758
1055	168.158	107.795
1056	165.484	100.974
1057	162.612	94.2969
1058	159.543	87.7624
1059	156.276	81.3709
1060	152.811	75.1223
1061	149.148	69.0166
1062	145.288	63.0539
1063	141.23	57.2342
1064	136.974	51.5573
1065	132.521	46.0235
1066	127.87	40.6326
1067	123.022	35.3846
1068	117.975	30.2795
1069	112.731	25.3174
1070	107.29	20.4983
1071	101.65	15.8221
1072	95.8134	11.2888
1073	89.7787	6.89851
1074	173.722	122.315
1075	172.592	115.511
1076	171.604	108.701
1077	170.76	101.885
1078	170.057	95.0637
1079	169.498	88.2366
1080	169.081	81.4037
1081	168.806	74.5651
1082	168.674	67.7209
1083	168.685	60.8708
1084	168.839	54.0151
1085	169.135	47.1536
1086	169.573	40.2865
1087	170.154	33.4136
1088	259.74	93.8901
1089	252.422	92.1545
1090	245.339	90.089
1091	238.491	87.6937
1092	231.878	84.9684
1093	225.501	81.9133
1094	219.359	78.5283
1095	213.452	74.8134
1096	207.781	70.7687
1097	202.344	66.394
1098	197.143	61.6895
1099	192.178	56.6551
1100	187.447	51.2908
1101	182.952	45.5967
1102	178.692	39.5726
1103	174.668	33.2187
1104	271.251	89.1538
1105	274.87	82.8976
1106	278.152	76.5272
1107	281.095	70.0427
1108	283.701	63.444
1109	285.969	56.7312
1110	287.899	49.9042
1111	289.492	42.9631
1112	290.746	35.9078
1113	291.662	28.7384
1114	398.347	97.1349
1115	391.332	93.992
1116	384.73	90.5136
1117	378.539	86.6997
1118	372.76	82.5503
1119	367.393	78.0654
1120	362.437	73.245
1121	357.894	68.0891
1122	353.762	62.5977
1123	350.041	56.7708
1124	346.733	50.6084
1125	343.836	44.1105
1126	341.351	37.2771
1127	339.278	30.1082
1128	337.616	22.6038
1129	411.822	95.1188
1130	417.537	90.1055
1131	422.916	84.9025
1132	427.961	79.5098
1133	432.671	73.9274
1134	437.045	68.1553
1135	441.085	62.1935
1136	444.789	56.0419
1137	448.158	49.7007
1138	451.193	43.1697
1139	453.892	36.449
1140	456.256	29.5386
1141	458.285	22.4386
1142	459.98	15.1487
1143	461.339	7.66923
1144	484.464	97.2381
1145	490.722	100.105
1146	496.885	103.125
1147	502.955	106.299
1148	508.931	109.627
1149	514.814	113.108
1150	520.603	116.742
1151	526.299	120.53
1152	531.901	124.471
1153	537.41	128.566
1154	542.824	132.815
1155	479.506	87.3534
1156	480.512	80.2467
1157	481.129	73.2045
1158	481.36	66.2268
1159	481.203	59.3137
1160	480.659	52.4651
1161	479.728	45.6811
1162	478.409	38.9616
1163	476.703	32.3066
1164	474.61	25.7162
1165	472.129	19.1904
1166	469.261	12.729
1167	466.006	6.33225
1168	555.54	137.767
1169	562.875	138.043
1170	570.15	138.044
1171	577.366	137.772
1172	584.523	137.225
1173	591.62	136.405
1174	598.657	135.31
1175	605.635	133.941
1176	612.554	132.297
1177	619.413	130.38
1178	626.213	128.188
1179	632.954	125.722
1180	639.635	122.982
1181	646.256	119.968
1182	652.818	116.679
1183	666.324	109.805
1184	673.304	106.926
1185	680.261	104.48
1186	687.194	102.466
1187	694.104	100.886
1188	700.99	99.7384
1189	707.853	99.0239
1190	714.692	98.7424
1191	721.509	98.8937
1192	728.301	99.478
1193	735.071	100.495
1194	741.817	101.945
1195	748.539	103.828
1196	755.238	106.144
1197	761.914	108.893
1198	768.567	112.075
1199	775.195	115.69
1200	775.145	116.559
1201	768.707	113.162
1202	762.489	109.547
1203	756.49	105.714
1204	750.709	101.663
1205	745.148	97.3937
1206	739.806	92.9062
1207	734.683	88.2006
1208	729.778	83.2768
1209	725.093	78.1349
1210	720.627	72.7748
1211	716.38	67.1965
1212	712.352	61.4001
1213	708.543	55.3855
1214	704.953	49.1528
1215	701.582	42.7019
1216	299.957	22.7274
1217	307.529	23.0449
1218	314.955	22.4073
1219	322.237	20.8146
1220	329.374	18.2668
1221	468.387	3.84624
1222	474.469	7.5104
1223	480.609	10.9925
1224	486.809	14.2925
1225	493.067	17.4105
1226	499.383	20.3463
1227	505.758	23.1001
1228	512.192	25.6718
1229	518.684	28.0615
1230	525.235	30.2691
1231	531.844	32.2946
1232	538.512	34.138
1233	545.238	35.7993
1234	552.023	37.2786
1235	558.867	38.5758
1236	565.769	39.6909
1237	572.73	40.624
1238	579.749	41.375
1239	586.827	41.9439
