NOMBRE : MTLARP9_9_5_1.dat
VERTICES ORIGINALES : 69
VERTICES TOTALES : 866
DEPOTS : 5
65
66
67
68
69
LINEAS ORIGINALES : 53
LINE 1 6 192.468 16
	70 12.9003
	71 12.5627
	72 12.266
	73 12.0131
	74 11.807
	75 11.6499
	76 11.544
	77 11.4907
	78 11.4907
	79 11.544
	80 11.6499
	81 11.807
	82 12.0131
	83 12.266
	84 12.5627
	6 12.9003
LINE 2 3 127.816 11
	85 12.0075
	86 11.7776
	87 11.5957
	88 11.464
	89 11.3842
	90 11.3575
	91 11.3842
	92 11.464
	93 11.5957
	94 11.7776
	3 12.0075
LINE 4 5 268.274 22
	95 13.5167
	96 13.1577
	97 12.8259
	98 12.5237
	99 12.2531
	100 12.0163
	101 11.8154
	102 11.6522
	103 11.5282
	104 11.4449
	105 11.4029
	106 11.4029
	107 11.4449
	108 11.5282
	109 11.6522
	110 11.8154
	111 12.0163
	112 12.2531
	113 12.5237
	114 12.8259
	115 13.1577
	5 13.5167
LINE 4 11 157.058 14
	116 11.6906
	117 11.4765
	118 11.295
	119 11.1476
	120 11.0358
	121 10.9606
	122 10.9229
	123 10.9229
	124 10.9606
	125 11.0358
	126 11.1476
	127 11.295
	128 11.4765
	11 11.6906
LINE 6 15 220.888 20
	129 11.1991
	130 11.1506
	131 11.1073
	132 11.0692
	133 11.0365
	134 11.0092
	135 10.9873
	136 10.9708
	137 10.9598
	138 10.9543
	139 10.9543
	140 10.9598
	141 10.9708
	142 10.9873
	143 11.0092
	144 11.0365
	145 11.0692
	146 11.1073
	147 11.1506
	15 11.1991
LINE 7 16 192.38 17
	148 11.9564
	149 11.7224
	150 11.5158
	151 11.338
	152 11.1905
	153 11.0744
	154 10.9907
	155 10.9402
	156 10.9233
	157 10.9402
	158 10.9907
	159 11.0744
	160 11.1905
	161 11.338
	162 11.5158
	163 11.7224
	16 11.9564
LINE 8 17 184.422 16
	164 12.1705
	165 11.9191
	166 11.6993
	167 11.513
	168 11.3617
	169 11.2469
	170 11.1697
	171 11.1309
	172 11.1309
	173 11.1697
	174 11.2469
	175 11.3617
	176 11.513
	177 11.6993
	178 11.9191
	17 12.1705
LINE 9 17 91.4894 8
	179 11.4487
	180 11.438
	181 11.4308
	182 11.4273
	183 11.4273
	184 11.4308
	185 11.438
	17 11.4487
LINE 10 11 151.714 12
	186 14.4167
	187 13.5002
	188 12.7195
	189 12.101
	190 11.6704
	191 11.4491
	192 11.4491
	193 11.6704
	194 12.101
	195 12.7195
	196 13.5002
	11 14.4167
LINE 11 12 228.354 20
	197 11.4241
	198 11.4221
	199 11.4203
	200 11.4187
	201 11.4174
	202 11.4162
	203 11.4153
	204 11.4147
	205 11.4142
	206 11.414
	207 11.414
	208 11.4142
	209 11.4147
	210 11.4153
	211 11.4162
	212 11.4174
	213 11.4187
	214 11.4203
	215 11.4221
	12 11.4241
LINE 13 21 125.375 11
	216 12.421
	217 11.8271
	218 11.3438
	219 10.9855
	220 10.7649
	221 10.6903
	222 10.7649
	223 10.9855
	224 11.3438
	225 11.8271
	21 12.421
LINE 14 15 185.963 16
	226 12.7666
	227 12.3282
	228 11.9397
	229 11.6059
	230 11.3319
	231 11.1219
	232 10.9796
	233 10.9078
	234 10.9078
	235 10.9796
	236 11.1219
	237 11.3319
	238 11.6059
	239 11.9397
	240 12.3282
	15 12.7666
LINE 14 22 232.163 20
	241 12.619
	242 12.3124
	243 12.0334
	244 11.7838
	245 11.5655
	246 11.3805
	247 11.2302
	248 11.1162
	249 11.0396
	250 11.001
	251 11.001
	252 11.0396
	253 11.1162
	254 11.2302
	255 11.3805
	256 11.5655
	257 11.7838
	258 12.0334
	259 12.3124
	22 12.619
LINE 16 17 162.558 13
	260 14.0249
	261 13.3009
	262 12.6778
	263 12.1711
	264 11.7959
	265 11.5649
	266 11.4869
	267 11.5649
	268 11.7959
	269 12.1711
	270 12.6778
	271 13.3009
	17 14.0249
LINE 18 24 258.771 21
	272 14.1682
	273 13.6513
	274 13.1717
	275 12.7334
	276 12.3411
	277 11.999
	278 11.7118
	279 11.4834
	280 11.3174
	281 11.2167
	282 11.1829
	283 11.2167
	284 11.3174
	285 11.4834
	286 11.7118
	287 11.999
	288 12.3411
	289 12.7334
	290 13.1717
	291 13.6513
	24 14.1682
LINE 19 25 260.779 23
	292 11.6223
	293 11.5457
	294 11.4761
	295 11.4134
	296 11.3578
	297 11.3093
	298 11.2682
	299 11.2345
	300 11.2081
	301 11.1893
	302 11.178
	303 11.1742
	304 11.178
	305 11.1893
	306 11.2081
	307 11.2345
	308 11.2682
	309 11.3093
	310 11.3578
	311 11.4134
	312 11.4761
	313 11.5457
	25 11.6223
LINE 20 27 96.2732 9
	314 10.7779
	315 10.7174
	316 10.674
	317 10.6478
	318 10.6391
	319 10.6478
	320 10.674
	321 10.7174
	27 10.7779
LINE 22 30 175.493 15
	322 13.0346
	323 12.4895
	324 12.0089
	325 11.6009
	326 11.2734
	327 11.0335
	328 10.887
	329 10.8377
	330 10.887
	331 11.0335
	332 11.2734
	333 11.6009
	334 12.0089
	335 12.4895
	30 13.0346
LINE 23 30 235.634 21
	336 11.2319
	337 11.2285
	338 11.2255
	339 11.2229
	340 11.2206
	341 11.2186
	342 11.217
	343 11.2158
	344 11.2149
	345 11.2144
	346 11.2142
	347 11.2144
	348 11.2149
	349 11.2158
	350 11.217
	351 11.2186
	352 11.2206
	353 11.2229
	354 11.2255
	355 11.2285
	30 11.2319
LINE 24 31 233.222 21
	356 11.4466
	357 11.3459
	358 11.2549
	359 11.1741
	360 11.1036
	361 11.0435
	362 10.9942
	363 10.9556
	364 10.928
	365 10.9114
	366 10.9059
	367 10.9114
	368 10.928
	369 10.9556
	370 10.9942
	371 11.0435
	372 11.1036
	373 11.1741
	374 11.2549
	375 11.3459
	31 11.4466
LINE 26 27 150.336 13
	376 11.9907
	377 11.7807
	378 11.606
	379 11.4683
	380 11.3689
	381 11.3088
	382 11.2888
	383 11.3088
	384 11.3689
	385 11.4683
	386 11.606
	387 11.7807
	27 11.9907
LINE 27 34 282.641 25
	388 11.3135
	389 11.3115
	390 11.3097
	391 11.3081
	392 11.3067
	393 11.3054
	394 11.3043
	395 11.3033
	396 11.3026
	397 11.302
	398 11.3015
	399 11.3013
	400 11.3012
	401 11.3013
	402 11.3015
	403 11.302
	404 11.3026
	405 11.3033
	406 11.3043
	407 11.3054
	408 11.3067
	409 11.3081
	410 11.3097
	411 11.3115
	34 11.3135
LINE 28 35 210.886 19
	412 11.2071
	413 11.1713
	414 11.1396
	415 11.1121
	416 11.0888
	417 11.0697
	418 11.0548
	419 11.0441
	420 11.0377
	421 11.0356
	422 11.0377
	423 11.0441
	424 11.0548
	425 11.0697
	426 11.0888
	427 11.1121
	428 11.1396
	429 11.1713
	35 11.2071
LINE 29 37 129.883 12
	430 10.8795
	431 10.8491
	432 10.8247
	433 10.8063
	434 10.7941
	435 10.7879
	436 10.7879
	437 10.7941
	438 10.8063
	439 10.8247
	440 10.8491
	37 10.8795
LINE 30 37 188.321 17
	441 11.3541
	442 11.2516
	443 11.162
	444 11.0857
	445 11.0228
	446 10.9736
	447 10.9384
	448 10.9172
	449 10.9101
	450 10.9172
	451 10.9384
	452 10.9736
	453 11.0228
	454 11.0857
	455 11.162
	456 11.2516
	37 11.3541
LINE 30 38 163.101 15
	457 10.9141
	458 10.8967
	459 10.8819
	460 10.8698
	461 10.8604
	462 10.8537
	463 10.8496
	464 10.8483
	465 10.8496
	466 10.8537
	467 10.8604
	468 10.8698
	469 10.8819
	470 10.8967
	38 10.9141
LINE 32 33 185.061 15
	471 14.2752
	472 13.4978
	473 12.8031
	474 12.2054
	475 11.7195
	476 11.3596
	477 11.1382
	478 11.0634
	479 11.1382
	480 11.3596
	481 11.7195
	482 12.2054
	483 12.8031
	484 13.4978
	33 14.2752
LINE 33 34 150.403 13
	485 11.6718
	486 11.6208
	487 11.579
	488 11.5463
	489 11.5229
	490 11.5089
	491 11.5042
	492 11.5089
	493 11.5229
	494 11.5463
	495 11.579
	496 11.6208
	34 11.6718
LINE 35 43 158.791 14
	497 11.3923
	498 11.3692
	499 11.3499
	500 11.3345
	501 11.3229
	502 11.3152
	503 11.3113
	504 11.3113
	505 11.3152
	506 11.3229
	507 11.3345
	508 11.3499
	509 11.3692
	43 11.3923
LINE 35 44 163.899 14
	510 12.3697
	511 12.071
	512 11.8164
	513 11.6086
	514 11.4504
	515 11.3436
	516 11.2899
	517 11.2899
	518 11.3436
	519 11.4504
	520 11.6086
	521 11.8164
	522 12.071
	44 12.3697
LINE 36 37 150.085 12
	523 14.1305
	524 13.2884
	525 12.5741
	526 12.0106
	527 11.6198
	528 11.4193
	529 11.4193
	530 11.6198
	531 12.0106
	532 12.5741
	533 13.2884
	37 14.1305
LINE 36 45 253.488 21
	534 13.3827
	535 13.0086
	536 12.6645
	537 12.3529
	538 12.0764
	539 11.8373
	540 11.6381
	541 11.4808
	542 11.3671
	543 11.2983
	544 11.2753
	545 11.2983
	546 11.3671
	547 11.4808
	548 11.6381
	549 11.8373
	550 12.0764
	551 12.3529
	552 12.6645
	553 13.0086
	45 13.3827
LINE 37 46 226.61 19
	554 12.9118
	555 12.5957
	556 12.31
	557 12.057
	558 11.8386
	559 11.657
	560 11.5137
	561 11.4102
	562 11.3477
	563 11.3268
	564 11.3477
	565 11.4102
	566 11.5137
	567 11.657
	568 11.8386
	569 12.057
	570 12.31
	571 12.5957
	46 12.9118
LINE 38 39 190.431 16
	572 12.8221
	573 12.4663
	574 12.153
	575 11.8856
	576 11.6673
	577 11.5009
	578 11.3885
	579 11.332
	580 11.332
	581 11.3885
	582 11.5009
	583 11.6673
	584 11.8856
	585 12.153
	586 12.4663
	39 12.8221
LINE 38 47 107.423 9
	587 12.1931
	588 12.0015
	589 11.8628
	590 11.7788
	591 11.7506
	592 11.7788
	593 11.8628
	594 12.0015
	47 12.1931
LINE 38 48 197.031 18
	595 10.9542
	596 10.9513
	597 10.9489
	598 10.9467
	599 10.945
	600 10.9435
	601 10.9425
	602 10.9418
	603 10.9414
	604 10.9414
	605 10.9418
	606 10.9425
	607 10.9435
	608 10.945
	609 10.9467
	610 10.9489
	611 10.9513
	48 10.9542
LINE 40 50 228.067 19
	612 13.0155
	613 12.6909
	614 12.3975
	615 12.1375
	616 11.9131
	617 11.7262
	618 11.5788
	619 11.4724
	620 11.4081
	621 11.3865
	622 11.4081
	623 11.4724
	624 11.5788
	625 11.7262
	626 11.9131
	627 12.1375
	628 12.3975
	629 12.6909
	50 13.0155
LINE 41 50 110.511 10
	630 11.401
	631 11.1703
	632 10.9941
	633 10.8751
	634 10.8151
	635 10.8151
	636 10.8751
	637 10.9941
	638 11.1703
	50 11.401
LINE 42 51 156.919 13
	639 13.6349
	640 12.8924
	641 12.2514
	642 11.7288
	643 11.3407
	644 11.1013
	645 11.0204
	646 11.1013
	647 11.3407
	648 11.7288
	649 12.2514
	650 12.8924
	51 13.6349
LINE 43 52 245.408 22
	651 11.3562
	652 11.2992
	653 11.2476
	654 11.2016
	655 11.1612
	656 11.1264
	657 11.0973
	658 11.074
	659 11.0565
	660 11.0448
	661 11.039
	662 11.039
	663 11.0448
	664 11.0565
	665 11.074
	666 11.0973
	667 11.1264
	668 11.1612
	669 11.2016
	670 11.2476
	671 11.2992
	52 11.3562
LINE 46 47 201.931 17
	672 13.1587
	673 12.7009
	674 12.2903
	675 11.9319
	676 11.6304
	677 11.3904
	678 11.2159
	679 11.1098
	680 11.0742
	681 11.1098
	682 11.2159
	683 11.3904
	684 11.6304
	685 11.9319
	686 12.2903
	687 12.7009
	47 13.1587
LINE 48 49 207.284 17
	688 13.6255
	689 13.1155
	690 12.6569
	691 12.2554
	692 11.9169
	693 11.6468
	694 11.4499
	695 11.3302
	696 11.29
	697 11.3302
	698 11.4499
	699 11.6468
	700 11.9169
	701 12.2554
	702 12.6569
	703 13.1155
	49 13.6255
LINE 48 55 145.558 13
	704 11.6575
	705 11.431
	706 11.2422
	707 11.0932
	708 10.9855
	709 10.9203
	710 10.8985
	711 10.9203
	712 10.9855
	713 11.0932
	714 11.2422
	715 11.431
	55 11.6575
LINE 49 56 192.677 16
	716 13.8391
	717 13.165
	718 12.5585
	719 12.0297
	720 11.5893
	721 11.2477
	722 11.014
	723 10.8953
	724 10.8953
	725 11.014
	726 11.2477
	727 11.5893
	728 12.0297
	729 12.5585
	730 13.165
	56 13.8391
LINE 50 56 186.895 16
	731 12.0241
	732 11.8886
	733 11.7712
	734 11.6725
	735 11.593
	736 11.5329
	737 11.4927
	738 11.4726
	739 11.4726
	740 11.4927
	741 11.5329
	742 11.593
	743 11.6725
	744 11.7712
	745 11.8886
	56 12.0241
LINE 51 58 241.349 21
	746 11.6772
	747 11.6223
	748 11.573
	749 11.5293
	750 11.4913
	751 11.459
	752 11.4325
	753 11.4119
	754 11.3971
	755 11.3883
	756 11.3853
	757 11.3883
	758 11.3971
	759 11.4119
	760 11.4325
	761 11.459
	762 11.4913
	763 11.5293
	764 11.573
	765 11.6223
	58 11.6772
LINE 52 58 181.949 16
	766 11.9791
	767 11.7418
	768 11.5345
	769 11.3589
	770 11.2165
	771 11.1084
	772 11.0358
	773 10.9993
	774 10.9993
	775 11.0358
	776 11.1084
	777 11.2165
	778 11.3589
	779 11.5345
	780 11.7418
	58 11.9791
LINE 53 58 215.949 19
	781 11.9621
	782 11.7681
	783 11.5942
	784 11.4414
	785 11.3104
	786 11.2021
	787 11.1172
	788 11.0561
	789 11.0193
	790 11.007
	791 11.0193
	792 11.0561
	793 11.1172
	794 11.2021
	795 11.3104
	796 11.4414
	797 11.5942
	798 11.7681
	58 11.9621
LINE 54 60 185.747 16
	799 12.7313
	800 12.3009
	801 11.9197
	802 11.5924
	803 11.3238
	804 11.1181
	805 10.9788
	806 10.9085
	807 10.9085
	808 10.9788
	809 11.1181
	810 11.3238
	811 11.5924
	812 11.9197
	813 12.3009
	60 12.7313
LINE 56 63 169.401 14
	814 13.4577
	815 12.8595
	816 12.339
	817 11.9061
	818 11.5709
	819 11.3419
	820 11.2256
	821 11.2256
	822 11.3419
	823 11.5709
	824 11.9061
	825 12.339
	826 12.8595
	63 13.4577
LINE 57 64 245.253 21
	827 12.9542
	828 12.5906
	829 12.256
	830 11.9531
	831 11.6841
	832 11.4517
	833 11.2579
	834 11.1048
	835 10.9942
	836 10.9273
	837 10.9049
	838 10.9273
	839 10.9942
	840 11.1048
	841 11.2579
	842 11.4517
	843 11.6841
	844 11.9531
	845 12.256
	846 12.5906
	64 12.9542
LINE 58 59 130.624 11
	847 12.6773
	848 12.2078
	849 11.8298
	850 11.5522
	851 11.3824
	852 11.3252
	853 11.3824
	854 11.5522
	855 11.8298
	856 12.2078
	59 12.6773
LINE 61 62 122.838 11
	857 11.8319
	858 11.4417
	859 11.1289
	860 10.8999
	861 10.7601
	862 10.7131
	863 10.7601
	864 10.8999
	865 11.1289
	866 11.4417
	62 11.8319
COORDENADAS :
1	109.078	835.691
2	459.381	859.178
3	541.669	846.306
4	701.665	842.113
5	866.997	817.419
6	138.484	716.776
7	210.815	702.967
8	359.473	754.954
9	450.742	706.21
10	621.524	700.923
11	704.002	740.237
12	856.04	733.525
13	30.0181	623.997
14	119.552	627.958
15	233.725	606.054
16	321.253	647.028
17	420.612	653.236
18	565.775	656.503
19	649.392	616.373
20	764.72	604.275
21	3.24175	550.316
22	235.361	538.043
23	365.568	500.427
24	459.935	541.139
25	521.189	502.705
26	633.994	511.265
27	718.961	559.767
28	837.222	541.765
29	106.658	429.846
30	225.179	430.145
31	354.175	431.017
32	425.406	443.54
33	535.891	437.808
34	626.303	395.781
35	848.192	402.412
36	42.2548	355.796
37	133.045	347.682
38	233.423	321.976
39	353.616	334.065
40	423.637	362.269
41	542.8	307.729
42	624.838	304.582
43	750.67	361.989
44	841.479	297.317
45	21.7293	199.282
46	143.385	204.582
47	257.935	255.871
48	340.422	245.883
49	458.418	196.396
50	507.493	244.922
51	641.84	210.598
52	703.257	207.193
53	842.327	219.237
54	20.9986	121.098
55	344.91	151.536
56	555.122	132.226
57	641.417	151.241
58	761.682	105.505
59	842.753	123.538
60	16.3992	4.9263
61	258.503	0
62	328.587	35.5031
63	519.8	33.7321
64	714.43	17.163
65	609.21	133.011
66	826.993	65.0864
67	156.56	168.526
68	778.817	206.457
69	343.553	859.532
70	114.719	829.199
71	119.853	822.582
72	124.48	815.84
73	128.6	808.972
74	132.212	801.979
75	135.318	794.86
76	137.916	787.616
77	140.008	780.246
78	141.592	772.751
79	142.669	765.131
80	143.24	757.386
81	143.303	749.514
82	142.859	741.518
83	141.908	733.396
84	140.449	725.149
85	466.461	855.441
86	473.62	852.217
87	480.86	849.507
88	488.18	847.31
89	495.581	845.627
90	503.061	844.456
91	510.622	843.8
92	518.264	843.656
93	525.985	844.026
94	533.787	844.91
95	709.896	845.781
96	718.058	848.993
97	726.153	851.749
98	734.179	854.049
99	742.137	855.892
100	750.027	857.279
101	757.849	858.21
102	765.602	858.684
103	773.288	858.703
104	780.905	858.265
105	788.454	857.37
106	795.935	856.02
107	803.348	854.213
108	810.693	851.95
109	817.969	849.23
110	825.178	846.055
111	832.318	842.423
112	839.39	838.335
113	846.394	833.79
114	853.33	828.79
115	860.198	823.333
116	704.617	834.9
117	707.141	827.677
118	709.236	820.444
119	710.903	813.202
120	712.141	805.95
121	712.951	798.688
122	713.332	791.416
123	713.285	784.134
124	712.809	776.842
125	711.905	769.541
126	710.572	762.23
127	708.81	754.909
128	706.621	747.578
129	142.068	710.226
130	145.775	703.783
131	149.607	697.447
132	153.562	691.217
133	157.642	685.094
134	161.846	679.078
135	166.173	673.168
136	170.625	667.365
137	175.201	661.669
138	179.901	656.079
139	184.725	650.597
140	189.673	645.221
141	194.745	639.951
142	199.942	634.789
143	205.262	629.733
144	210.706	624.784
145	216.275	619.941
146	221.967	615.206
147	227.784	610.577
148	215.847	696.785
149	221.062	690.965
150	226.459	685.506
151	232.04	680.408
152	237.804	675.672
153	243.752	671.297
154	249.882	667.283
155	256.195	663.631
156	262.691	660.341
157	269.371	657.412
158	276.233	654.844
159	283.279	652.638
160	290.508	650.793
161	297.919	649.31
162	305.514	648.188
163	313.292	647.427
164	360.476	746.903
165	361.854	739.077
166	363.609	731.477
167	365.739	724.103
168	368.245	716.956
169	371.126	710.033
170	374.384	703.337
171	378.017	696.867
172	382.026	690.623
173	386.411	684.604
174	391.171	678.811
175	396.308	673.245
176	401.82	667.904
177	407.708	662.789
178	413.972	657.9
179	446.566	699.821
180	442.508	693.366
181	438.566	686.844
182	434.741	680.256
183	431.033	673.601
184	427.442	666.879
185	423.969	660.091
186	630.921	698.905
187	639.859	697.849
188	648.338	697.756
189	656.358	698.626
190	663.92	700.458
191	671.022	703.253
192	677.666	707.01
193	683.851	711.73
194	689.577	717.413
195	694.844	724.058
196	699.653	731.666
197	711.618	740.223
198	719.233	740.174
199	726.846	740.092
200	734.458	739.976
201	742.068	739.827
202	749.676	739.643
203	757.283	739.426
204	764.889	739.175
205	772.493	738.89
206	780.096	738.571
207	787.697	738.219
208	795.297	737.832
209	802.895	737.412
210	810.492	736.958
211	818.087	736.471
212	825.68	735.949
213	833.273	735.394
214	840.863	734.805
215	848.453	734.182
216	31.5466	615.859
217	32.2825	608.008
218	32.2259	600.446
219	31.3768	593.172
220	29.7351	586.185
221	27.3009	579.487
222	24.0742	573.077
223	20.0549	566.955
224	15.243	561.121
225	9.63866	555.574
226	127.523	630.942
227	135.383	633.345
228	143.131	635.168
229	150.768	636.411
230	158.293	637.074
231	165.707	637.156
232	173.01	636.657
233	180.202	635.579
234	187.282	633.919
235	194.25	631.68
236	201.108	628.86
237	207.854	625.46
238	214.489	621.479
239	221.012	616.918
240	227.424	611.776
241	122.812	620.202
242	126.338	612.79
243	130.13	605.72
244	134.189	598.994
245	138.514	592.611
246	143.105	586.571
247	147.963	580.875
248	153.088	575.521
249	158.478	570.511
250	164.136	565.843
251	170.059	561.519
252	176.249	557.538
253	182.706	553.9
254	189.429	550.605
255	196.418	547.654
256	203.674	545.045
257	211.196	542.78
258	218.985	540.858
259	227.04	539.279
260	328.561	652.86
261	335.926	657.799
262	343.346	661.846
263	350.821	665.001
264	358.353	667.263
265	365.94	668.633
266	373.583	669.11
267	381.282	668.695
268	389.036	667.388
269	396.847	665.189
270	404.713	662.097
271	412.634	658.113
272	565.009	647.089
273	563.815	638.066
274	562.194	629.436
275	560.145	621.198
276	557.67	613.352
277	554.766	605.898
278	551.436	598.836
279	547.678	592.167
280	543.492	585.889
281	538.88	580.003
282	533.84	574.51
283	528.372	569.408
284	522.478	564.699
285	516.155	560.382
286	509.406	556.456
287	502.229	552.923
288	494.625	549.782
289	486.593	547.033
290	478.135	544.676
291	469.248	542.711
292	645.232	609.836
293	640.943	603.445
294	636.525	597.198
295	631.979	591.097
296	627.304	585.14
297	622.501	579.328
298	617.57	573.662
299	612.51	568.14
300	607.321	562.763
301	602.004	557.531
302	596.559	552.444
303	590.985	547.502
304	585.282	542.705
305	579.451	538.053
306	573.491	533.545
307	567.403	529.183
308	561.187	524.965
309	554.842	520.893
310	548.368	516.965
311	541.766	513.183
312	535.035	509.545
313	528.176	506.052
314	760.437	598.506
315	755.954	592.942
316	751.27	587.585
317	746.386	582.434
318	741.302	577.489
319	736.017	572.749
320	730.532	568.216
321	724.846	563.889
322	229.876	531.304
323	225.077	524.499
324	220.965	517.63
325	217.54	510.696
326	214.801	503.697
327	212.749	496.633
328	211.383	489.505
329	210.705	482.312
330	210.713	475.054
331	211.407	467.731
332	212.788	460.344
333	214.856	452.891
334	217.61	445.374
335	221.052	437.792
336	358.695	497.457
337	351.84	494.448
338	345.004	491.402
339	338.187	488.319
340	331.389	485.198
341	324.61	482.039
342	317.849	478.842
343	311.108	475.608
344	304.385	472.337
345	297.681	469.028
346	290.996	465.681
347	284.329	462.297
348	277.682	458.875
349	271.053	455.415
350	264.443	451.918
351	257.852	448.383
352	251.28	444.811
353	244.727	441.201
354	238.192	437.553
355	231.676	433.868
356	453.227	537.5
357	446.686	533.701
358	440.313	529.742
359	434.106	525.622
360	428.067	521.341
361	422.195	516.9
362	416.49	512.298
363	410.953	507.536
364	405.582	502.613
365	400.379	497.53
366	395.343	492.286
367	390.474	486.881
368	385.772	481.316
369	381.237	475.591
370	376.87	469.705
371	372.669	463.658
372	368.636	457.451
373	364.77	451.083
374	361.071	444.555
375	357.54	437.866
376	641.866	512.655
377	649.515	514.436
378	656.942	516.606
379	664.146	519.167
380	671.127	522.118
381	677.885	525.459
382	684.421	529.19
383	690.735	533.311
384	696.825	537.822
385	702.693	542.723
386	708.338	548.014
387	713.761	553.696
388	714.948	553.381
389	710.962	546.98
390	707	540.564
391	703.065	534.134
392	699.154	527.69
393	695.27	521.232
394	691.41	514.758
395	687.577	508.271
396	683.768	501.769
397	679.986	495.253
398	676.228	488.722
399	672.496	482.177
400	668.79	475.618
401	665.109	469.044
402	661.454	462.456
403	657.824	455.853
404	654.22	449.236
405	650.641	442.605
406	647.088	435.959
407	643.56	429.298
408	640.058	422.624
409	636.581	415.935
410	633.129	409.231
411	629.703	402.513
412	836.501	534.328
413	835.924	526.903
414	835.492	519.489
415	835.204	512.087
416	835.06	504.695
417	835.061	497.316
418	835.205	489.947
419	835.494	482.59
420	835.927	475.244
421	836.505	467.91
422	837.226	460.587
423	838.092	453.275
424	839.102	445.975
425	840.257	438.686
426	841.555	431.409
427	842.998	424.142
428	844.585	416.888
429	846.316	409.644
430	109.754	423.287
431	112.688	416.676
432	115.458	410.013
433	118.065	403.297
434	120.509	396.528
435	122.789	389.708
436	124.907	382.834
437	126.861	375.909
438	128.652	368.931
439	130.28	361.9
440	131.744	354.817
441	218.362	426.856
442	211.719	423.372
443	205.251	419.692
444	198.958	415.818
445	192.839	411.748
446	186.896	407.483
447	181.126	403.022
448	175.532	398.367
449	170.112	393.516
450	164.867	388.47
451	159.797	383.229
452	154.902	377.792
453	150.181	372.161
454	145.635	366.334
455	141.264	360.312
456	137.067	354.095
457	224.933	422.873
458	224.801	415.61
459	224.782	408.356
460	224.877	401.11
461	225.086	393.872
462	225.408	386.644
463	225.844	379.424
464	226.394	372.213
465	227.057	365.01
466	227.834	357.816
467	228.725	350.631
468	229.729	343.454
469	230.847	336.286
470	232.078	329.127
471	432.46	437.152
472	439.558	431.621
473	446.702	426.949
474	453.889	423.135
475	461.121	420.179
476	468.398	418.081
477	475.719	416.84
478	483.085	416.458
479	490.495	416.934
480	497.95	418.268
481	505.449	420.46
482	512.993	423.51
483	520.581	427.418
484	528.214	432.184
485	543.399	435.767
486	550.816	433.527
487	558.14	431.088
488	565.371	428.451
489	572.511	425.615
490	579.558	422.581
491	586.513	419.348
492	593.375	415.916
493	600.145	412.286
494	606.823	408.458
495	613.409	404.431
496	619.902	400.205
497	840.879	400.362
498	833.619	398.183
499	826.413	395.876
500	819.26	393.439
501	812.161	390.874
502	805.115	388.18
503	798.122	385.357
504	791.183	382.405
505	784.297	379.325
506	777.465	376.115
507	770.686	372.777
508	763.961	369.31
509	757.288	365.714
510	851.085	394.69
511	853.459	387.001
512	855.315	379.345
513	856.652	371.722
514	857.47	364.132
515	857.769	356.576
516	857.549	349.052
517	856.81	341.562
518	855.552	334.105
519	853.775	326.681
520	851.48	319.29
521	848.665	311.933
522	845.332	304.608
523	49.3247	349.57
524	56.4848	344.353
525	63.7351	340.146
526	71.0755	336.947
527	78.5061	334.758
528	86.0269	333.577
529	93.6379	333.405
530	101.339	334.243
531	109.13	336.089
532	117.012	338.944
533	124.983	342.809
534	46.0423	347.718
535	49.3534	339.702
536	52.188	331.749
537	54.546	323.859
538	56.4276	316.031
539	57.8327	308.266
540	58.7612	300.563
541	59.2133	292.922
542	59.1889	285.344
543	58.688	277.829
544	57.7106	270.376
545	56.2567	262.985
546	54.3263	255.657
547	51.9194	248.391
548	49.036	241.188
549	45.6761	234.048
550	41.8397	226.97
551	37.5269	219.954
552	32.7375	213.001
553	27.4716	206.11
554	137.711	340.448
555	141.918	333.181
556	145.668	325.882
557	148.96	318.548
558	151.794	311.182
559	154.17	303.783
560	156.088	296.351
561	157.548	288.885
562	158.55	281.387
563	159.094	273.855
564	159.18	266.291
565	158.809	258.693
566	157.979	251.062
567	156.691	243.398
568	154.946	235.701
569	152.743	227.971
570	150.081	220.208
571	146.962	212.412
572	240.534	326.72
573	247.699	330.932
574	254.916	334.613
575	262.188	337.761
576	269.512	340.378
577	276.891	342.463
578	284.323	344.016
579	291.808	345.038
580	299.347	345.527
581	306.939	345.485
582	314.585	344.911
583	322.284	343.806
584	330.037	342.168
585	337.843	339.999
586	345.702	337.298
587	238.181	315.385
588	242.431	308.606
589	246.172	301.638
590	249.404	294.482
591	252.127	287.137
592	254.342	279.603
593	256.049	271.881
594	257.246	263.97
595	239.572	318.036
596	245.697	314.063
597	251.798	310.055
598	257.874	306.014
599	263.927	301.939
600	269.956	297.83
601	275.96	293.687
602	281.941	289.51
603	287.897	285.3
604	293.829	281.056
605	299.738	276.778
606	305.622	272.466
607	311.482	268.12
608	317.318	263.74
609	323.13	259.327
610	328.918	254.879
611	334.682	250.398
612	424.631	353.649
613	426.004	345.3
614	427.758	337.224
615	429.892	329.418
616	432.405	321.885
617	435.299	314.622
618	438.572	307.632
619	442.226	300.912
620	446.259	294.465
621	450.673	288.289
622	455.466	282.384
623	460.64	276.751
624	466.193	271.389
625	472.127	266.299
626	478.44	261.481
627	485.133	256.934
628	492.207	252.658
629	499.66	248.654
630	537.159	302.634
631	531.988	297.276
632	527.285	291.654
633	523.051	285.769
634	519.286	279.62
635	515.99	273.207
636	513.162	266.531
637	510.804	259.592
638	508.914	252.389
639	620.878	296.4
640	617.797	288.376
641	615.594	280.512
642	614.268	272.806
643	613.82	265.258
644	614.25	257.87
645	615.558	250.64
646	617.744	243.57
647	620.808	236.658
648	624.749	229.905
649	629.568	223.31
650	635.265	216.875
651	746.814	355.474
652	743.119	348.909
653	739.587	342.295
654	736.217	335.63
655	733.009	328.917
656	729.963	322.154
657	727.079	315.341
658	724.357	308.478
659	721.796	301.566
660	719.398	294.604
661	717.162	287.593
662	715.088	280.532
663	713.176	273.421
664	711.426	266.261
665	709.838	259.051
666	708.411	251.792
667	707.147	244.483
668	706.045	237.124
669	705.105	229.716
670	704.327	222.258
671	703.711	214.75
672	152.059	203.275
673	160.492	202.508
674	168.682	202.281
675	176.631	202.595
676	184.337	203.45
677	191.801	204.845
678	199.024	206.781
679	206.004	209.258
680	212.742	212.275
681	219.238	215.832
682	225.493	219.93
683	231.505	224.569
684	237.275	229.748
685	242.803	235.468
686	248.089	241.728
687	253.133	248.529
688	349.33	247.662
689	357.992	248.855
690	366.408	249.461
691	374.578	249.481
692	382.502	248.915
693	390.181	247.762
694	397.614	246.024
695	404.8	243.699
696	411.741	240.788
697	418.436	237.291
698	424.886	233.207
699	431.089	228.538
700	437.046	223.282
701	442.758	217.44
702	448.224	211.011
703	453.444	203.997
704	338.012	238.495
705	336.061	231.128
706	334.569	223.783
707	333.537	216.46
708	332.964	209.159
709	332.85	201.88
710	333.195	194.622
711	334	187.387
712	335.263	180.173
713	336.986	172.981
714	339.168	165.811
715	341.81	158.662
716	467.614	197.136
717	476.39	197.243
718	484.746	196.716
719	492.681	195.555
720	500.197	193.762
721	507.291	191.335
722	513.966	188.274
723	520.22	184.58
724	526.054	180.253
725	531.467	175.292
726	536.46	169.698
727	541.033	163.47
728	545.186	156.609
729	548.918	149.115
730	552.23	140.987
731	508.254	236.942
732	509.311	229.087
733	510.663	221.357
734	512.311	213.752
735	514.254	206.271
736	516.492	198.916
737	519.026	191.685
738	521.855	184.579
739	524.979	177.598
740	528.399	170.742
741	532.115	164.01
742	536.125	157.404
743	540.431	150.922
744	545.033	144.565
745	549.93	138.333
746	646.407	204.293
747	651.087	198.118
748	655.881	192.074
749	660.79	186.159
750	665.812	180.374
751	670.949	174.719
752	676.2	169.195
753	681.564	163.8
754	687.043	158.536
755	692.636	153.401
756	698.342	148.397
757	704.163	143.522
758	710.098	138.778
759	716.147	134.164
760	722.31	129.68
761	728.587	125.325
762	734.978	121.101
763	741.483	117.007
764	748.102	113.043
765	754.835	109.209
766	704.159	199.258
767	705.429	191.534
768	707.064	184.02
769	709.067	176.717
770	711.435	169.624
771	714.171	162.742
772	717.273	156.071
773	720.741	149.61
774	724.576	143.36
775	728.777	137.32
776	733.345	131.491
777	738.279	125.873
778	743.58	120.465
779	749.248	115.268
780	755.282	110.281
781	840.63	211.445
782	838.65	203.854
783	836.386	196.463
784	833.84	189.273
785	831.01	182.284
786	827.898	175.495
787	824.503	168.908
788	820.824	162.52
789	816.863	156.334
790	812.618	150.348
791	808.091	144.563
792	803.28	138.978
793	798.187	133.594
794	792.81	128.411
795	787.151	123.428
796	781.208	118.647
797	774.982	114.066
798	768.474	109.685
799	16.3286	114.011
800	12.2429	106.9
801	8.74159	99.767
802	5.82459	92.6104
803	3.49193	85.4306
804	1.74361	78.2277
805	0.579636	71.0017
806	0	63.7525
807	0.00470531	56.4802
808	0.593752	49.1848
809	1.76714	41.8662
810	3.52487	34.5245
811	5.86694	27.1596
812	8.79335	19.7717
813	12.3041	12.3605
814	547.927	126.866
815	541.451	121.248
816	535.694	115.373
817	530.655	109.24
818	526.335	102.849
819	522.734	96.2004
820	519.852	89.2939
821	517.688	82.1298
822	516.243	74.7079
823	515.517	67.0282
824	515.51	59.0908
825	516.221	50.8957
826	517.651	42.4428
827	640.8	142.627
828	640.592	134.236
829	640.794	126.068
830	641.405	118.123
831	642.425	110.4
832	643.855	102.901
833	645.694	95.6244
834	647.943	88.571
835	650.601	81.7404
836	653.668	75.1328
837	657.145	68.7481
838	661.031	62.5864
839	665.327	56.6476
840	670.031	50.9317
841	675.146	45.4388
842	680.67	40.1688
843	686.603	35.1218
844	692.945	30.2977
845	699.697	25.6965
846	706.859	21.3183
847	769.877	103.437
848	777.907	102.111
849	785.771	101.526
850	793.471	101.682
851	801.006	102.58
852	808.376	104.219
853	815.581	106.6
854	822.622	109.722
855	829.497	113.586
856	836.207	118.191
857	263.362	6.21431
858	268.522	11.8313
859	273.986	16.8509
860	279.752	21.2731
861	285.82	25.098
862	292.192	28.3256
863	298.865	30.9558
864	305.842	32.9886
865	313.121	34.4241
866	320.703	35.2623
