NOMBRE : MTLARP5_5_3_2.dat
VERTICES ORIGINALES : 25
VERTICES TOTALES : 340
DEPOTS : 3
23
24
25
LINEAS ORIGINALES : 21
LINE 1 6 171.01 15
	26 11.9584
	27 11.7244
	28 11.5226
	29 11.3549
	30 11.2227
	31 11.1273
	32 11.0696
	33 11.0504
	34 11.0696
	35 11.1273
	36 11.2227
	37 11.3549
	38 11.5226
	39 11.7244
	6 11.9584
LINE 1 7 266.237 24
	40 11.633
	41 11.4955
	42 11.3691
	43 11.254
	44 11.1508
	45 11.0597
	46 10.981
	47 10.915
	48 10.8619
	49 10.8219
	50 10.7951
	51 10.7817
	52 10.7817
	53 10.7951
	54 10.8219
	55 10.8619
	56 10.915
	57 10.981
	58 11.0597
	59 11.1508
	60 11.254
	61 11.3691
	62 11.4955
	7 11.633
LINE 2 3 142.075 13
	63 11.5979
	64 11.2716
	65 10.9974
	66 10.7793
	67 10.6207
	68 10.5245
	69 10.4922
	70 10.5245
	71 10.6207
	72 10.7793
	73 10.9974
	74 11.2716
	3 11.5979
LINE 2 7 180.659 17
	75 10.7218
	76 10.6864
	77 10.6556
	78 10.6295
	79 10.608
	80 10.5913
	81 10.5794
	82 10.5722
	83 10.5698
	84 10.5722
	85 10.5794
	86 10.5913
	87 10.608
	88 10.6295
	89 10.6556
	90 10.6864
	7 10.7218
LINE 4 8 228.804 21
	91 10.9053
	92 10.9023
	93 10.8997
	94 10.8974
	95 10.8953
	96 10.8936
	97 10.8922
	98 10.8911
	99 10.8903
	100 10.8899
	101 10.8897
	102 10.8899
	103 10.8903
	104 10.8911
	105 10.8922
	106 10.8936
	107 10.8953
	108 10.8974
	109 10.8997
	110 10.9023
	8 10.9053
LINE 4 9 216.554 20
	111 10.8644
	112 10.8528
	113 10.8425
	114 10.8335
	115 10.8258
	116 10.8193
	117 10.8141
	118 10.8103
	119 10.8077
	120 10.8064
	121 10.8064
	122 10.8077
	123 10.8103
	124 10.8141
	125 10.8193
	126 10.8258
	127 10.8335
	128 10.8425
	129 10.8528
	9 10.8644
LINE 5 10 166.331 15
	130 11.094
	131 11.0917
	132 11.0898
	133 11.0883
	134 11.087
	135 11.0862
	136 11.0857
	137 11.0855
	138 11.0857
	139 11.0862
	140 11.087
	141 11.0883
	142 11.0898
	143 11.0917
	10 11.094
LINE 6 7 123.921 11
	144 11.7188
	145 11.4509
	146 11.2381
	147 11.0836
	148 10.9899
	149 10.9585
	150 10.9899
	151 11.0836
	152 11.2381
	153 11.4509
	7 11.7188
LINE 7 11 114.717 10
	154 11.6939
	155 11.5468
	156 11.4352
	157 11.3602
	158 11.3225
	159 11.3225
	160 11.3602
	161 11.4352
	162 11.5468
	11 11.6939
LINE 8 12 165.684 15
	163 11.4857
	164 11.3003
	165 11.141
	166 11.009
	167 10.9052
	168 10.8304
	169 10.7853
	170 10.7702
	171 10.7853
	172 10.8304
	173 10.9052
	174 11.009
	175 11.141
	176 11.3003
	12 11.4857
LINE 9 13 135.485 12
	177 11.9068
	178 11.5776
	179 11.3075
	180 11.1005
	181 10.9604
	182 10.8896
	183 10.8896
	184 10.9604
	185 11.1005
	186 11.3075
	187 11.5776
	13 11.9068
LINE 10 14 156.386 14
	188 11.3431
	189 11.2639
	190 11.1975
	191 11.1441
	192 11.1039
	193 11.077
	194 11.0635
	195 11.0635
	196 11.077
	197 11.1039
	198 11.1441
	199 11.1975
	200 11.2639
	14 11.3431
LINE 11 12 118.165 11
	201 11.3067
	202 10.9746
	203 10.7092
	204 10.5155
	205 10.3975
	206 10.3579
	207 10.3975
	208 10.5155
	209 10.7092
	210 10.9746
	12 11.3067
LINE 13 18 164.97 15
	211 11.3757
	212 11.2162
	213 11.0795
	214 10.9663
	215 10.8775
	216 10.8136
	217 10.7751
	218 10.7623
	219 10.7751
	220 10.8136
	221 10.8775
	222 10.9663
	223 11.0795
	224 11.2162
	18 11.3757
LINE 14 15 159.936 15
	225 10.7118
	226 10.6907
	227 10.6728
	228 10.6581
	229 10.6467
	230 10.6385
	231 10.6336
	232 10.6319
	233 10.6336
	234 10.6385
	235 10.6467
	236 10.6581
	237 10.6728
	238 10.6907
	15 10.7118
LINE 14 19 164.516 14
	239 12.6024
	240 12.2212
	241 11.8942
	242 11.6261
	243 11.4208
	244 11.2819
	245 11.2117
	246 11.2117
	247 11.2819
	248 11.4208
	249 11.6261
	250 11.8942
	251 12.2212
	19 12.6024
LINE 16 17 229.619 21
	252 11.0511
	253 11.0162
	254 10.9849
	255 10.9572
	256 10.9332
	257 10.9127
	258 10.896
	259 10.883
	260 10.8737
	261 10.8681
	262 10.8662
	263 10.8681
	264 10.8737
	265 10.883
	266 10.896
	267 10.9127
	268 10.9332
	269 10.9572
	270 10.9849
	271 11.0162
	17 11.0511
LINE 16 21 190.545 17
	272 11.8591
	273 11.6214
	274 11.4114
	275 11.2306
	276 11.0805
	277 10.9623
	278 10.8772
	279 10.8257
	280 10.8085
	281 10.8257
	282 10.8772
	283 10.9623
	284 11.0805
	285 11.2306
	286 11.4114
	287 11.6214
	21 11.8591
LINE 17 22 249.689 23
	288 11.1799
	289 11.0928
	290 11.0135
	291 10.942
	292 10.8786
	293 10.8233
	294 10.7763
	295 10.7376
	296 10.7075
	297 10.6859
	298 10.673
	299 10.6686
	300 10.673
	301 10.6859
	302 10.7075
	303 10.7376
	304 10.7763
	305 10.8233
	306 10.8786
	307 10.942
	308 11.0135
	309 11.0928
	22 11.1799
LINE 19 20 261.294 23
	310 12.1397
	311 11.9341
	312 11.745
	313 11.5732
	314 11.4195
	315 11.2845
	316 11.1691
	317 11.0737
	318 10.999
	319 10.9453
	320 10.9129
	321 10.9021
	322 10.9129
	323 10.9453
	324 10.999
	325 11.0737
	326 11.1691
	327 11.2845
	328 11.4195
	329 11.5732
	330 11.745
	331 11.9341
	20 12.1397
LINE 20 21 107.907 10
	332 10.8883
	333 10.8235
	334 10.7746
	335 10.7419
	336 10.7255
	337 10.7255
	338 10.7419
	339 10.7746
	340 10.8235
	21 10.8883
COORDENADAS :
1	121.87	436.366
2	250.022	424.014
3	340.377	434.249
4	452.163	452.237
5	65.7474	336.135
6	158.196	332.004
7	233.991	305.3
8	359.386	331.26
9	471.088	309.402
10	20.9578	234.732
11	256.628	233.324
12	332.323	227.013
13	413.359	244.253
14	50.5754	135.828
15	156.111	148.718
16	218.17	132.724
17	368.473	156.21
18	450.761	143.339
19	10.757	39.1455
20	176.089	14.452
21	247.576	13.809
22	319.907	0
23	0	273.67
24	132.298	275.807
25	296.67	77.711
26	127.17	430.41
27	132.058	424.312
28	136.536	418.07
29	140.602	411.685
30	144.257	405.156
31	147.501	398.485
32	150.334	391.671
33	152.756	384.713
34	154.766	377.613
35	156.366	370.369
36	157.554	362.982
37	158.331	355.452
38	158.697	347.779
39	158.652	339.963
40	124.327	429.01
41	126.976	421.819
42	129.818	414.793
43	132.852	407.931
44	136.08	401.234
45	139.499	394.702
46	143.112	388.335
47	146.917	382.132
48	150.914	376.094
49	155.104	370.221
50	159.487	364.513
51	164.063	358.97
52	168.831	353.591
53	173.791	348.377
54	178.945	343.328
55	184.29	338.444
56	189.829	333.724
57	195.56	329.169
58	201.484	324.779
59	207.6	320.554
60	213.909	316.493
61	220.41	312.597
62	227.105	308.866
63	257.343	421.528
64	264.603	419.587
65	271.8	418.191
66	278.936	417.342
67	286.01	417.038
68	293.022	417.279
69	299.973	418.067
70	306.861	419.4
71	313.688	421.278
72	320.453	423.703
73	327.156	426.672
74	333.797	430.188
75	247.891	417.191
76	245.908	410.349
77	244.073	403.486
78	242.387	396.603
79	240.85	389.7
80	239.461	382.777
81	238.221	375.834
82	237.13	368.871
83	236.187	361.888
84	235.392	354.885
85	234.746	347.861
86	234.249	340.818
87	233.9	333.754
88	233.7	326.671
89	233.649	319.567
90	233.746	312.444
91	447.437	446.712
92	442.741	441.164
93	438.077	435.593
94	433.443	429.997
95	428.84	424.378
96	424.268	418.736
97	419.727	413.07
98	415.216	407.38
99	410.737	401.666
100	406.288	395.929
101	401.87	390.168
102	397.483	384.384
103	393.126	378.576
104	388.801	372.744
105	384.506	366.889
106	380.242	361.01
107	376.009	355.107
108	371.807	349.181
109	367.636	343.231
110	363.495	337.258
111	452.367	444.997
112	452.65	437.767
113	453.01	430.548
114	453.449	423.339
115	453.966	416.14
116	454.561	408.952
117	455.234	401.774
118	455.985	394.606
119	456.814	387.449
120	457.721	380.302
121	458.707	373.165
122	459.77	366.039
123	460.912	358.923
124	462.131	351.818
125	463.429	344.723
126	464.804	337.638
127	466.258	330.563
128	467.79	323.499
129	469.4	316.445
130	63.026	329.258
131	60.2669	322.398
132	57.4699	315.554
133	54.6352	308.727
134	51.7626	301.917
135	48.8522	295.123
136	45.9041	288.346
137	42.9181	281.586
138	39.8943	274.842
139	36.8328	268.116
140	33.7334	261.405
141	30.5962	254.712
142	27.4212	248.035
143	24.2084	241.375
144	164.166	326.965
145	170.321	322.449
146	176.659	318.455
147	183.182	314.983
148	189.889	312.033
149	196.779	309.605
150	203.854	307.7
151	211.112	306.317
152	218.555	305.456
153	226.181	305.117
154	238.126	298.691
155	241.845	291.951
156	245.148	285.08
157	248.036	278.079
158	250.507	270.947
159	252.563	263.684
160	254.203	256.29
161	255.427	248.765
162	256.235	241.11
163	355.006	324.979
164	350.995	318.602
165	347.352	312.13
166	344.076	305.562
167	341.168	298.899
168	338.629	292.14
169	336.456	285.286
170	334.652	278.336
171	333.216	271.291
172	332.148	264.15
173	331.447	256.914
174	331.114	249.582
175	331.149	242.154
176	331.552	234.632
177	463.865	306.111
178	457.08	302.431
179	450.734	298.362
180	444.826	293.905
181	439.358	289.059
182	434.328	283.824
183	429.736	278.201
184	425.583	272.189
185	421.869	265.788
186	418.594	258.999
187	415.757	251.82
188	21.4702	227.187
189	22.2292	219.716
190	23.2349	212.32
191	24.4872	204.996
192	25.9861	197.747
193	27.7317	190.572
194	29.7239	183.47
195	31.9628	176.443
196	34.4483	169.489
197	37.1805	162.609
198	40.1592	155.803
199	43.3847	149.071
200	46.8567	142.412
201	263.258	229.738
202	269.938	226.755
203	276.669	224.374
204	283.45	222.595
205	290.281	221.419
206	297.163	220.846
207	304.094	220.874
208	311.076	221.505
209	318.108	222.739
210	325.19	224.575
211	418.156	238.38
212	422.624	232.384
213	426.763	226.266
214	430.573	220.026
215	434.054	213.665
216	437.205	207.181
217	440.028	200.575
218	442.521	193.848
219	444.686	186.998
220	446.521	180.026
221	448.027	172.933
222	449.204	165.717
223	450.052	158.38
224	450.571	150.92
225	57.5056	137.551
226	64.4508	139.151
227	71.411	140.628
228	78.3864	141.981
229	85.3769	143.211
230	92.3824	144.317
231	99.403	145.3
232	106.439	146.159
233	113.489	146.895
234	120.555	147.508
235	127.636	147.997
236	134.732	148.362
237	141.843	148.604
238	148.969	148.723
239	51.2892	127.457
240	51.4556	119.311
241	51.0746	111.391
242	50.1462	103.696
243	48.6704	96.2261
244	46.6473	88.9821
245	44.0768	81.9635
246	40.959	75.1703
247	37.2938	68.6026
248	33.0812	62.2603
249	28.3212	56.1435
250	23.0138	50.252
251	17.1591	44.586
252	225.12	135.168
253	232.091	137.48
254	239.082	139.659
255	246.095	141.705
256	253.128	143.619
257	260.181	145.401
258	267.256	147.049
259	274.351	148.566
260	281.467	149.949
261	288.603	151.2
262	295.761	152.319
263	302.939	153.304
264	310.138	154.158
265	317.357	154.878
266	324.597	155.466
267	331.858	155.922
268	339.14	156.245
269	346.442	156.435
270	353.765	156.493
271	361.109	156.418
272	216.742	124.948
273	215.708	117.269
274	215.069	109.689
275	214.825	102.206
276	214.976	94.8202
277	215.521	87.5324
278	216.462	80.3421
279	217.797	73.2495
280	219.526	66.2546
281	221.651	59.3572
282	224.17	52.5574
283	227.084	45.8553
284	230.393	39.2508
285	234.097	32.7439
286	238.195	26.3347
287	242.688	20.023
288	368.489	148.757
289	368.312	141.364
290	367.941	134.031
291	367.377	126.758
292	366.619	119.545
293	365.668	112.393
294	364.523	105.3
295	363.186	98.2682
296	361.654	91.296
297	359.929	84.384
298	358.011	77.5321
299	355.9	70.7404
300	353.595	64.0088
301	351.096	57.3373
302	348.404	50.726
303	345.519	44.1747
304	342.44	37.6837
305	339.168	31.2527
306	335.703	24.8819
307	332.044	18.5712
308	328.192	12.3207
309	324.146	6.13028
310	18.4713	41.5928
311	26.1377	43.7201
312	33.7563	45.5273
313	41.3271	47.0144
314	48.8501	48.1814
315	56.3253	49.0283
316	63.7527	49.5552
317	71.1323	49.7619
318	78.4641	49.6485
319	85.7481	49.2151
320	92.9842	48.4615
321	100.173	47.3879
322	107.313	45.9942
323	114.406	44.2804
324	121.451	42.2465
325	128.448	39.8925
326	135.397	37.2184
327	142.299	34.2243
328	149.152	30.91
329	155.958	27.2756
330	162.716	23.3212
331	169.427	19.0467
332	183.249	15.6458
333	190.407	16.5601
334	197.562	17.1947
335	204.714	17.5498
336	211.864	17.6253
337	219.012	17.4212
338	226.156	16.9375
339	233.299	16.1742
340	240.439	15.1314
