NOMBRE : MTLARP8_10_4_2.dat
VERTICES ORIGINALES : 73
VERTICES TOTALES : 1244
DEPOTS : 4
70
71
72
73
LINEAS ORIGINALES : 78
LINE 1 9 154.245 14
	74 11.113
	75 11.0691
	76 11.0323
	77 11.0029
	78 10.9807
	79 10.9659
	80 10.9585
	81 10.9585
	82 10.9659
	83 10.9807
	84 11.0029
	85 11.0323
	86 11.0691
	9 11.113
LINE 1 10 255.061 23
	87 11.3356
	88 11.2693
	89 11.2089
	90 11.1546
	91 11.1064
	92 11.0645
	93 11.0289
	94 10.9998
	95 10.977
	96 10.9607
	97 10.9509
	98 10.9477
	99 10.9509
	100 10.9607
	101 10.977
	102 10.9998
	103 11.0289
	104 11.0645
	105 11.1064
	106 11.1546
	107 11.2089
	108 11.2693
	10 11.3356
LINE 2 10 118.626 10
	109 12.6561
	110 12.1393
	111 11.7369
	112 11.4607
	113 11.3201
	114 11.3201
	115 11.4607
	116 11.7369
	117 12.1393
	10 12.6561
LINE 3 4 173.865 16
	118 10.9457
	119 10.9142
	120 10.887
	121 10.8644
	122 10.8462
	123 10.8326
	124 10.8235
	125 10.8189
	126 10.8189
	127 10.8235
	128 10.8326
	129 10.8462
	130 10.8644
	131 10.887
	132 10.9142
	4 10.9457
LINE 3 12 262.808 23
	133 12.2137
	134 12.006
	135 11.8149
	136 11.6413
	137 11.486
	138 11.3496
	139 11.2329
	140 11.1365
	141 11.061
	142 11.0067
	143 10.974
	144 10.9631
	145 10.974
	146 11.0067
	147 11.061
	148 11.1365
	149 11.2329
	150 11.3496
	151 11.486
	152 11.6413
	153 11.8149
	154 12.006
	12 12.2137
LINE 5 13 194.403 18
	155 10.8097
	156 10.8063
	157 10.8034
	158 10.8009
	159 10.7987
	160 10.797
	161 10.7958
	162 10.7949
	163 10.7945
	164 10.7945
	165 10.7949
	166 10.7958
	167 10.797
	168 10.7987
	169 10.8009
	170 10.8034
	171 10.8063
	13 10.8097
LINE 5 14 169.307 15
	172 11.9005
	173 11.6437
	174 11.4219
	175 11.2372
	176 11.0914
	177 10.9861
	178 10.9224
	179 10.9011
	180 10.9224
	181 10.9861
	182 11.0914
	183 11.2372
	184 11.4219
	185 11.6437
	14 11.9005
LINE 6 7 146.091 13
	186 12.0686
	187 11.6654
	188 11.3249
	189 11.0527
	190 10.8542
	191 10.7333
	192 10.6927
	193 10.7333
	194 10.8542
	195 11.0527
	196 11.3249
	197 11.6654
	7 12.0686
LINE 7 8 158.719 14
	198 12.0801
	199 11.7465
	200 11.461
	201 11.2274
	202 11.0489
	203 10.9283
	204 10.8675
	205 10.8675
	206 10.9283
	207 11.0489
	208 11.2274
	209 11.461
	210 11.7465
	8 12.0801
LINE 7 16 205.634 18
	211 11.9747
	212 11.7846
	213 11.6157
	214 11.469
	215 11.3453
	216 11.2453
	217 11.1697
	218 11.1191
	219 11.0936
	220 11.0936
	221 11.1191
	222 11.1697
	223 11.2453
	224 11.3453
	225 11.469
	226 11.6157
	227 11.7846
	16 11.9747
LINE 8 16 180.668 16
	228 11.9252
	229 11.678
	230 11.4619
	231 11.2786
	232 11.1298
	233 11.0169
	234 10.9409
	235 10.9028
	236 10.9028
	237 10.9409
	238 11.0169
	239 11.1298
	240 11.2786
	241 11.4619
	242 11.678
	16 11.9252
LINE 9 10 124.216 11
	243 11.8366
	244 11.5158
	245 11.2601
	246 11.0738
	247 10.9605
	248 10.9225
	249 10.9605
	250 11.0738
	251 11.2601
	252 11.5158
	10 11.8366
LINE 9 18 254.184 23
	253 11.0814
	254 11.0732
	255 11.0659
	256 11.0593
	257 11.0534
	258 11.0484
	259 11.0441
	260 11.0406
	261 11.0379
	262 11.0359
	263 11.0348
	264 11.0344
	265 11.0348
	266 11.0359
	267 11.0379
	268 11.0406
	269 11.0441
	270 11.0484
	271 11.0534
	272 11.0593
	273 11.0659
	274 11.0732
	18 11.0814
LINE 10 11 108.262 10
	275 11.0258
	276 10.8936
	277 10.7934
	278 10.7261
	279 10.6922
	280 10.6922
	281 10.7261
	282 10.7934
	283 10.8936
	11 11.0258
LINE 10 19 196.663 18
	284 11.0671
	285 11.0175
	286 10.9739
	287 10.9364
	288 10.9051
	289 10.88
	290 10.8611
	291 10.8485
	292 10.8422
	293 10.8422
	294 10.8485
	295 10.8611
	296 10.88
	297 10.9051
	298 10.9364
	299 10.9739
	300 11.0175
	19 11.0671
LINE 10 20 241.266 22
	301 11.3895
	302 11.2709
	303 11.1631
	304 11.0664
	305 10.9811
	306 10.9074
	307 10.8457
	308 10.796
	309 10.7586
	310 10.7336
	311 10.7211
	312 10.7211
	313 10.7336
	314 10.7586
	315 10.796
	316 10.8457
	317 10.9074
	318 10.9811
	319 11.0664
	320 11.1631
	321 11.2709
	20 11.3895
LINE 11 12 238.099 21
	322 12.355
	323 12.0625
	324 11.7946
	325 11.5531
	326 11.3396
	327 11.1558
	328 11.0031
	329 10.8828
	330 10.7961
	331 10.7438
	332 10.7263
	333 10.7438
	334 10.7961
	335 10.8828
	336 11.0031
	337 11.1558
	338 11.3396
	339 11.5531
	340 11.7946
	341 12.0625
	12 12.355
LINE 12 13 94.9287 9
	342 10.8544
	343 10.6265
	344 10.4606
	345 10.3599
	346 10.326
	347 10.3599
	348 10.4606
	349 10.6265
	13 10.8544
LINE 12 21 128.131 12
	350 10.7301
	351 10.7015
	352 10.6786
	353 10.6614
	354 10.6499
	355 10.6441
	356 10.6441
	357 10.6499
	358 10.6614
	359 10.6786
	360 10.7015
	21 10.7301
LINE 13 14 217.309 20
	361 10.8968
	362 10.8869
	363 10.8781
	364 10.8704
	365 10.8638
	366 10.8583
	367 10.8539
	368 10.8506
	369 10.8484
	370 10.8473
	371 10.8473
	372 10.8484
	373 10.8506
	374 10.8539
	375 10.8583
	376 10.8638
	377 10.8704
	378 10.8781
	379 10.8869
	14 10.8968
LINE 14 15 119.142 10
	380 12.7401
	381 12.2027
	382 11.7836
	383 11.4956
	384 11.349
	385 11.349
	386 11.4956
	387 11.7836
	388 12.2027
	15 12.7401
LINE 16 17 202.835 19
	389 10.7401
	390 10.7186
	391 10.6997
	392 10.6832
	393 10.6692
	394 10.6578
	395 10.6489
	396 10.6425
	397 10.6387
	398 10.6374
	399 10.6387
	400 10.6425
	401 10.6489
	402 10.6578
	403 10.6692
	404 10.6832
	405 10.6997
	406 10.7186
	17 10.7401
LINE 16 25 230.993 21
	407 11.6157
	408 11.4358
	409 11.2723
	410 11.126
	411 10.9977
	412 10.888
	413 10.7974
	414 10.7263
	415 10.6753
	416 10.6446
	417 10.6343
	418 10.6446
	419 10.6753
	420 10.7263
	421 10.7974
	422 10.888
	423 10.9977
	424 11.126
	425 11.2723
	426 11.4358
	25 11.6157
LINE 19 20 237.662 21
	427 12.2246
	428 11.9624
	429 11.7229
	430 11.5075
	431 11.3174
	432 11.1541
	433 11.0186
	434 10.9121
	435 10.8354
	436 10.7891
	437 10.7736
	438 10.7891
	439 10.8354
	440 10.9121
	441 11.0186
	442 11.1541
	443 11.3174
	444 11.5075
	445 11.7229
	446 11.9624
	20 12.2246
LINE 19 28 125.149 11
	447 11.6573
	448 11.4908
	449 11.3595
	450 11.2648
	451 11.2076
	452 11.1885
	453 11.2076
	454 11.2648
	455 11.3595
	456 11.4908
	28 11.6573
LINE 20 21 63.5124 6
	457 11.2685
	458 10.4586
	459 10.0291
	460 10.0291
	461 10.4586
	21 11.2685
LINE 20 29 203.203 19
	462 10.7185
	463 10.7106
	464 10.7037
	465 10.6977
	466 10.6926
	467 10.6884
	468 10.6852
	469 10.6829
	470 10.6815
	471 10.681
	472 10.6815
	473 10.6829
	474 10.6852
	475 10.6884
	476 10.6926
	477 10.6977
	478 10.7037
	479 10.7106
	29 10.7185
LINE 21 22 217.371 20
	480 10.8757
	481 10.8734
	482 10.8714
	483 10.8697
	484 10.8682
	485 10.8669
	486 10.8659
	487 10.8652
	488 10.8647
	489 10.8644
	490 10.8644
	491 10.8647
	492 10.8652
	493 10.8659
	494 10.8669
	495 10.8682
	496 10.8697
	497 10.8714
	498 10.8734
	22 10.8757
LINE 21 29 256.066 23
	499 11.4126
	500 11.3374
	501 11.2689
	502 11.2072
	503 11.1525
	504 11.1049
	505 11.0645
	506 11.0312
	507 11.0054
	508 10.9868
	509 10.9757
	510 10.972
	511 10.9757
	512 10.9868
	513 11.0054
	514 11.0312
	515 11.0645
	516 11.1049
	517 11.1525
	518 11.2072
	519 11.2689
	520 11.3374
	29 11.4126
LINE 22 23 87.6349 8
	521 10.9671
	522 10.9562
	523 10.9489
	524 10.9452
	525 10.9452
	526 10.9489
	527 10.9562
	23 10.9671
LINE 22 30 218.402 19
	528 12.3334
	529 12.0631
	530 11.8195
	531 11.6042
	532 11.4188
	533 11.2649
	534 11.1438
	535 11.0564
	536 11.0036
	537 10.986
	538 11.0036
	539 11.0564
	540 11.1438
	541 11.2649
	542 11.4188
	543 11.6042
	544 11.8195
	545 12.0631
	30 12.3334
LINE 23 24 200.26 18
	546 11.7149
	547 11.5118
	548 11.3312
	549 11.1741
	550 11.0414
	551 10.9341
	552 10.8529
	553 10.7985
	554 10.7711
	555 10.7711
	556 10.7985
	557 10.8529
	558 10.9341
	559 11.0414
	560 11.1741
	561 11.3312
	562 11.5118
	24 11.7149
LINE 25 31 202.076 19
	563 10.636
	564 10.6359
	565 10.6357
	566 10.6356
	567 10.6356
	568 10.6355
	569 10.6354
	570 10.6354
	571 10.6354
	572 10.6354
	573 10.6354
	574 10.6354
	575 10.6354
	576 10.6355
	577 10.6356
	578 10.6356
	579 10.6357
	580 10.6359
	31 10.636
LINE 26 34 99.2588 9
	581 11.2475
	582 11.0845
	583 10.9666
	584 10.8952
	585 10.8713
	586 10.8952
	587 10.9666
	588 11.0845
	34 11.2475
LINE 27 35 133.976 12
	589 11.4117
	590 11.2781
	591 11.1701
	592 11.0884
	593 11.0336
	594 11.0061
	595 11.0061
	596 11.0336
	597 11.0884
	598 11.1701
	599 11.2781
	35 11.4117
LINE 28 29 72.9518 7
	600 10.7028
	601 10.4235
	602 10.2523
	603 10.1946
	604 10.2523
	605 10.4235
	29 10.7028
LINE 28 35 189.251 17
	606 11.1457
	607 11.1407
	608 11.1364
	609 11.1328
	610 11.1298
	611 11.1275
	612 11.1258
	613 11.1248
	614 11.1245
	615 11.1248
	616 11.1258
	617 11.1275
	618 11.1298
	619 11.1328
	620 11.1364
	621 11.1407
	35 11.1457
LINE 28 36 138.195 13
	622 10.6327
	623 10.6315
	624 10.6306
	625 10.6299
	626 10.6294
	627 10.629
	628 10.6289
	629 10.629
	630 10.6294
	631 10.6299
	632 10.6306
	633 10.6315
	36 10.6327
LINE 29 36 158.486 14
	634 11.5072
	635 11.4216
	636 11.3498
	637 11.292
	638 11.2485
	639 11.2194
	640 11.2048
	641 11.2048
	642 11.2194
	643 11.2485
	644 11.292
	645 11.3498
	646 11.4216
	36 11.5072
LINE 29 37 135.591 12
	647 11.5534
	648 11.416
	649 11.3049
	650 11.2208
	651 11.1644
	652 11.1361
	653 11.1361
	654 11.1644
	655 11.2208
	656 11.3049
	657 11.416
	37 11.5534
LINE 29 38 207.464 18
	658 12.2483
	659 12.0004
	660 11.7793
	661 11.5864
	662 11.4232
	663 11.2909
	664 11.1907
	665 11.1233
	666 11.0895
	667 11.0895
	668 11.1233
	669 11.1907
	670 11.2909
	671 11.4232
	672 11.5864
	673 11.7793
	674 12.0004
	38 12.2483
LINE 32 33 240.876 22
	675 11.3694
	676 11.2515
	677 11.1443
	678 11.0481
	679 10.9632
	680 10.89
	681 10.8285
	682 10.7792
	683 10.742
	684 10.7171
	685 10.7046
	686 10.7046
	687 10.7171
	688 10.742
	689 10.7792
	690 10.8285
	691 10.89
	692 10.9632
	693 11.0481
	694 11.1443
	695 11.2515
	33 11.3694
LINE 35 36 113.971 10
	696 11.4415
	697 11.4119
	698 11.3897
	699 11.3749
	700 11.3675
	701 11.3675
	702 11.3749
	703 11.3897
	704 11.4119
	36 11.4415
LINE 35 43 175.49 15
	705 12.5112
	706 12.1734
	707 11.8802
	708 11.6347
	709 11.4402
	710 11.2992
	711 11.2137
	712 11.1851
	713 11.2137
	714 11.2992
	715 11.4402
	716 11.6347
	717 11.8802
	718 12.1734
	43 12.5112
LINE 35 44 183.876 16
	719 12.487
	720 12.1039
	721 11.7655
	722 11.4759
	723 11.2389
	724 11.0578
	725 10.9354
	726 10.8737
	727 10.8737
	728 10.9354
	729 11.0578
	730 11.2389
	731 11.4759
	732 11.7655
	733 12.1039
	44 12.487
LINE 36 37 185.073 17
	734 11.1746
	735 11.0679
	736 10.9746
	737 10.895
	738 10.8295
	739 10.7782
	740 10.7415
	741 10.7193
	742 10.712
	743 10.7193
	744 10.7415
	745 10.7782
	746 10.8295
	747 10.895
	748 10.9746
	749 11.0679
	37 11.1746
LINE 36 44 136.856 12
	750 11.8959
	751 11.6324
	752 11.4173
	753 11.2532
	754 11.1425
	755 11.0868
	756 11.0868
	757 11.1425
	758 11.2532
	759 11.4173
	760 11.6324
	44 11.8959
LINE 37 38 82.7266 8
	761 10.4485
	762 10.3565
	763 10.2947
	764 10.2636
	765 10.2636
	766 10.2947
	767 10.3565
	38 10.4485
LINE 38 39 151.071 14
	768 10.9042
	769 10.8521
	770 10.8085
	771 10.7734
	772 10.7471
	773 10.7295
	774 10.7207
	775 10.7207
	776 10.7295
	777 10.7471
	778 10.7734
	779 10.8085
	780 10.8521
	39 10.9042
LINE 39 46 217.401 20
	781 11.2561
	782 11.1362
	783 11.0285
	784 10.9335
	785 10.8513
	786 10.7824
	787 10.7269
	788 10.6851
	789 10.6572
	790 10.6432
	791 10.6432
	792 10.6572
	793 10.6851
	794 10.7269
	795 10.7824
	796 10.8513
	797 10.9335
	798 11.0285
	799 11.1362
	46 11.2561
LINE 40 41 142.26 12
	800 12.7453
	801 12.2737
	802 11.8829
	803 11.5812
	804 11.3756
	805 11.2714
	806 11.2714
	807 11.3756
	808 11.5812
	809 11.8829
	810 12.2737
	41 12.7453
LINE 42 51 212.138 19
	811 11.3531
	812 11.2909
	813 11.2358
	814 11.1878
	815 11.147
	816 11.1136
	817 11.0875
	818 11.0688
	819 11.0576
	820 11.0538
	821 11.0576
	822 11.0688
	823 11.0875
	824 11.1136
	825 11.147
	826 11.1878
	827 11.2358
	828 11.2909
	51 11.3531
LINE 43 51 292.621 26
	829 11.8725
	830 11.7282
	831 11.5943
	832 11.4713
	833 11.3594
	834 11.259
	835 11.1705
	836 11.094
	837 11.0298
	838 10.9783
	839 10.9394
	840 10.9134
	841 10.9004
	842 10.9004
	843 10.9134
	844 10.9394
	845 10.9783
	846 11.0298
	847 11.094
	848 11.1705
	849 11.259
	850 11.3594
	851 11.4713
	852 11.5943
	853 11.7282
	51 11.8725
LINE 43 52 157.092 14
	854 11.9231
	855 11.6074
	856 11.3375
	857 11.1169
	858 10.9486
	859 10.8349
	860 10.7776
	861 10.7776
	862 10.8349
	863 10.9486
	864 11.1169
	865 11.3375
	866 11.6074
	52 11.9231
LINE 45 46 103.801 9
	867 12.0298
	868 11.6626
	869 11.3932
	870 11.2284
	871 11.1729
	872 11.2284
	873 11.3932
	874 11.6626
	46 12.0298
LINE 45 55 211.511 19
	875 11.3161
	876 11.2552
	877 11.2013
	878 11.1543
	879 11.1144
	880 11.0817
	881 11.0561
	882 11.0378
	883 11.0269
	884 11.0232
	885 11.0269
	886 11.0378
	887 11.0561
	888 11.0817
	889 11.1144
	890 11.1543
	891 11.2013
	892 11.2552
	55 11.3161
LINE 47 48 154.692 14
	893 11.4462
	894 11.2658
	895 11.1133
	896 10.9897
	897 10.8961
	898 10.8333
	899 10.8017
	900 10.8017
	901 10.8333
	902 10.8961
	903 10.9897
	904 11.1133
	905 11.2658
	48 11.4462
LINE 47 56 174.175 16
	906 11.3471
	907 11.1661
	908 11.0085
	909 10.8755
	910 10.7679
	911 10.6865
	912 10.6318
	913 10.6044
	914 10.6044
	915 10.6318
	916 10.6865
	917 10.7679
	918 10.8755
	919 11.0085
	920 11.1661
	56 11.3471
LINE 49 57 224.143 20
	921 11.9009
	922 11.6881
	923 11.4956
	924 11.3245
	925 11.1757
	926 11.0503
	927 10.9488
	928 10.8721
	929 10.8207
	930 10.7949
	931 10.7949
	932 10.8207
	933 10.8721
	934 10.9488
	935 11.0503
	936 11.1757
	937 11.3245
	938 11.4956
	939 11.6881
	57 11.9009
LINE 50 59 250.098 23
	940 11.1185
	941 11.0525
	942 10.9924
	943 10.9384
	944 10.8906
	945 10.8489
	946 10.8135
	947 10.7845
	948 10.7619
	949 10.7457
	950 10.7359
	951 10.7327
	952 10.7359
	953 10.7457
	954 10.7619
	955 10.7845
	956 10.8135
	957 10.8489
	958 10.8906
	959 10.9384
	960 10.9924
	961 11.0525
	59 11.1185
LINE 51 52 163.128 15
	962 11.1894
	963 11.0564
	964 10.9426
	965 10.8486
	966 10.775
	967 10.722
	968 10.6901
	969 10.6795
	970 10.6901
	971 10.722
	972 10.775
	973 10.8486
	974 10.9426
	975 11.0564
	52 11.1894
LINE 51 61 112.576 10
	976 11.8061
	977 11.4466
	978 11.1694
	979 10.9806
	980 10.8851
	981 10.8851
	982 10.9806
	983 11.1694
	984 11.4466
	61 11.8061
LINE 52 53 234.824 21
	985 11.7498
	986 11.5835
	987 11.4327
	988 11.298
	989 11.1799
	990 11.0791
	991 10.9958
	992 10.9306
	993 10.8839
	994 10.8557
	995 10.8463
	996 10.8557
	997 10.8839
	998 10.9306
	999 10.9958
	1000 11.0791
	1001 11.1799
	1002 11.298
	1003 11.4327
	1004 11.5835
	53 11.7498
LINE 53 63 170.896 15
	1005 12.2271
	1006 11.8807
	1007 11.5795
	1008 11.3271
	1009 11.1268
	1010 10.9816
	1011 10.8935
	1012 10.8639
	1013 10.8935
	1014 10.9816
	1015 11.1268
	1016 11.3271
	1017 11.5795
	1018 11.8807
	63 12.2271
LINE 54 63 201.243 18
	1019 11.637
	1020 11.4787
	1021 11.3384
	1022 11.2168
	1023 11.1144
	1024 11.0319
	1025 10.9695
	1026 10.9277
	1027 10.9068
	1028 10.9068
	1029 10.9277
	1030 10.9695
	1031 11.0319
	1032 11.1144
	1033 11.2168
	1034 11.3384
	1035 11.4787
	63 11.637
LINE 55 56 204.001 19
	1036 10.7483
	1037 10.7445
	1038 10.7412
	1039 10.7382
	1040 10.7358
	1041 10.7338
	1042 10.7322
	1043 10.7311
	1044 10.7304
	1045 10.7302
	1046 10.7304
	1047 10.7311
	1048 10.7322
	1049 10.7338
	1050 10.7358
	1051 10.7382
	1052 10.7412
	1053 10.7445
	56 10.7483
LINE 55 64 215.21 19
	1054 12.0261
	1055 11.7996
	1056 11.596
	1057 11.4167
	1058 11.2627
	1059 11.1351
	1060 11.0349
	1061 10.9627
	1062 10.9192
	1063 10.9046
	1064 10.9192
	1065 10.9627
	1066 11.0349
	1067 11.1351
	1068 11.2627
	1069 11.4167
	1070 11.596
	1071 11.7996
	64 12.0261
LINE 56 57 114.893 11
	1072 10.4529
	1073 10.448
	1074 10.4442
	1075 10.4415
	1076 10.4399
	1077 10.4394
	1078 10.4399
	1079 10.4415
	1080 10.4442
	1081 10.448
	57 10.4529
LINE 56 65 112.66 10
	1082 11.2683
	1083 11.2668
	1084 11.2657
	1085 11.2649
	1086 11.2645
	1087 11.2645
	1088 11.2649
	1089 11.2657
	1090 11.2668
	65 11.2683
LINE 57 58 171.919 15
	1091 12.4598
	1092 12.0475
	1093 11.6872
	1094 11.384
	1095 11.1425
	1096 10.9667
	1097 10.8598
	1098 10.824
	1099 10.8598
	1100 10.9667
	1101 11.1425
	1102 11.384
	1103 11.6872
	1104 12.0475
	58 12.4598
LINE 57 66 266.62 24
	1105 11.7877
	1106 11.6159
	1107 11.4575
	1108 11.313
	1109 11.1829
	1110 11.0679
	1111 10.9684
	1112 10.8848
	1113 10.8174
	1114 10.7666
	1115 10.7325
	1116 10.7155
	1117 10.7155
	1118 10.7325
	1119 10.7666
	1120 10.8174
	1121 10.8848
	1122 10.9684
	1123 11.0679
	1124 11.1829
	1125 11.313
	1126 11.4575
	1127 11.6159
	66 11.7877
LINE 57 67 288.848 26
	1128 11.7023
	1129 11.5637
	1130 11.4353
	1131 11.3172
	1132 11.2099
	1133 11.1136
	1134 11.0287
	1135 10.9554
	1136 10.8939
	1137 10.8445
	1138 10.8073
	1139 10.7824
	1140 10.7699
	1141 10.7699
	1142 10.7824
	1143 10.8073
	1144 10.8445
	1145 10.8939
	1146 10.9554
	1147 11.0287
	1148 11.1136
	1149 11.2099
	1150 11.3172
	1151 11.4353
	1152 11.5637
	67 11.7023
LINE 58 59 150.479 14
	1153 10.9363
	1154 10.8503
	1155 10.7781
	1156 10.7199
	1157 10.6761
	1158 10.6468
	1159 10.6322
	1160 10.6322
	1161 10.6468
	1162 10.6761
	1163 10.7199
	1164 10.7781
	1165 10.8503
	59 10.9363
LINE 58 68 206.981 18
	1166 12.4801
	1167 12.1469
	1168 11.8477
	1169 11.5851
	1170 11.3616
	1171 11.1796
	1172 11.0411
	1173 10.9478
	1174 10.9009
	1175 10.9009
	1176 10.9478
	1177 11.0411
	1178 11.1796
	1179 11.3616
	1180 11.5851
	1181 11.8477
	1182 12.1469
	68 12.4801
LINE 60 68 230.625 21
	1183 11.1979
	1184 11.1338
	1185 11.0761
	1186 11.025
	1187 10.9804
	1188 10.9426
	1189 10.9116
	1190 10.8874
	1191 10.8701
	1192 10.8597
	1193 10.8562
	1194 10.8597
	1195 10.8701
	1196 10.8874
	1197 10.9116
	1198 10.9426
	1199 10.9804
	1200 11.025
	1201 11.0761
	1202 11.1338
	68 11.1979
LINE 62 63 133.587 12
	1203 11.2321
	1204 11.1778
	1205 11.1342
	1206 11.1014
	1207 11.0795
	1208 11.0685
	1209 11.0685
	1210 11.0795
	1211 11.1014
	1212 11.1342
	1213 11.1778
	63 11.2321
LINE 66 67 147.341 13
	1214 11.5792
	1215 11.4577
	1216 11.3572
	1217 11.2785
	1218 11.2219
	1219 11.1879
	1220 11.1765
	1221 11.1879
	1222 11.2219
	1223 11.2785
	1224 11.3572
	1225 11.4577
	67 11.5792
LINE 68 69 221.126 20
	1226 11.6859
	1227 11.4923
	1228 11.3174
	1229 11.1622
	1230 11.0274
	1231 10.9138
	1232 10.8221
	1233 10.7527
	1234 10.7063
	1235 10.683
	1236 10.683
	1237 10.7063
	1238 10.7527
	1239 10.8221
	1240 10.9138
	1241 11.0274
	1242 11.1622
	1243 11.3174
	1244 11.4923
	69 11.6859
COORDENADAS :
1	187.308	760.117
2	291.493	705.804
3	397.038	749.342
4	511.924	760.179
5	616.97	720.194
6	717.938	744.828
7	809.711	757.689
8	911.025	760.718
9	221.014	663.561
10	293.968	630.496
11	364.966	624.465
12	515.045	629.624
13	569.32	599.744
14	703.454	653.833
15	761.892	605.971
16	884.428	647.556
17	1013.96	610.47
18	167.431	503.076
19	281.661	500.983
20	425.921	545.018
21	461.187	563.674
22	602.054	529.904
23	658.905	516.665
24	784.868	545.465
25	912.163	501.282
26	115.255	409.374
27	201.83	438.212
28	326.276	432.123
29	372.467	420.733
30	512.183	423.662
31	791.074	442.245
32	864.607	468.594
33	1010.34	410.246
34	89.3797	349.498
35	227.344	353.969
36	302.347	343.168
37	423.659	347.855
38	477.718	339.385
39	577.758	338.06
40	807.297	316.934
41	895.699	334.168
42	124.075	246.571
43	210.993	243.32
44	288.634	255.597
45	409.619	268.908
46	471.755	243.747
47	621.119	241.075
48	721.719	235.072
49	791.689	231.164
50	919.685	265.512
51	70.2364	117.321
52	171.642	150.818
53	323.31	143.439
54	360.326	144.578
55	459.848	138.628
56	595.545	130.927
57	661.728	169.406
58	766.374	141.747
59	860.956	111.78
60	1003.65	122.954
61	79.5485	45.4347
62	186.169	29.6091
63	272.945	47.1801
64	369.083	34.5119
65	592.967	55.8748
66	687.886	0
67	781.196	25.9966
68	866.432	57.5967
69	1008.76	62.0637
70	711.325	334.742
71	642.262	767.03
72	765.923	393.777
73	0	217.575
74	190.881	753.628
75	194.275	747.075
76	197.49	740.46
77	200.525	733.782
78	203.382	727.042
79	206.058	720.239
80	208.555	713.373
81	210.873	706.445
82	213.012	699.454
83	214.971	692.401
84	216.751	685.285
85	218.351	678.106
86	219.772	670.865
87	193.459	755.727
88	199.472	751.224
89	205.348	746.607
90	211.086	741.877
91	216.687	737.034
92	222.15	732.078
93	227.475	727.008
94	232.663	721.825
95	237.713	716.529
96	242.626	711.12
97	247.401	705.597
98	252.038	699.962
99	256.538	694.213
100	260.901	688.351
101	265.125	682.375
102	269.212	676.287
103	273.162	670.085
104	276.973	663.77
105	280.648	657.341
106	284.184	650.8
107	287.583	644.145
108	290.845	637.377
109	295.535	698.398
110	298.734	690.964
111	301.089	683.503
112	302.602	676.014
113	303.271	668.497
114	303.097	660.952
115	302.08	653.379
116	300.219	645.779
117	297.515	638.151
118	404.323	748.914
119	411.594	748.634
120	418.85	748.501
121	426.093	748.515
122	433.322	748.677
123	440.537	748.986
124	447.739	749.442
125	454.926	750.046
126	462.099	750.797
127	469.259	751.695
128	476.404	752.741
129	483.536	753.934
130	490.654	755.274
131	497.758	756.762
132	504.848	758.397
133	404.725	746.656
134	412.18	743.742
135	419.402	740.598
136	426.391	737.225
137	433.149	733.624
138	439.674	729.793
139	445.966	725.733
140	452.026	721.444
141	457.854	716.926
142	463.45	712.179
143	468.813	707.203
144	473.944	701.998
145	478.842	696.563
146	483.508	690.9
147	487.942	685.008
148	492.143	678.887
149	496.112	672.536
150	499.848	665.957
151	503.352	659.148
152	506.624	652.111
153	509.663	644.844
154	512.471	637.349
155	614.679	713.362
156	612.346	706.546
157	609.971	699.746
158	607.554	692.963
159	605.095	686.197
160	602.595	679.447
161	600.052	672.714
162	597.468	665.998
163	594.842	659.298
164	592.174	652.614
165	589.464	645.947
166	586.712	639.297
167	583.918	632.664
168	581.082	626.046
169	578.204	619.446
170	575.285	612.862
171	572.323	606.294
172	624.673	718.295
173	632.099	716.035
174	639.249	713.414
175	646.121	710.433
176	652.717	707.091
177	659.036	703.388
178	665.079	699.325
179	670.844	694.901
180	676.333	690.116
181	681.545	684.97
182	686.48	679.464
183	691.139	673.597
184	695.52	667.37
185	699.625	660.781
186	725.515	742.123
187	733.006	740.033
188	740.411	738.559
189	747.729	737.701
190	754.961	737.458
191	762.107	737.832
192	769.166	738.821
193	776.139	740.426
194	783.026	742.647
195	789.827	745.484
196	796.541	748.936
197	803.169	753.004
198	816.842	761.431
199	823.99	764.63
200	831.153	767.287
201	838.333	769.402
202	845.529	770.974
203	852.742	772.004
204	859.97	772.492
205	867.215	772.437
206	874.476	771.84
207	881.753	770.7
208	889.047	769.018
209	896.357	766.794
210	903.683	764.027
211	811.37	749.88
212	813.323	742.27
213	815.568	734.859
214	818.107	727.647
215	820.939	720.633
216	824.064	713.819
217	827.482	707.203
218	831.194	700.786
219	835.198	694.568
220	839.495	688.549
221	844.086	682.729
222	848.97	677.108
223	854.147	671.685
224	859.617	666.462
225	865.38	661.437
226	871.436	656.611
227	877.785	651.984
228	912.505	752.907
229	913.566	745.194
230	914.208	737.58
231	914.431	730.064
232	914.235	722.647
233	913.62	715.328
234	912.587	708.108
235	911.134	700.986
236	909.262	693.962
237	906.971	687.037
238	904.261	680.211
239	901.133	673.483
240	897.585	666.854
241	893.618	660.323
242	889.232	653.89
243	226.391	657.786
244	232.019	652.564
245	237.898	647.896
246	244.028	643.783
247	250.409	640.223
248	257.042	637.217
249	263.925	634.765
250	271.059	632.867
251	278.445	631.522
252	286.081	630.732
253	218.04	656.799
254	215.124	650.017
255	212.267	643.215
256	209.468	636.394
257	206.728	629.554
258	204.047	622.694
259	201.424	615.814
260	198.86	608.915
261	196.354	601.996
262	193.907	595.057
263	191.519	588.099
264	189.189	581.122
265	186.918	574.124
266	184.706	567.108
267	182.552	560.071
268	180.457	553.015
269	178.42	545.94
270	176.442	538.845
271	174.523	531.73
272	172.662	524.596
273	170.86	517.442
274	169.116	510.269
275	301.221	631.692
276	308.44	632.488
277	315.624	632.884
278	322.775	632.881
279	329.892	632.477
280	336.975	631.674
281	344.023	630.472
282	351.038	628.869
283	358.019	626.867
284	291.809	623.441
285	289.823	616.369
286	288.011	609.281
287	286.372	602.177
288	284.907	595.056
289	283.615	587.919
290	282.498	580.765
291	281.553	573.594
292	280.783	566.407
293	280.186	559.204
294	279.763	551.984
295	279.513	544.748
296	279.437	537.495
297	279.535	530.225
298	279.806	522.939
299	280.251	515.637
300	280.869	508.318
301	301.361	628.764
302	308.621	626.827
303	315.748	624.685
304	322.743	622.337
305	329.604	619.785
306	336.333	617.028
307	342.928	614.065
308	349.391	610.898
309	355.721	607.525
310	361.918	603.948
311	367.982	600.165
312	373.914	596.177
313	379.712	591.984
314	385.378	587.586
315	390.911	582.983
316	396.311	578.174
317	401.578	573.161
318	406.712	567.943
319	411.714	562.519
320	416.582	556.891
321	421.318	551.057
322	371.972	628.796
323	378.993	632.718
324	386.027	636.232
325	393.075	639.337
326	400.137	642.034
327	407.214	644.322
328	414.304	646.202
329	421.409	647.673
330	428.527	648.736
331	435.66	649.39
332	442.807	649.636
333	449.967	649.473
334	457.142	648.901
335	464.331	647.922
336	471.533	646.533
337	478.75	644.736
338	485.981	642.531
339	493.226	639.917
340	500.485	636.894
341	507.758	633.464
342	520	624.35
343	525.224	619.565
344	530.717	615.268
345	536.478	611.46
346	542.509	608.14
347	548.808	605.308
348	555.377	602.965
349	562.214	601.11
350	511.26	623.554
351	507.347	617.589
352	503.306	611.727
353	499.138	605.971
354	494.841	600.318
355	490.417	594.77
356	485.865	589.327
357	481.185	583.987
358	476.377	578.753
359	471.442	573.622
360	466.378	568.596
361	575.767	603.091
362	582.242	606.37
363	588.744	609.582
364	595.274	612.726
365	601.83	615.803
366	608.414	618.812
367	615.026	621.753
368	621.664	624.626
369	628.33	627.432
370	635.023	630.171
371	641.743	632.841
372	648.491	635.444
373	655.266	637.979
374	662.068	640.447
375	668.897	642.847
376	675.754	645.179
377	682.638	647.444
378	689.549	649.641
379	696.488	651.771
380	711.758	652.051
381	719.516	649.601
382	726.726	646.484
383	733.39	642.699
384	739.508	638.247
385	745.078	633.127
386	750.102	627.339
387	754.579	620.884
388	758.509	613.761
389	890.974	644.655
390	897.55	641.859
391	904.156	639.168
392	910.792	636.583
393	917.459	634.104
394	924.156	631.73
395	930.883	629.462
396	937.64	627.299
397	944.428	625.241
398	951.246	623.29
399	958.094	621.443
400	964.972	619.702
401	971.88	618.067
402	978.819	616.537
403	985.787	615.113
404	992.786	613.794
405	999.815	612.58
406	1006.87	611.472
407	882.688	640.01
408	881.254	632.523
409	880.126	625.093
410	879.304	617.721
411	878.788	610.407
412	878.579	603.152
413	878.675	595.954
414	879.078	588.815
415	879.786	581.733
416	880.801	574.71
417	882.122	567.744
418	883.748	560.837
419	885.681	553.987
420	887.92	547.196
421	890.465	540.463
422	893.317	533.788
423	896.474	527.17
424	899.937	520.611
425	903.706	514.11
426	907.782	507.667
427	289.655	499.396
428	297.537	498.178
429	305.305	497.329
430	312.962	496.847
431	320.506	496.734
432	327.938	496.99
433	335.257	497.613
434	342.464	498.605
435	349.558	499.965
436	356.54	501.694
437	363.41	503.791
438	370.167	506.256
439	376.811	509.09
440	383.344	512.292
441	389.763	515.862
442	396.071	519.801
443	402.266	524.107
444	408.348	528.783
445	414.318	533.826
446	420.176	539.238
447	287.548	495.909
448	293.069	490.598
449	298.224	485.05
450	303.012	479.265
451	307.434	473.242
452	311.49	466.982
453	315.179	460.485
454	318.503	453.751
455	321.46	446.779
456	324.051	439.57
457	433.433	545.038
458	440.292	546.293
459	446.496	548.784
460	452.047	552.512
461	456.944	557.475
462	423.656	538.241
463	421.329	531.49
464	418.942	524.766
465	416.494	518.067
466	413.985	511.395
467	411.416	504.749
468	408.785	498.129
469	406.093	491.535
470	403.341	484.968
471	400.527	478.426
472	397.653	471.911
473	394.718	465.422
474	391.722	458.959
475	388.665	452.523
476	385.547	446.112
477	382.368	439.728
478	379.129	433.37
479	375.828	427.038
480	468.153	561.665
481	475.128	559.689
482	482.111	557.748
483	489.101	555.84
484	496.1	553.965
485	503.107	552.125
486	510.122	550.318
487	517.145	548.545
488	524.177	546.806
489	531.216	545.1
490	538.263	543.429
491	545.319	541.791
492	552.382	540.187
493	559.454	538.617
494	566.534	537.08
495	573.622	535.577
496	580.718	534.108
497	587.822	532.673
498	594.934	531.272
499	455.551	558.564
500	450.076	553.353
501	444.763	548.041
502	439.612	542.629
503	434.622	537.117
504	429.794	531.505
505	425.128	525.792
506	420.624	519.978
507	416.282	514.065
508	412.101	508.051
509	408.082	501.936
510	404.224	495.721
511	400.528	489.406
512	396.994	482.99
513	393.622	476.474
514	390.412	469.858
515	387.363	463.141
516	384.476	456.324
517	381.751	449.407
518	379.187	442.389
519	376.785	435.27
520	374.545	428.052
521	609.267	528.703
522	616.449	527.373
523	623.6	525.913
524	630.722	524.323
525	637.813	522.604
526	644.874	520.754
527	651.905	518.775
528	594.471	526.726
529	587.205	523.279
530	580.256	519.565
531	573.624	515.582
532	567.308	511.331
533	561.31	506.812
534	555.629	502.025
535	550.265	496.97
536	545.218	491.646
537	540.488	486.054
538	536.075	480.194
539	531.979	474.066
540	528.2	467.67
541	524.738	461.006
542	521.593	454.073
543	518.765	446.873
544	516.254	439.404
545	514.06	431.667
546	665.218	521.264
547	671.611	525.51
548	678.084	529.404
549	684.638	532.944
550	691.273	536.132
551	697.989	538.967
552	704.785	541.449
553	711.662	543.578
554	718.62	545.354
555	725.658	546.778
556	732.777	547.848
557	739.976	548.566
558	747.257	548.931
559	754.618	548.944
560	762.059	548.603
561	769.581	547.91
562	777.184	546.864
563	905.825	498.104
564	899.482	494.933
565	893.136	491.771
566	886.786	488.617
567	880.432	485.47
568	874.074	482.331
569	867.713	479.2
570	861.347	476.077
571	854.978	472.962
572	848.605	469.855
573	842.228	466.756
574	835.847	463.664
575	829.462	460.581
576	823.074	457.505
577	816.682	454.437
578	810.285	451.378
579	803.885	448.326
580	797.482	445.281
581	110.614	403.484
582	106.415	397.403
583	102.657	391.132
584	99.341	384.67
585	96.4661	378.017
586	94.0324	371.173
587	92.0402	364.139
588	90.4893	356.914
589	202.024	430.607
590	202.57	423.108
591	203.467	415.715
592	204.715	408.429
593	206.314	401.249
594	208.265	394.176
595	210.566	387.209
596	213.219	380.348
597	216.224	373.594
598	219.579	366.946
599	223.286	360.404
600	333.395	432.606
601	340.34	432.385
602	347.112	431.46
603	353.711	429.833
604	360.136	427.503
605	366.388	424.469
606	320.173	427.885
607	314.105	423.602
608	308.073	419.274
609	302.076	414.901
610	296.115	410.483
611	290.189	406.02
612	284.298	401.513
613	278.443	396.96
614	272.624	392.363
615	266.84	387.721
616	261.091	383.034
617	255.378	378.302
618	249.7	373.525
619	244.058	368.703
620	238.451	363.837
621	232.88	358.926
622	324.254	425.329
623	322.262	418.527
624	320.301	411.717
625	318.369	404.899
626	316.468	398.072
627	314.598	391.238
628	312.757	384.395
629	310.946	377.544
630	309.166	370.685
631	307.416	363.818
632	305.696	356.943
633	304.007	350.06
634	366.158	416.367
635	360.05	411.821
636	354.142	407.095
637	348.433	402.187
638	342.925	397.099
639	337.616	391.829
640	332.508	386.379
641	327.599	380.749
642	322.89	374.937
643	318.382	368.945
644	314.073	362.772
645	309.964	356.418
646	306.056	349.883
647	378.418	415.844
648	384.063	410.739
649	389.402	405.42
650	394.434	399.885
651	399.16	394.134
652	403.579	388.169
653	407.692	381.988
654	411.498	375.592
655	414.998	368.981
656	418.191	362.154
657	421.078	355.112
658	380.438	418.961
659	388.159	416.866
660	395.63	414.448
661	402.852	411.707
662	409.823	408.642
663	416.545	405.254
664	423.017	401.543
665	429.239	397.509
666	435.211	393.151
667	440.933	388.47
668	446.406	383.466
669	451.629	378.138
670	456.601	372.488
671	461.324	366.514
672	465.797	360.216
673	470.021	353.596
674	473.994	346.652
675	872.182	468.316
676	879.666	467.811
677	887.059	467.08
678	894.362	466.123
679	901.575	464.94
680	908.697	463.531
681	915.728	461.896
682	922.669	460.035
683	929.519	457.948
684	936.279	455.635
685	942.949	453.096
686	949.528	450.331
687	956.016	447.339
688	962.414	444.122
689	968.721	440.679
690	974.938	437.009
691	981.065	433.114
692	987.1	428.992
693	993.046	424.645
694	998.901	420.071
695	1004.67	415.271
696	234.72	352.026
697	242.124	350.275
698	249.555	348.716
699	257.014	347.348
700	264.5	346.172
701	272.014	345.188
702	279.556	344.395
703	287.125	343.795
704	294.722	343.385
705	229.951	346.046
706	232.029	338.201
707	233.58	330.435
708	234.602	322.746
709	235.097	315.135
710	235.063	307.602
711	234.501	300.148
712	233.411	292.771
713	231.793	285.472
714	229.646	278.252
715	226.972	271.109
716	223.769	264.045
717	220.038	257.058
718	215.78	250.15
719	227.693	345.652
720	228.506	337.624
721	229.784	329.885
722	231.526	322.435
723	233.732	315.275
724	236.402	308.403
725	239.536	301.821
726	243.135	295.528
727	247.198	289.525
728	251.725	283.81
729	256.716	278.385
730	262.171	273.249
731	268.09	268.402
732	274.474	263.845
733	281.322	259.576
734	309.401	345.564
735	316.465	347.694
736	323.54	349.56
737	330.625	351.16
738	337.72	352.496
739	344.825	353.566
740	351.941	354.372
741	359.066	354.913
742	366.202	355.189
743	373.349	355.199
744	380.505	354.945
745	387.672	354.426
746	394.849	353.642
747	402.036	352.592
748	409.233	351.278
749	416.441	349.699
750	304.056	335.424
751	305.247	327.761
752	305.919	320.179
753	306.073	312.679
754	305.708	305.259
755	304.824	297.921
756	303.422	290.664
757	301.502	283.488
758	299.063	276.394
759	296.105	269.38
760	292.629	262.448
761	430.62	348.099
762	437.523	347.97
763	444.368	347.469
764	451.155	346.597
765	457.883	345.352
766	464.553	343.735
767	471.164	341.746
768	484.846	337.958
769	491.977	336.736
770	499.11	335.72
771	506.246	334.908
772	513.385	334.301
773	520.527	333.899
774	527.671	333.702
775	534.819	333.71
776	541.968	333.923
777	549.121	334.34
778	556.276	334.963
779	563.434	335.79
780	570.595	336.823
781	570.832	335.172
782	564.078	332.091
783	557.494	328.818
784	551.082	325.352
785	544.84	321.695
786	538.77	317.845
787	532.871	313.802
788	527.143	309.567
789	521.586	305.14
790	516.2	300.521
791	510.986	295.709
792	505.942	290.705
793	501.07	285.508
794	496.369	280.119
795	491.839	274.538
796	487.48	268.765
797	483.292	262.799
798	479.275	256.641
799	475.43	250.29
800	813.902	322.28
801	820.645	326.915
802	827.527	330.838
803	834.547	334.052
804	841.706	336.554
805	849.004	338.345
806	856.44	339.426
807	864.014	339.796
808	871.728	339.455
809	879.58	338.404
810	887.57	336.641
811	122.835	239.105
812	121.418	231.712
813	119.824	224.393
814	118.053	217.148
815	116.105	209.977
816	113.979	202.879
817	111.677	195.855
818	109.197	188.905
819	106.541	182.028
820	103.707	175.226
821	100.696	168.497
822	97.5086	161.842
823	94.1438	155.26
824	90.6019	148.753
825	86.8829	142.319
826	82.9869	135.959
827	78.9138	129.672
828	74.6636	123.46
829	203.485	240.813
830	196.145	238.118
831	188.973	235.237
832	181.968	232.168
833	175.131	228.913
834	168.461	225.47
835	161.958	221.84
836	155.623	218.023
837	149.456	214.019
838	143.456	209.828
839	137.624	205.449
840	131.959	200.884
841	126.461	196.131
842	121.131	191.192
843	115.969	186.065
844	110.974	180.751
845	106.146	175.25
846	101.486	169.562
847	96.994	163.687
848	92.669	157.624
849	88.5115	151.375
850	84.5215	144.938
851	80.699	138.315
852	77.0439	131.504
853	73.5564	124.506
854	211.319	235.378
855	211.164	227.641
856	210.525	220.11
857	209.404	212.784
858	207.8	205.663
859	205.713	198.748
860	203.144	192.038
861	200.092	185.533
862	196.557	179.234
863	192.539	173.14
864	188.039	167.252
865	183.056	161.569
866	177.59	156.091
867	415.407	263.357
868	421.475	258.495
869	427.821	254.322
870	434.446	250.837
871	441.35	248.042
872	448.533	245.935
873	455.995	244.517
874	463.736	243.788
875	410.671	261.438
876	411.901	254.036
877	413.307	246.702
878	414.89	239.436
879	416.649	232.239
880	418.586	225.109
881	420.699	218.048
882	422.989	211.055
883	425.456	204.13
884	428.1	197.273
885	430.92	190.484
886	433.917	183.764
887	437.091	177.111
888	440.442	170.527
889	443.969	164.011
890	447.674	157.563
891	451.555	151.183
892	455.613	144.872
893	628.455	243.173
894	635.769	244.883
895	643.059	246.204
896	650.326	247.136
897	657.569	247.679
898	664.79	247.834
899	671.987	247.599
900	679.161	246.976
901	686.312	245.964
902	693.44	244.563
903	700.545	242.774
904	707.626	240.595
905	714.684	238.028
906	616.892	234.8
907	613.017	228.445
908	609.491	222.008
909	606.316	215.49
910	603.491	208.891
911	601.017	202.21
912	598.893	195.448
913	597.12	188.604
914	595.696	181.679
915	594.624	174.673
916	593.901	167.585
917	593.529	160.416
918	593.508	153.166
919	593.836	145.834
920	594.516	138.421
921	783.755	231.097
922	775.973	230.712
923	768.341	230.009
924	760.861	228.989
925	753.532	227.65
926	746.354	225.993
927	739.327	224.018
928	732.451	221.725
929	725.726	219.114
930	719.153	216.185
931	712.73	212.938
932	706.459	209.373
933	700.338	205.49
934	694.369	201.289
935	688.551	196.771
936	682.884	191.934
937	677.368	186.779
938	672.004	181.306
939	666.79	175.515
940	918.94	258.137
941	918.03	250.825
942	916.956	243.576
943	915.718	236.389
944	914.315	229.266
945	912.748	222.205
946	911.016	215.207
947	909.12	208.272
948	907.06	201.4
949	904.835	194.59
950	902.446	187.843
951	899.893	181.159
952	897.175	174.538
953	894.293	167.98
954	891.246	161.484
955	888.035	155.051
956	884.66	148.681
957	881.12	142.374
958	877.416	136.129
959	873.548	129.948
960	869.515	123.829
961	865.318	117.773
962	77.695	117.44
963	85.054	117.861
964	92.3131	118.585
965	99.4725	119.61
966	106.532	120.937
967	113.492	122.566
968	120.352	124.497
969	127.113	126.73
970	133.773	129.266
971	140.334	132.103
972	146.795	135.242
973	153.157	138.683
974	159.418	142.426
975	165.58	146.471
976	74.209	110.526
977	77.5057	103.644
978	80.1265	96.6745
979	82.0716	89.6172
980	83.3407	82.4723
981	83.934	75.2399
982	83.8514	67.9199
983	83.0929	60.5124
984	81.6586	53.0173
985	179.011	153.475
986	186.365	155.832
987	193.704	157.887
988	201.029	159.642
989	208.339	161.096
990	215.635	162.249
991	222.915	163.101
992	230.182	163.652
993	237.433	163.903
994	244.67	163.852
995	251.892	163.501
996	259.1	162.849
997	266.293	161.895
998	273.472	160.641
999	280.635	159.087
1000	287.784	157.231
1001	294.919	155.074
1002	302.039	152.617
1003	309.144	149.859
1004	316.235	146.799
1005	323.267	135.288
1006	322.75	127.385
1007	321.759	119.729
1008	320.295	112.321
1009	318.358	105.16
1010	315.947	98.2475
1011	313.063	91.5825
1012	309.705	85.1652
1013	305.874	78.9957
1014	301.569	73.0738
1015	296.791	67.3996
1016	291.54	61.9732
1017	285.815	56.7944
1018	279.617	51.8634
1019	357.488	137.358
1020	354.413	130.35
1021	351.101	123.556
1022	347.552	116.974
1023	343.765	110.605
1024	339.741	104.449
1025	335.479	98.5058
1026	330.981	92.7755
1027	326.245	87.2581
1028	321.272	81.9535
1029	316.061	76.8618
1030	310.614	71.983
1031	304.929	67.317
1032	299.007	62.8639
1033	292.847	58.6236
1034	286.45	54.5963
1035	279.816	50.7817
1036	466.966	137.808
1037	474.087	137.034
1038	481.211	136.306
1039	488.337	135.624
1040	495.466	134.988
1041	502.597	134.398
1042	509.731	133.854
1043	516.868	133.357
1044	524.008	132.905
1045	531.15	132.5
1046	538.294	132.141
1047	545.441	131.828
1048	552.591	131.561
1049	559.744	131.34
1050	566.899	131.165
1051	574.056	131.036
1052	581.217	130.954
1053	588.38	130.917
1054	452.522	135.37
1055	445.48	131.865
1056	438.721	128.113
1057	432.245	124.115
1058	426.052	119.869
1059	420.142	115.376
1060	414.515	110.637
1061	409.172	105.651
1062	404.112	100.418
1063	399.335	94.9383
1064	394.841	89.2116
1065	390.63	83.2381
1066	386.702	77.0177
1067	383.058	70.5505
1068	379.696	63.8365
1069	376.618	56.8756
1070	373.823	49.6679
1071	371.311	42.2133
1072	601.384	134.731
1073	607.258	138.474
1074	613.168	142.155
1075	619.114	145.776
1076	625.095	149.335
1077	631.111	152.833
1078	637.163	156.27
1079	643.251	159.646
1080	649.374	162.96
1081	655.533	166.214
1082	595.092	123.429
1083	594.683	115.929
1084	594.316	108.427
1085	593.993	100.924
1086	593.714	93.4196
1087	593.478	85.9136
1088	593.285	78.4062
1089	593.135	70.8972
1090	593.029	63.3867
1091	669.755	171.54
1092	677.633	173.106
1093	685.36	174.103
1094	692.937	174.532
1095	700.364	174.393
1096	707.641	173.685
1097	714.768	172.41
1098	721.744	170.566
1099	728.571	168.154
1100	735.247	165.173
1101	741.772	161.625
1102	748.148	157.508
1103	754.374	152.823
1104	760.449	147.569
1105	666.057	162.848
1106	670.105	156.246
1107	673.871	149.601
1108	677.355	142.912
1109	680.558	136.179
1110	683.478	129.403
1111	686.118	122.584
1112	688.475	115.721
1113	690.551	108.815
1114	692.345	101.865
1115	693.858	94.8717
1116	695.089	87.8349
1117	696.038	80.7545
1118	696.705	73.6307
1119	697.091	66.4634
1120	697.195	59.2525
1121	697.017	51.9982
1122	696.558	44.7004
1123	695.817	37.3591
1124	694.794	29.9742
1125	693.49	22.5459
1126	691.904	15.0741
1127	690.036	7.55881
1128	663.976	161.936
1129	666.412	154.622
1130	669.036	147.464
1131	671.848	140.462
1132	674.847	133.617
1133	678.034	126.929
1134	681.409	120.397
1135	684.971	114.021
1136	688.721	107.801
1137	692.659	101.738
1138	696.785	95.8316
1139	701.098	90.0813
1140	705.599	84.4873
1141	710.288	79.0498
1142	715.165	73.7686
1143	720.229	68.6438
1144	725.481	63.6754
1145	730.921	58.8633
1146	736.548	54.2077
1147	742.363	49.7084
1148	748.366	45.3655
1149	754.556	41.1789
1150	760.935	37.1488
1151	767.501	33.275
1152	774.254	29.5576
1153	772.613	137.974
1154	778.931	134.452
1155	785.329	131.182
1156	791.806	128.162
1157	798.363	125.394
1158	804.999	122.876
1159	811.715	120.61
1160	818.511	118.595
1161	825.386	116.831
1162	832.341	115.319
1163	839.376	114.057
1164	846.49	113.047
1165	853.683	112.288
1166	774.545	140.178
1167	782.408	138.243
1168	789.964	135.943
1169	797.213	133.278
1170	804.155	130.247
1171	810.789	126.851
1172	817.116	123.089
1173	823.135	118.962
1174	828.848	114.47
1175	834.253	109.612
1176	839.351	104.389
1177	844.141	98.8003
1178	848.625	92.8465
1179	852.801	86.5273
1180	856.669	79.8427
1181	860.231	72.7927
1182	863.485	65.3774
1183	996.327	121.495
1184	989.084	119.869
1185	981.921	118.079
1186	974.836	116.123
1187	967.829	114.002
1188	960.902	111.716
1189	954.053	109.265
1190	947.283	106.648
1191	940.591	103.866
1192	933.978	100.919
1193	927.444	97.8071
1194	920.989	94.5295
1195	914.612	91.0868
1196	908.314	87.4788
1197	902.095	83.7057
1198	895.954	79.7672
1199	889.892	75.6636
1200	883.909	71.3947
1201	878.005	66.9606
1202	872.179	62.3612
1203	193.147	32.3263
1204	200.17	34.8157
1205	207.24	37.0773
1206	214.356	39.1111
1207	221.518	40.9171
1208	228.727	42.4952
1209	235.981	43.8456
1210	243.282	44.9681
1211	250.628	45.8628
1212	258.021	46.5297
1213	265.46	46.9688
1214	694.522	3.94391
1215	701.249	7.56379
1216	708.065	10.8596
1217	714.972	13.8315
1218	721.969	16.4793
1219	729.056	18.803
1220	736.234	20.8028
1221	743.502	22.4785
1222	750.86	23.8302
1223	758.309	24.8578
1224	765.847	25.5614
1225	773.476	25.941
1226	873.647	54.6596
1227	880.853	52.0552
1228	888.047	49.7834
1229	895.232	47.8444
1230	902.406	46.238
1231	909.569	44.9643
1232	916.722	44.0233
1233	923.865	43.4149
1234	930.997	43.1393
1235	938.119	43.1963
1236	945.23	43.586
1237	952.331	44.3083
1238	959.422	45.3634
1239	966.502	46.7511
1240	973.571	48.4715
1241	980.63	50.5246
1242	987.679	52.9103
1243	994.717	55.6288
1244	1001.74	58.6799
