NOMBRE : MTLARP10_10_5_2.dat
VERTICES ORIGINALES : 88
VERTICES TOTALES : 1409
DEPOTS : 5
84
85
86
87
88
LINEAS ORIGINALES : 88
LINE 1 2 226.074 21
	89 10.8249
	90 10.8071
	91 10.7912
	92 10.7771
	93 10.7649
	94 10.7545
	95 10.746
	96 10.7394
	97 10.7347
	98 10.7319
	99 10.7309
	100 10.7319
	101 10.7347
	102 10.7394
	103 10.746
	104 10.7545
	105 10.7649
	106 10.7771
	107 10.7912
	108 10.8071
	2 10.8249
LINE 2 11 220.96 21
	109 10.5494
	110 10.5412
	111 10.5338
	112 10.5273
	113 10.5216
	114 10.5168
	115 10.5129
	116 10.5099
	117 10.5077
	118 10.5064
	119 10.506
	120 10.5064
	121 10.5077
	122 10.5099
	123 10.5129
	124 10.5168
	125 10.5216
	126 10.5273
	127 10.5338
	128 10.5412
	11 10.5494
LINE 3 12 206.755 19
	129 11.1452
	130 11.0584
	131 10.9812
	132 10.9139
	133 10.8567
	134 10.8096
	135 10.7728
	136 10.7464
	137 10.7306
	138 10.7253
	139 10.7306
	140 10.7464
	141 10.7728
	142 10.8096
	143 10.8567
	144 10.9139
	145 10.9812
	146 11.0584
	12 11.1452
LINE 4 5 157.021 15
	147 10.4693
	148 10.4688
	149 10.4683
	150 10.468
	151 10.4677
	152 10.4675
	153 10.4674
	154 10.4673
	155 10.4674
	156 10.4675
	157 10.4677
	158 10.468
	159 10.4683
	160 10.4688
	5 10.4693
LINE 4 12 231.987 20
	161 12.769
	162 12.4164
	163 12.0944
	164 11.8055
	165 11.5521
	166 11.3366
	167 11.1612
	168 11.0278
	169 10.938
	170 10.8928
	171 10.8928
	172 10.938
	173 11.0278
	174 11.1612
	175 11.3366
	176 11.5521
	177 11.8055
	178 12.0944
	179 12.4164
	12 12.769
LINE 4 13 218.118 20
	180 11.0328
	181 10.9929
	182 10.9574
	183 10.9262
	184 10.8994
	185 10.877
	186 10.859
	187 10.8456
	188 10.8366
	189 10.8321
	190 10.8321
	191 10.8366
	192 10.8456
	193 10.859
	194 10.877
	195 10.8994
	196 10.9262
	197 10.9574
	198 10.9929
	13 11.0328
LINE 6 7 131 12
	199 10.9231
	200 10.9196
	201 10.9168
	202 10.9147
	203 10.9133
	204 10.9126
	205 10.9126
	206 10.9133
	207 10.9147
	208 10.9168
	209 10.9196
	7 10.9231
LINE 6 14 179.253 16
	210 12.0355
	211 11.7133
	212 11.4298
	213 11.1882
	214 10.991
	215 10.8408
	216 10.7395
	217 10.6885
	218 10.6885
	219 10.7395
	220 10.8408
	221 10.991
	222 11.1882
	223 11.4298
	224 11.7133
	14 12.0355
LINE 7 14 227.031 20
	225 12.2879
	226 12.0033
	227 11.7446
	228 11.5134
	229 11.3115
	230 11.1405
	231 11.0017
	232 10.8965
	233 10.8258
	234 10.7903
	235 10.7903
	236 10.8258
	237 10.8965
	238 11.0017
	239 11.1405
	240 11.3115
	241 11.5134
	242 11.7446
	243 12.0033
	14 12.2879
LINE 7 15 80.7506 7
	244 12.2176
	245 11.5456
	246 11.1229
	247 10.9784
	248 11.1229
	249 11.5456
	15 12.2176
LINE 8 15 253.003 24
	250 10.7261
	251 10.6785
	252 10.6349
	253 10.5956
	254 10.5605
	255 10.5297
	256 10.5033
	257 10.4811
	258 10.4634
	259 10.4501
	260 10.4412
	261 10.4368
	262 10.4368
	263 10.4412
	264 10.4501
	265 10.4634
	266 10.4811
	267 10.5033
	268 10.5297
	269 10.5605
	270 10.5956
	271 10.6349
	272 10.6785
	15 10.7261
LINE 8 16 248.549 23
	273 11.2653
	274 11.1427
	275 11.0306
	276 10.9294
	277 10.8393
	278 10.7606
	279 10.6935
	280 10.6383
	281 10.5952
	282 10.5643
	283 10.5457
	284 10.5395
	285 10.5457
	286 10.5643
	287 10.5952
	288 10.6383
	289 10.6935
	290 10.7606
	291 10.8393
	292 10.9294
	293 11.0306
	294 11.1427
	16 11.2653
LINE 9 10 127.006 12
	295 10.6209
	296 10.6007
	297 10.5845
	298 10.5724
	299 10.5643
	300 10.5602
	301 10.5602
	302 10.5643
	303 10.5724
	304 10.5845
	305 10.6007
	10 10.6209
LINE 9 17 101.862 9
	306 11.7512
	307 11.4303
	308 11.1955
	309 11.0522
	310 11.004
	311 11.0522
	312 11.1955
	313 11.4303
	17 11.7512
LINE 10 11 179.975 17
	314 10.8374
	315 10.7444
	316 10.6632
	317 10.5939
	318 10.537
	319 10.4924
	320 10.4605
	321 10.4413
	322 10.4349
	323 10.4413
	324 10.4605
	325 10.4924
	326 10.537
	327 10.5939
	328 10.6632
	329 10.7444
	11 10.8374
LINE 10 17 212.511 19
	330 12.1356
	331 11.8308
	332 11.5552
	333 11.3108
	334 11.0999
	335 10.9243
	336 10.7857
	337 10.6856
	338 10.6251
	339 10.6049
	340 10.6251
	341 10.6856
	342 10.7857
	343 10.9243
	344 11.0999
	345 11.3108
	346 11.5552
	347 11.8308
	17 12.1356
LINE 11 12 100.09 9
	348 11.1796
	349 11.1358
	350 11.1044
	351 11.0855
	352 11.0792
	353 11.0855
	354 11.1044
	355 11.1358
	12 11.1796
LINE 12 13 220.086 21
	356 10.5389
	357 10.5214
	358 10.5057
	359 10.4918
	360 10.4797
	361 10.4695
	362 10.4612
	363 10.4547
	364 10.45
	365 10.4472
	366 10.4463
	367 10.4472
	368 10.45
	369 10.4547
	370 10.4612
	371 10.4695
	372 10.4797
	373 10.4918
	374 10.5057
	375 10.5214
	13 10.5389
LINE 13 19 140.619 13
	376 11.0241
	377 10.9213
	378 10.8364
	379 10.77
	380 10.7223
	381 10.6935
	382 10.6839
	383 10.6935
	384 10.7223
	385 10.77
	386 10.8364
	387 10.9213
	19 11.0241
LINE 14 21 105.038 10
	388 10.9999
	389 10.6746
	390 10.4239
	391 10.2534
	392 10.167
	393 10.167
	394 10.2534
	395 10.4239
	396 10.6746
	21 10.9999
LINE 15 16 195.34 18
	397 11.5856
	398 11.3346
	399 11.1103
	400 10.9144
	401 10.7484
	402 10.6137
	403 10.5116
	404 10.443
	405 10.4085
	406 10.4085
	407 10.443
	408 10.5116
	409 10.6137
	410 10.7484
	411 10.9144
	412 11.1103
	413 11.3346
	16 11.5856
LINE 16 23 129.603 12
	414 10.8046
	415 10.8022
	416 10.8003
	417 10.7989
	418 10.7979
	419 10.7974
	420 10.7974
	421 10.7979
	422 10.7989
	423 10.8003
	424 10.8022
	23 10.8046
LINE 18 26 189.844 17
	425 12.1989
	426 11.8276
	427 11.4961
	428 11.2079
	429 10.9665
	430 10.775
	431 10.6361
	432 10.5519
	433 10.5237
	434 10.5519
	435 10.6361
	436 10.775
	437 10.9665
	438 11.2079
	439 11.4961
	440 11.8276
	26 12.1989
LINE 20 29 220.235 21
	441 10.5061
	442 10.5005
	443 10.4954
	444 10.491
	445 10.4872
	446 10.4839
	447 10.4813
	448 10.4792
	449 10.4777
	450 10.4768
	451 10.4765
	452 10.4768
	453 10.4777
	454 10.4792
	455 10.4813
	456 10.4839
	457 10.4872
	458 10.491
	459 10.4954
	460 10.5005
	29 10.5061
LINE 20 30 200.111 19
	461 10.6531
	462 10.613
	463 10.5775
	464 10.5466
	465 10.5205
	466 10.499
	467 10.4823
	468 10.4703
	469 10.4631
	470 10.4607
	471 10.4631
	472 10.4703
	473 10.4823
	474 10.499
	475 10.5205
	476 10.5466
	477 10.5775
	478 10.613
	30 10.6531
LINE 21 31 203.482 19
	479 10.7096
	480 10.7096
	481 10.7096
	482 10.7096
	483 10.7096
	484 10.7096
	485 10.7096
	486 10.7096
	487 10.7096
	488 10.7096
	489 10.7096
	490 10.7096
	491 10.7096
	492 10.7096
	493 10.7096
	494 10.7096
	495 10.7096
	496 10.7096
	31 10.7096
LINE 21 32 210.663 19
	497 11.9378
	498 11.6642
	499 11.4174
	500 11.199
	501 11.0109
	502 10.8545
	503 10.7313
	504 10.6424
	505 10.5888
	506 10.5708
	507 10.5888
	508 10.6424
	509 10.7313
	510 10.8545
	511 11.0109
	512 11.199
	513 11.4174
	514 11.6642
	32 11.9378
LINE 22 33 268.873 25
	515 11.0691
	516 10.9917
	517 10.9205
	518 10.8557
	519 10.7974
	520 10.7458
	521 10.7008
	522 10.6625
	523 10.6311
	524 10.6067
	525 10.5892
	526 10.5786
	527 10.5751
	528 10.5786
	529 10.5892
	530 10.6067
	531 10.6311
	532 10.6625
	533 10.7008
	534 10.7458
	535 10.7974
	536 10.8557
	537 10.9205
	538 10.9917
	33 11.0691
LINE 23 24 91.5311 8
	539 11.9376
	540 11.5176
	541 11.2288
	542 11.0816
	543 11.0816
	544 11.2288
	545 11.5176
	24 11.9376
LINE 23 33 142.298 13
	546 11.0027
	547 10.9744
	548 10.9512
	549 10.9332
	550 10.9203
	551 10.9125
	552 10.9099
	553 10.9125
	554 10.9203
	555 10.9332
	556 10.9512
	557 10.9744
	33 11.0027
LINE 25 26 140.935 13
	558 11.5032
	559 11.1802
	560 10.9089
	561 10.6932
	562 10.5364
	563 10.4411
	564 10.4092
	565 10.4411
	566 10.5364
	567 10.6932
	568 10.9089
	569 11.1802
	26 11.5032
LINE 25 35 130.28 12
	570 11.0051
	571 10.9246
	572 10.8597
	573 10.8108
	574 10.7781
	575 10.7617
	576 10.7617
	577 10.7781
	578 10.8108
	579 10.8597
	580 10.9246
	35 11.0051
LINE 26 27 207.514 19
	581 11.6289
	582 11.4001
	583 11.1944
	584 11.013
	585 10.8571
	586 10.7279
	587 10.6263
	588 10.5532
	589 10.509
	590 10.4943
	591 10.509
	592 10.5532
	593 10.6263
	594 10.7279
	595 10.8571
	596 11.013
	597 11.1944
	598 11.4001
	27 11.6289
LINE 26 36 206.783 19
	599 11.0667
	600 11.006
	601 10.9523
	602 10.9054
	603 10.8657
	604 10.833
	605 10.8075
	606 10.7893
	607 10.7784
	608 10.7747
	609 10.7784
	610 10.7893
	611 10.8075
	612 10.833
	613 10.8657
	614 10.9054
	615 10.9523
	616 11.006
	36 11.0667
LINE 27 28 178.346 16
	617 11.9247
	618 11.6228
	619 11.3577
	620 11.132
	621 10.948
	622 10.808
	623 10.7136
	624 10.6661
	625 10.6661
	626 10.7136
	627 10.808
	628 10.948
	629 11.132
	630 11.3577
	631 11.6228
	28 11.9247
LINE 28 37 303.196 28
	632 11.1869
	633 11.1086
	634 11.0358
	635 10.9686
	636 10.9072
	637 10.8516
	638 10.802
	639 10.7584
	640 10.7208
	641 10.6894
	642 10.6643
	643 10.6454
	644 10.6327
	645 10.6264
	646 10.6264
	647 10.6327
	648 10.6454
	649 10.6643
	650 10.6894
	651 10.7208
	652 10.7584
	653 10.802
	654 10.8516
	655 10.9072
	656 10.9686
	657 11.0358
	658 11.1086
	37 11.1869
LINE 30 31 69.185 7
	659 9.89464
	660 9.88357
	661 9.87693
	662 9.87471
	663 9.87693
	664 9.88357
	31 9.89464
LINE 30 39 166.145 15
	665 11.3622
	666 11.2411
	667 11.1375
	668 11.0521
	669 10.9851
	670 10.9371
	671 10.9082
	672 10.8985
	673 10.9082
	674 10.9371
	675 10.9851
	676 11.0521
	677 11.1375
	678 11.2411
	39 11.3622
LINE 30 40 95.5777 9
	679 10.8013
	680 10.6659
	681 10.5681
	682 10.509
	683 10.4892
	684 10.509
	685 10.5681
	686 10.6659
	40 10.8013
LINE 32 33 180.206 17
	687 10.922
	688 10.803
	689 10.6988
	690 10.6099
	691 10.5365
	692 10.4791
	693 10.438
	694 10.4132
	695 10.4049
	696 10.4132
	697 10.438
	698 10.4791
	699 10.5365
	700 10.6099
	701 10.6988
	702 10.803
	33 10.922
LINE 33 34 206.072 19
	703 10.8593
	704 10.8548
	705 10.8509
	706 10.8475
	707 10.8446
	708 10.8422
	709 10.8404
	710 10.8391
	711 10.8383
	712 10.838
	713 10.8383
	714 10.8391
	715 10.8404
	716 10.8422
	717 10.8446
	718 10.8475
	719 10.8509
	720 10.8548
	34 10.8593
LINE 35 36 159.03 15
	721 10.6274
	722 10.6165
	723 10.6073
	724 10.5998
	725 10.5939
	726 10.5898
	727 10.5872
	728 10.5864
	729 10.5872
	730 10.5898
	731 10.5939
	732 10.5998
	733 10.6073
	734 10.6165
	36 10.6274
LINE 35 44 117.276 10
	735 12.7357
	736 12.0836
	737 11.5704
	738 11.2152
	739 11.0333
	740 11.0333
	741 11.2152
	742 11.5704
	743 12.0836
	44 12.7357
LINE 36 37 84.4841 8
	744 10.6146
	745 10.5683
	746 10.5373
	747 10.5218
	748 10.5218
	749 10.5373
	750 10.5683
	37 10.6146
LINE 37 45 83.6237 8
	751 10.8053
	752 10.5062
	753 10.302
	754 10.1983
	755 10.1983
	756 10.302
	757 10.5062
	45 10.8053
LINE 38 46 168.146 16
	758 10.8262
	759 10.7011
	760 10.5926
	761 10.5014
	762 10.4278
	763 10.3723
	764 10.3351
	765 10.3165
	766 10.3165
	767 10.3351
	768 10.3723
	769 10.4278
	770 10.5014
	771 10.5926
	772 10.7011
	46 10.8262
LINE 41 47 126.412 11
	773 12.2646
	774 11.8125
	775 11.4485
	776 11.1812
	777 11.0177
	778 10.9627
	779 11.0177
	780 11.1812
	781 11.4485
	782 11.8125
	47 12.2646
LINE 42 48 128.171 12
	783 11.3997
	784 11.0177
	785 10.7024
	786 10.4597
	787 10.2946
	788 10.2111
	789 10.2111
	790 10.2946
	791 10.4597
	792 10.7024
	793 11.0177
	48 11.3997
LINE 43 49 226.164 21
	794 10.9834
	795 10.9199
	796 10.8628
	797 10.8121
	798 10.768
	799 10.7306
	800 10.6998
	801 10.6759
	802 10.6587
	803 10.6484
	804 10.645
	805 10.6484
	806 10.6587
	807 10.6759
	808 10.6998
	809 10.7306
	810 10.768
	811 10.8121
	812 10.8628
	813 10.9199
	49 10.9834
LINE 46 52 258.355 24
	814 10.7652
	815 10.7651
	816 10.765
	817 10.7649
	818 10.7649
	819 10.7648
	820 10.7647
	821 10.7647
	822 10.7646
	823 10.7646
	824 10.7646
	825 10.7646
	826 10.7646
	827 10.7646
	828 10.7646
	829 10.7646
	830 10.7647
	831 10.7647
	832 10.7648
	833 10.7649
	834 10.7649
	835 10.765
	836 10.7651
	52 10.7652
LINE 48 49 92.6501 8
	837 12.1826
	838 11.6748
	839 11.3237
	840 11.1439
	841 11.1439
	842 11.3237
	843 11.6748
	49 12.1826
LINE 48 57 146.385 14
	844 10.6255
	845 10.5478
	846 10.4827
	847 10.4303
	848 10.3908
	849 10.3644
	850 10.3512
	851 10.3512
	852 10.3644
	853 10.3908
	854 10.4303
	855 10.4827
	856 10.5478
	57 10.6255
LINE 48 58 169.303 16
	857 10.6215
	858 10.6055
	859 10.5918
	860 10.5803
	861 10.5711
	862 10.5642
	863 10.5596
	864 10.5573
	865 10.5573
	866 10.5596
	867 10.5642
	868 10.5711
	869 10.5803
	870 10.5918
	871 10.6055
	58 10.6215
LINE 50 51 230.471 22
	872 10.4878
	873 10.4844
	874 10.4814
	875 10.4787
	876 10.4763
	877 10.4743
	878 10.4726
	879 10.4712
	880 10.4702
	881 10.4695
	882 10.4692
	883 10.4692
	884 10.4695
	885 10.4702
	886 10.4712
	887 10.4726
	888 10.4743
	889 10.4763
	890 10.4787
	891 10.4814
	892 10.4844
	51 10.4878
LINE 51 52 147.051 14
	893 10.8611
	894 10.6984
	895 10.561
	896 10.4497
	897 10.3655
	898 10.309
	899 10.2806
	900 10.2806
	901 10.309
	902 10.3655
	903 10.4497
	904 10.561
	905 10.6984
	52 10.8611
LINE 52 61 81.8938 8
	906 10.2663
	907 10.241
	908 10.224
	909 10.2156
	910 10.2156
	911 10.224
	912 10.241
	61 10.2663
LINE 53 54 160.929 15
	913 10.8778
	914 10.8143
	915 10.7602
	916 10.7157
	917 10.681
	918 10.6562
	919 10.6412
	920 10.6363
	921 10.6412
	922 10.6562
	923 10.681
	924 10.7157
	925 10.7602
	926 10.8143
	54 10.8778
LINE 54 55 87.7001 8
	927 11.1701
	928 10.9931
	929 10.8736
	930 10.8133
	931 10.8133
	932 10.8736
	933 10.9931
	55 11.1701
LINE 54 62 277.002 26
	934 10.8969
	935 10.8393
	936 10.7862
	937 10.7376
	938 10.6938
	939 10.6546
	940 10.6202
	941 10.5907
	942 10.566
	943 10.5462
	944 10.5314
	945 10.5214
	946 10.5165
	947 10.5165
	948 10.5214
	949 10.5314
	950 10.5462
	951 10.566
	952 10.5907
	953 10.6202
	954 10.6546
	955 10.6938
	956 10.7376
	957 10.7862
	958 10.8393
	62 10.8969
LINE 55 56 179.917 17
	959 10.9192
	960 10.7951
	961 10.6863
	962 10.5934
	963 10.5167
	964 10.4567
	965 10.4137
	966 10.3878
	967 10.3791
	968 10.3878
	969 10.4137
	970 10.4567
	971 10.5167
	972 10.5934
	973 10.6863
	974 10.7951
	56 10.9192
LINE 55 63 149.71 14
	975 11.0973
	976 10.9139
	977 10.7587
	978 10.6328
	979 10.5375
	980 10.4734
	981 10.4413
	982 10.4413
	983 10.4734
	984 10.5375
	985 10.6328
	986 10.7587
	987 10.9139
	63 11.0973
LINE 57 64 265.348 24
	988 12.0606
	989 11.8098
	990 11.5771
	991 11.3635
	992 11.1703
	993 10.9985
	994 10.849
	995 10.7228
	996 10.6208
	997 10.5437
	998 10.492
	999 10.466
	1000 10.466
	1001 10.492
	1002 10.5437
	1003 10.6208
	1004 10.7228
	1005 10.849
	1006 10.9985
	1007 11.1703
	1008 11.3635
	1009 11.5771
	1010 11.8098
	64 12.0606
LINE 58 59 216.208 20
	1011 11.3497
	1012 11.1833
	1013 11.0334
	1014 10.9004
	1015 10.7852
	1016 10.6882
	1017 10.61
	1018 10.5509
	1019 10.5114
	1020 10.4915
	1021 10.4915
	1022 10.5114
	1023 10.5509
	1024 10.61
	1025 10.6882
	1026 10.7852
	1027 10.9004
	1028 11.0334
	1029 11.1833
	59 11.3497
LINE 60 61 160.784 14
	1030 12.4725
	1031 12.0326
	1032 11.6533
	1033 11.3407
	1034 11.1005
	1035 10.9375
	1036 10.855
	1037 10.855
	1038 10.9375
	1039 11.1005
	1040 11.3407
	1041 11.6533
	1042 12.0326
	61 12.4725
LINE 60 67 176.393 16
	1043 11.4635
	1044 11.291
	1045 11.141
	1046 11.0144
	1047 10.9121
	1048 10.8348
	1049 10.7829
	1050 10.7568
	1051 10.7568
	1052 10.7829
	1053 10.8348
	1054 10.9121
	1055 11.0144
	1056 11.141
	1057 11.291
	67 11.4635
LINE 61 62 203.221 19
	1058 11.0411
	1059 10.9277
	1060 10.8267
	1061 10.7384
	1062 10.6631
	1063 10.6011
	1064 10.5526
	1065 10.5179
	1066 10.497
	1067 10.49
	1068 10.497
	1069 10.5179
	1070 10.5526
	1071 10.6011
	1072 10.6631
	1073 10.7384
	1074 10.8267
	1075 10.9277
	62 11.0411
LINE 61 68 149.357 14
	1076 10.8324
	1077 10.7571
	1078 10.6941
	1079 10.6433
	1080 10.6051
	1081 10.5796
	1082 10.5668
	1083 10.5668
	1084 10.5796
	1085 10.6051
	1086 10.6433
	1087 10.6941
	1088 10.7571
	68 10.8324
LINE 64 65 218.668 20
	1089 11.6904
	1090 11.4589
	1091 11.2492
	1092 11.0624
	1093 10.8998
	1094 10.7624
	1095 10.6512
	1096 10.567
	1097 10.5105
	1098 10.4822
	1099 10.4822
	1100 10.5105
	1101 10.567
	1102 10.6512
	1103 10.7624
	1104 10.8998
	1105 11.0624
	1106 11.2492
	1107 11.4589
	65 11.6904
LINE 64 70 166.119 15
	1108 11.372
	1109 11.246
	1110 11.1383
	1111 11.0494
	1112 10.9797
	1113 10.9297
	1114 10.8996
	1115 10.8895
	1116 10.8996
	1117 10.9297
	1118 10.9797
	1119 11.0494
	1120 11.1383
	1121 11.246
	70 11.372
LINE 65 72 145.785 13
	1122 12.0574
	1123 11.6484
	1124 11.3028
	1125 11.0265
	1126 10.8249
	1127 10.7021
	1128 10.6608
	1129 10.7021
	1130 10.8249
	1131 11.0265
	1132 11.3028
	1133 11.6484
	72 12.0574
LINE 66 67 198.519 18
	1134 11.9988
	1135 11.6698
	1136 11.3741
	1137 11.1144
	1138 10.8932
	1139 10.713
	1140 10.5758
	1141 10.4834
	1142 10.4368
	1143 10.4368
	1144 10.4834
	1145 10.5758
	1146 10.713
	1147 10.8932
	1148 11.1144
	1149 11.3741
	1150 11.6698
	67 11.9988
LINE 67 75 111.121 10
	1151 11.288
	1152 11.1714
	1153 11.0831
	1154 11.0239
	1155 10.9941
	1156 10.9941
	1157 11.0239
	1158 11.0831
	1159 11.1714
	75 11.288
LINE 68 69 192.741 18
	1160 11.1247
	1161 10.9802
	1162 10.8521
	1163 10.7412
	1164 10.6478
	1165 10.5725
	1166 10.5157
	1167 10.4777
	1168 10.4586
	1169 10.4586
	1170 10.4777
	1171 10.5157
	1172 10.5725
	1173 10.6478
	1174 10.7412
	1175 10.8521
	1176 10.9802
	69 11.1247
LINE 68 76 174.741 16
	1177 11.3422
	1178 11.1767
	1179 11.0329
	1180 10.9115
	1181 10.8135
	1182 10.7394
	1183 10.6897
	1184 10.6648
	1185 10.6648
	1186 10.6897
	1187 10.7394
	1188 10.8135
	1189 10.9115
	1190 11.0329
	1191 11.1767
	76 11.3422
LINE 68 77 288.477 26
	1192 11.701
	1193 11.5595
	1194 11.4283
	1195 11.3076
	1196 11.1979
	1197 11.0995
	1198 11.0127
	1199 10.9377
	1200 10.8749
	1201 10.8243
	1202 10.7862
	1203 10.7608
	1204 10.748
	1205 10.748
	1206 10.7608
	1207 10.7862
	1208 10.8243
	1209 10.8749
	1210 10.9377
	1211 11.0127
	1212 11.0995
	1213 11.1979
	1214 11.3076
	1215 11.4283
	1216 11.5595
	77 11.701
LINE 69 77 171.187 16
	1217 10.7024
	1218 10.7011
	1219 10.7
	1220 10.6991
	1221 10.6984
	1222 10.6978
	1223 10.6975
	1224 10.6973
	1225 10.6973
	1226 10.6975
	1227 10.6978
	1228 10.6984
	1229 10.6991
	1230 10.7
	1231 10.7011
	77 10.7024
LINE 70 71 175.399 16
	1232 11.3517
	1233 11.1984
	1234 11.0653
	1235 10.9532
	1236 10.8627
	1237 10.7942
	1238 10.7484
	1239 10.7254
	1240 10.7254
	1241 10.7484
	1242 10.7942
	1243 10.8627
	1244 10.9532
	1245 11.0653
	1246 11.1984
	71 11.3517
LINE 71 72 121.181 11
	1247 11.6384
	1248 11.273
	1249 10.9804
	1250 10.7665
	1251 10.6361
	1252 10.5922
	1253 10.6361
	1254 10.7665
	1255 10.9804
	1256 11.273
	72 11.6384
LINE 72 82 189.989 17
	1257 12.1262
	1258 11.783
	1259 11.4773
	1260 11.2122
	1261 10.9904
	1262 10.8149
	1263 10.6877
	1264 10.6106
	1265 10.5848
	1266 10.6106
	1267 10.6877
	1268 10.8149
	1269 10.9904
	1270 11.2122
	1271 11.4773
	1272 11.783
	82 12.1262
LINE 72 83 271.286 25
	1273 11.3207
	1274 11.2058
	1275 11.0999
	1276 11.0033
	1277 10.9161
	1278 10.8385
	1279 10.7708
	1280 10.7133
	1281 10.6659
	1282 10.629
	1283 10.6025
	1284 10.5865
	1285 10.5812
	1286 10.5865
	1287 10.6025
	1288 10.629
	1289 10.6659
	1290 10.7133
	1291 10.7708
	1292 10.8385
	1293 10.9161
	1294 11.0033
	1295 11.0999
	1296 11.2058
	83 11.3207
LINE 73 83 107.958 10
	1297 10.8153
	1298 10.8023
	1299 10.7926
	1300 10.7861
	1301 10.7829
	1302 10.7829
	1303 10.7861
	1304 10.7926
	1305 10.8023
	83 10.8153
LINE 74 75 137.159 13
	1306 10.5571
	1307 10.5539
	1308 10.5513
	1309 10.5493
	1310 10.5478
	1311 10.5469
	1312 10.5466
	1313 10.5469
	1314 10.5478
	1315 10.5493
	1316 10.5513
	1317 10.5539
	75 10.5571
LINE 76 77 242.25 22
	1318 11.6028
	1319 11.4381
	1320 11.2878
	1321 11.1526
	1322 11.0328
	1323 10.9292
	1324 10.8421
	1325 10.7718
	1326 10.7189
	1327 10.6834
	1328 10.6656
	1329 10.6656
	1330 10.6834
	1331 10.7189
	1332 10.7718
	1333 10.8421
	1334 10.9292
	1335 11.0328
	1336 11.1526
	1337 11.2878
	1338 11.4381
	77 11.6028
LINE 78 79 195.157 17
	1339 12.3963
	1340 12.0646
	1341 11.7696
	1342 11.5141
	1343 11.3007
	1344 11.132
	1345 11.0098
	1346 10.9359
	1347 10.9111
	1348 10.9359
	1349 11.0098
	1350 11.132
	1351 11.3007
	1352 11.5141
	1353 11.7696
	1354 12.0646
	79 12.3963
LINE 79 80 154.627 14
	1355 11.5716
	1356 11.3332
	1357 11.1307
	1358 10.9661
	1359 10.8409
	1360 10.7567
	1361 10.7143
	1362 10.7143
	1363 10.7567
	1364 10.8409
	1365 10.9661
	1366 11.1307
	1367 11.3332
	80 11.5716
LINE 80 81 200.85 19
	1368 10.9391
	1369 10.8184
	1370 10.7108
	1371 10.6166
	1372 10.5363
	1373 10.4701
	1374 10.4183
	1375 10.3811
	1376 10.3588
	1377 10.3513
	1378 10.3588
	1379 10.3811
	1380 10.4183
	1381 10.4701
	1382 10.5363
	1383 10.6166
	1384 10.7108
	1385 10.8184
	81 10.9391
LINE 81 82 92.9326 8
	1386 12.2909
	1387 11.7225
	1388 11.3278
	1389 11.1251
	1390 11.1251
	1391 11.3278
	1392 11.7225
	82 12.2909
LINE 82 83 200.817 18
	1393 11.6399
	1394 11.4727
	1395 11.3243
	1396 11.1955
	1397 11.0871
	1398 10.9996
	1399 10.9334
	1400 10.8892
	1401 10.8669
	1402 10.8669
	1403 10.8892
	1404 10.9334
	1405 10.9996
	1406 11.0871
	1407 11.1955
	1408 11.3243
	1409 11.4727
	83 11.6399
COORDENADAS :
1	0	952.828
2	150.036	960.519
3	196.887	930.25
4	426.61	954.954
5	529.058	933.486
6	649.22	915.542
7	735.922	905.339
8	861.305	961.414
9	56.755	803.021
10	131.126	843.089
11	249.069	851.771
12	314.666	862.54
13	452.203	812.82
14	635.463	802.433
15	733.316	854.172
16	846.054	800.53
17	47.9855	737.582
18	160.758	760.135
19	452.549	720.226
20	524.409	732.579
21	600.444	744.484
22	696.823	752.647
23	849.697	714.228
24	907.597	702.873
25	43.7065	601.134
26	120.974	647.697
27	252.634	629.385
28	365.484	643.335
29	417.434	632.235
30	557.968	604.396
31	603.833	608.872
32	706.774	663.106
33	818.374	625.014
34	953.732	602.111
35	53.7577	515.646
36	159.615	516.802
37	215.618	513.407
38	312.82	558.077
39	458.003	560.985
40	555.898	541.495
41	599.626	510.993
42	709.626	523.76
43	928.212	511.801
44	59.3762	442.459
45	235.007	462.664
46	333.345	449.991
47	666.717	466.699
48	757.483	457.661
49	807.031	425.054
50	16.6695	310.814
51	164.926	350.773
52	246.926	301.008
53	341.916	355.736
54	448.278	356.118
55	505.488	349.169
56	623.019	344.335
57	760.844	361.124
58	799.015	352.991
59	928.184	299.376
60	112.767	228.139
61	207.725	263.179
62	331.882	215.847
63	549.577	262.303
64	711.707	201.094
65	850.746	214.824
66	35.7253	155.294
67	156.405	122.059
68	234.488	168.272
69	357.618	144.127
70	612.705	155.742
71	722.737	124.529
72	799.212	138.137
73	924.614	107.231
74	19.5087	61.7774
75	110.867	64.6593
76	205.518	58.2995
77	359.34	30.0363
78	412.311	43.2792
79	535.969	42.5294
80	626.42	0
81	757.253	8.61995
82	815.482	19.2843
83	944.48	38.1478
84	213.144	983.308
85	913.91	761.896
86	63.7255	231.789
87	532.276	521.196
88	410.202	725.64
89	7.09603	954.142
90	14.1969	955.361
91	21.3027	956.485
92	28.4132	957.514
93	35.5287	958.449
94	42.649	959.289
95	49.7742	960.034
96	56.9042	960.684
97	64.0391	961.24
98	71.1788	961.701
99	78.3234	962.067
100	85.4728	962.339
101	92.6271	962.515
102	99.7863	962.597
103	106.95	962.585
104	114.119	962.477
105	121.293	962.275
106	128.471	961.978
107	135.655	961.587
108	142.843	961.1
109	154.281	954.911
110	158.572	949.346
111	162.911	943.824
112	167.296	938.345
113	171.729	932.909
114	176.209	927.516
115	180.737	922.166
116	185.311	916.858
117	189.933	911.594
118	194.601	906.373
119	199.317	901.194
120	204.08	896.059
121	208.89	890.966
122	213.747	885.916
123	218.652	880.91
124	223.603	875.946
125	228.602	871.025
126	233.648	866.147
127	238.741	861.312
128	243.881	856.52
129	204.093	928.438
130	211.187	926.431
131	218.169	924.229
132	225.039	921.833
133	231.797	919.243
134	238.444	916.457
135	244.978	913.478
136	251.401	910.303
137	257.712	906.934
138	263.91	903.37
139	269.997	899.612
140	275.973	895.659
141	281.836	891.512
142	287.587	887.17
143	293.227	882.633
144	298.754	877.902
145	304.17	872.976
146	309.474	867.855
147	433.467	953.656
148	440.321	952.338
149	447.171	951.002
150	454.017	949.647
151	460.858	948.272
152	467.696	946.879
153	474.53	945.467
154	481.36	944.036
155	488.186	942.586
156	495.008	941.116
157	501.826	939.628
158	508.64	938.121
159	515.45	936.595
160	522.256	935.05
161	423.844	946.903
162	420.781	939.213
163	417.419	931.885
164	413.76	924.917
165	409.802	918.31
166	405.546	912.065
167	400.992	906.18
168	396.14	900.657
169	390.99	895.494
170	385.542	890.693
171	379.796	886.253
172	373.751	882.174
173	367.409	878.456
174	360.768	875.099
175	353.83	872.103
176	346.593	869.468
177	339.058	867.195
178	331.226	865.282
179	323.095	863.731
180	426.513	947.6
181	426.561	940.271
182	426.754	932.969
183	427.092	925.692
184	427.575	918.442
185	428.202	911.218
186	428.975	904.02
187	429.892	896.848
188	430.954	889.702
189	432.162	882.583
190	433.514	875.489
191	435.011	868.421
192	436.653	861.38
193	438.439	854.364
194	440.371	847.375
195	442.447	840.412
196	444.669	833.475
197	447.035	826.564
198	449.546	819.679
199	656.408	914.373
200	663.602	913.262
201	670.804	912.209
202	678.012	911.214
203	685.227	910.277
204	692.448	909.398
205	699.677	908.577
206	706.912	907.813
207	714.154	907.108
208	721.403	906.46
209	728.659	905.87
210	652.03	908.026
211	654.35	900.57
212	656.182	893.173
213	657.524	885.836
214	658.376	878.559
215	658.739	871.341
216	658.614	864.182
217	657.998	857.083
218	656.894	850.043
219	655.3	843.063
220	653.217	836.143
221	650.645	829.282
222	647.583	822.481
223	644.032	815.739
224	639.992	809.056
225	733.707	897.452
226	731.197	889.853
227	728.391	882.544
228	725.29	875.523
229	721.893	868.79
230	718.2	862.346
231	714.212	856.191
232	709.928	850.324
233	705.348	844.746
234	700.473	839.456
235	695.302	834.455
236	689.836	829.743
237	684.074	825.319
238	678.016	821.184
239	671.663	817.337
240	665.014	813.779
241	658.07	810.51
242	650.83	807.529
243	643.294	804.837
244	731.98	898.211
245	729.228	891.023
246	727.666	883.774
247	727.294	876.464
248	728.111	869.094
249	730.118	861.663
250	854.912	958.212
251	848.611	954.899
252	842.402	951.476
253	836.285	947.943
254	830.26	944.3
255	824.328	940.547
256	818.488	936.684
257	812.74	932.711
258	807.084	928.628
259	801.521	924.434
260	796.05	920.131
261	790.671	915.718
262	785.384	911.194
263	780.189	906.561
264	775.087	901.817
265	770.077	896.963
266	765.159	892
267	760.333	886.926
268	755.6	881.742
269	750.958	876.448
270	746.409	871.044
271	741.953	865.53
272	737.588	859.906
273	858.002	954.67
274	854.939	947.902
275	852.115	941.112
276	849.532	934.299
277	847.189	927.463
278	845.086	920.605
279	843.222	913.724
280	841.599	906.82
281	840.216	899.893
282	839.073	892.943
283	838.17	885.971
284	837.507	878.976
285	837.084	871.958
286	836.901	864.918
287	836.958	857.855
288	837.255	850.769
289	837.792	843.66
290	838.569	836.529
291	839.586	829.374
292	840.843	822.197
293	842.34	814.998
294	844.077	807.775
295	62.5927	807.028
296	68.4958	810.913
297	74.4644	814.677
298	80.4984	818.32
299	86.5978	821.841
300	92.7627	825.241
301	98.993	828.519
302	105.289	831.676
303	111.65	834.711
304	118.076	837.625
305	124.568	840.418
306	53.056	796.115
307	50.0382	789.118
308	47.7015	782.029
309	46.0459	774.85
310	45.0716	767.579
311	44.7783	760.216
312	45.1662	752.763
313	46.2353	745.218
314	137.92	845.545
315	144.733	847.759
316	151.563	849.728
317	158.412	851.455
318	165.278	852.939
319	172.162	854.179
320	179.064	855.176
321	185.984	855.93
322	192.922	856.441
323	199.877	856.708
324	206.851	856.732
325	213.842	856.514
326	220.852	856.051
327	227.879	855.346
328	234.924	854.398
329	241.988	853.206
330	129.839	835.102
331	128.21	827.385
332	126.237	819.938
333	123.921	812.762
334	121.261	805.857
335	118.259	799.222
336	114.913	792.857
337	111.223	786.763
338	107.191	780.939
339	102.815	775.386
340	98.0958	770.104
341	93.0335	765.092
342	87.6279	760.35
343	81.879	755.879
344	75.7868	751.679
345	69.3514	747.749
346	62.5727	744.089
347	55.4507	740.7
348	256.196	853.951
349	263.363	855.885
350	270.571	857.574
351	277.819	859.016
352	285.108	860.213
353	292.437	861.163
354	299.806	861.868
355	307.216	862.327
356	320.899	859.298
357	327.164	856.144
358	333.461	853.077
359	339.789	850.098
360	346.149	847.206
361	352.54	844.401
362	358.963	841.684
363	365.418	839.054
364	371.904	836.512
365	378.422	834.057
366	384.971	831.689
367	391.552	829.409
368	398.165	827.216
369	404.809	825.111
370	411.484	823.093
371	418.192	821.162
372	424.931	819.319
373	431.701	817.563
374	438.503	815.895
375	445.337	814.314
376	450.418	805.691
377	448.934	798.562
378	447.753	791.435
379	446.874	784.309
380	446.297	777.184
381	446.022	770.061
382	446.048	762.938
383	446.377	755.817
384	447.007	748.696
385	447.94	741.577
386	449.174	734.459
387	450.71	727.342
388	629.55	798.095
389	624.173	793.433
390	619.332	788.448
391	615.027	783.138
392	611.257	777.505
393	608.023	771.548
394	605.325	765.268
395	603.162	758.664
396	601.536	751.736
397	741.039	854.26
398	748.59	853.988
399	755.97	853.354
400	763.178	852.359
401	770.214	851.003
402	777.078	849.287
403	783.771	847.209
404	790.292	844.77
405	796.641	841.971
406	802.819	838.81
407	808.824	835.289
408	814.658	831.406
409	820.32	827.162
410	825.81	822.558
411	831.129	817.592
412	836.276	812.266
413	841.251	806.578
414	846.621	793.349
415	847.14	786.166
416	847.611	778.982
417	848.035	771.795
418	848.41	764.606
419	848.737	757.415
420	849.017	750.222
421	849.249	743.027
422	849.433	735.831
423	849.568	728.632
424	849.656	721.431
425	154.541	754.893
426	148.807	749.479
427	143.559	743.894
428	138.795	738.138
429	134.516	732.21
430	130.722	726.11
431	127.412	719.839
432	124.587	713.397
433	122.247	706.783
434	120.391	699.998
435	119.021	693.041
436	118.134	685.912
437	117.733	678.612
438	117.816	671.141
439	118.384	663.498
440	119.437	655.683
441	519.674	727.418
442	514.903	722.295
443	510.096	717.21
444	505.254	712.164
445	500.375	707.156
446	495.46	702.187
447	490.51	697.255
448	485.524	692.362
449	480.501	687.507
450	475.443	682.691
451	470.349	677.913
452	465.219	673.173
453	460.053	668.471
454	454.852	663.807
455	449.614	659.182
456	444.34	654.595
457	439.031	650.047
458	433.686	645.536
459	428.304	641.064
460	422.887	636.63
461	524.876	725.492
462	525.487	718.443
463	526.242	711.432
464	527.142	704.458
465	528.186	697.523
466	529.374	690.625
467	530.707	683.765
468	532.185	676.943
469	533.807	670.159
470	535.573	663.413
471	537.484	656.704
472	539.539	650.033
473	541.738	643.4
474	544.082	636.805
475	546.571	630.248
476	549.203	623.728
477	551.981	617.247
478	554.902	610.803
479	600.611	737.346
480	600.779	730.209
481	600.948	723.071
482	601.118	715.933
483	601.29	708.796
484	601.463	701.658
485	601.638	694.52
486	601.813	687.383
487	601.99	680.245
488	602.169	673.108
489	602.348	665.97
490	602.529	658.833
491	602.711	651.696
492	602.895	644.558
493	603.08	637.421
494	603.266	630.284
495	603.454	623.146
496	603.642	616.009
497	603.793	737.264
498	607.392	730.371
499	611.24	723.804
500	615.338	717.563
501	619.685	711.648
502	624.283	706.06
503	629.13	700.798
504	634.227	695.863
505	639.573	691.253
506	645.17	686.97
507	651.016	683.013
508	657.112	679.383
509	663.457	676.079
510	670.052	673.101
511	676.897	670.449
512	683.992	668.124
513	691.336	666.125
514	698.93	664.453
515	700.107	746.038
516	703.522	739.555
517	707.069	733.197
518	710.747	726.964
519	714.556	720.857
520	718.498	714.874
521	722.57	709.017
522	726.775	703.286
523	731.111	697.679
524	735.578	692.198
525	740.177	686.842
526	744.907	681.612
527	749.769	676.506
528	754.763	671.526
529	759.888	666.672
530	765.145	661.942
531	770.533	657.338
532	776.053	652.859
533	781.704	648.505
534	787.487	644.277
535	793.401	640.174
536	799.447	636.196
537	805.625	632.343
538	811.934	628.616
539	857.51	715.743
540	865.158	716.419
541	872.642	716.257
542	879.962	715.257
543	887.117	713.419
544	894.108	710.742
545	900.935	707.227
546	846.391	707.68
547	843.234	701.08
548	840.227	694.427
549	837.369	687.722
550	834.661	680.964
551	832.102	674.154
552	829.692	667.291
553	827.432	660.376
554	825.322	653.409
555	823.361	646.389
556	821.549	639.316
557	819.887	632.191
558	51.3348	601.92
559	58.6824	603.173
560	65.7492	604.89
561	72.5353	607.074
562	79.0405	609.724
563	85.2649	612.84
564	91.2086	616.422
565	96.8715	620.469
566	102.254	624.983
567	107.355	629.963
568	112.175	635.408
569	116.715	641.32
570	43.0136	593.83
571	42.599	586.559
572	42.4627	579.321
573	42.6047	572.115
574	43.0249	564.942
575	43.7233	557.801
576	44.7001	550.694
577	45.9551	543.619
578	47.4884	536.577
579	49.2999	529.567
580	51.3897	522.59
581	127.443	643.425
582	133.964	639.521
583	140.536	635.984
584	147.158	632.814
585	153.832	630.013
586	160.557	627.578
587	167.333	625.512
588	174.16	623.813
589	181.039	622.482
590	187.968	621.518
591	194.949	620.922
592	201.98	620.693
593	209.063	620.832
594	216.197	621.338
595	223.382	622.212
596	230.619	623.454
597	237.906	625.063
598	245.244	627.04
599	121.393	640.331
600	121.992	633.018
601	122.77	625.758
602	123.727	618.551
603	124.864	611.397
604	126.18	604.296
605	127.676	597.248
606	129.351	590.253
607	131.205	583.311
608	133.239	576.422
609	135.452	569.585
610	137.844	562.802
611	140.416	556.072
612	143.168	549.394
613	146.098	542.77
614	149.209	536.199
615	152.498	529.68
616	155.967	523.215
617	259.25	633.792
618	265.924	637.729
619	272.657	641.193
620	279.448	644.187
621	286.297	646.709
622	293.204	648.759
623	300.17	650.338
624	307.194	651.446
625	314.276	652.082
626	321.417	652.247
627	328.616	651.94
628	335.873	651.162
629	343.188	649.912
630	350.562	648.191
631	357.994	645.999
632	361.66	636.932
633	357.722	630.66
634	353.671	624.518
635	349.507	618.507
636	345.23	612.626
637	340.84	606.876
638	336.337	601.257
639	331.72	595.768
640	326.99	590.41
641	322.147	585.182
642	317.191	580.085
643	312.122	575.118
644	306.939	570.282
645	301.643	565.577
646	296.235	561.002
647	290.712	556.557
648	285.077	552.243
649	279.329	548.06
650	273.467	544.007
651	267.492	540.085
652	261.404	536.293
653	255.203	532.632
654	248.888	529.102
655	242.461	525.702
656	235.92	522.432
657	229.266	519.293
658	222.499	516.285
659	564.48	605.452
660	571.005	606.369
661	577.543	607.148
662	584.095	607.787
663	590.661	608.287
664	597.24	608.649
665	552.157	599.538
666	546.224	594.96
667	540.169	590.662
668	533.992	586.645
669	527.694	582.909
670	521.273	579.454
671	514.73	576.279
672	508.066	573.385
673	501.28	570.771
674	494.372	568.439
675	487.342	566.387
676	480.19	564.615
677	472.916	563.124
678	465.52	561.914
679	556.021	597.464
680	554.502	590.517
681	553.414	583.557
682	552.754	576.582
683	552.524	569.593
684	552.724	562.59
685	553.352	555.572
686	554.411	548.541
687	712.624	658.77
688	718.563	654.696
689	724.591	650.884
690	730.709	647.334
691	736.916	644.046
692	743.213	641.019
693	749.598	638.255
694	756.074	635.752
695	762.638	633.511
696	769.293	631.533
697	776.036	629.816
698	782.869	628.361
699	789.791	627.167
700	796.803	626.236
701	803.904	625.567
702	811.094	625.159
703	825.423	623.362
704	832.48	621.76
705	839.545	620.207
706	846.619	618.704
707	853.701	617.251
708	860.792	615.847
709	867.891	614.493
710	874.998	613.188
711	882.114	611.933
712	889.238	610.728
713	896.37	609.572
714	903.511	608.466
715	910.66	607.409
716	917.818	606.402
717	924.984	605.445
718	932.158	604.537
719	939.341	603.678
720	946.532	602.87
721	60.8081	516.345
722	67.8595	516.955
723	74.9118	517.476
724	81.9651	517.908
725	89.0194	518.251
726	96.0747	518.506
727	103.131	518.672
728	110.188	518.749
729	117.246	518.737
730	124.305	518.637
731	131.365	518.447
732	138.426	518.169
733	145.489	517.802
734	152.551	517.347
735	58.5742	508.654
736	62.4451	501.589
737	65.3707	494.452
738	67.3507	487.242
739	68.3853	479.96
740	68.4744	472.605
741	67.618	465.177
742	65.8162	457.677
743	63.0689	450.104
744	166.673	517.32
745	173.714	517.568
746	180.739	517.548
747	187.747	517.258
748	194.74	516.699
749	201.716	515.871
750	208.675	514.774
751	215.795	506.206
752	216.614	499.25
753	218.075	492.539
754	220.178	486.073
755	222.922	479.853
756	226.309	473.878
757	230.337	468.148
758	311.948	550.913
759	311.363	543.803
760	311.065	536.747
761	311.055	529.746
762	311.332	522.8
763	311.897	515.908
764	312.749	509.071
765	313.888	502.288
766	315.315	495.56
767	317.028	488.887
768	319.03	482.268
769	321.318	475.703
770	323.894	469.194
771	326.757	462.738
772	329.908	456.338
773	607.745	510.026
774	615.46	508.447
775	622.771	506.256
776	629.678	503.453
777	636.181	500.038
778	642.28	496.011
779	647.976	491.373
780	653.267	486.122
781	658.154	480.26
782	662.637	473.786
783	710.866	516.262
784	712.606	509.126
785	714.845	502.351
786	717.584	495.939
787	720.823	489.888
788	724.561	484.199
789	728.799	478.871
790	733.537	473.906
791	738.774	469.302
792	744.511	465.06
793	750.747	461.179
794	923.491	506.204
795	918.665	500.753
796	913.735	495.449
797	908.699	490.291
798	903.558	485.281
799	898.313	480.417
800	892.962	475.699
801	887.507	471.129
802	881.946	466.704
803	876.281	462.427
804	870.51	458.296
805	864.634	454.312
806	858.654	450.475
807	852.568	446.784
808	846.378	443.24
809	840.083	439.842
810	833.682	436.591
811	827.177	433.487
812	820.566	430.53
813	813.851	427.719
814	329.812	443.745
815	326.273	437.501
816	322.728	431.261
817	319.177	425.025
818	315.62	418.792
819	312.057	412.562
820	308.489	406.336
821	304.914	400.113
822	301.334	393.893
823	297.748	387.677
824	294.156	381.464
825	290.558	375.255
826	286.954	369.049
827	283.344	362.847
828	279.729	356.647
829	276.108	350.452
830	272.48	344.259
831	268.847	338.07
832	265.208	331.885
833	261.564	325.703
834	257.913	319.524
835	254.257	313.349
836	250.594	307.177
837	765.499	456.355
838	772.995	454.257
839	779.969	451.368
840	786.423	447.688
841	792.356	443.217
842	797.768	437.954
843	802.66	431.9
844	756.121	450.709
845	755.004	443.767
846	754.135	436.833
847	753.512	429.907
848	753.135	422.99
849	753.005	416.082
850	753.122	409.182
851	753.485	402.291
852	754.095	395.408
853	754.952	388.534
854	756.055	381.669
855	757.405	374.812
856	759.001	367.963
857	759.355	450.832
858	761.324	444.041
859	763.388	437.288
860	765.55	430.574
861	767.808	423.898
862	770.162	417.261
863	772.613	410.661
864	775.16	404.1
865	777.804	397.577
866	780.545	391.093
867	783.382	384.647
868	786.316	378.239
869	789.346	371.87
870	792.472	365.538
871	795.695	359.245
872	23.2999	313.033
873	29.9406	315.214
874	36.5917	317.356
875	43.2531	319.46
876	49.9248	321.526
877	56.6069	323.553
878	63.2993	325.542
879	70.002	327.493
880	76.7151	329.405
881	83.4386	331.279
882	90.1723	333.115
883	96.9165	334.912
884	103.671	336.671
885	110.436	338.391
886	117.211	340.073
887	123.996	341.717
888	130.792	343.322
889	137.598	344.889
890	144.415	346.418
891	151.242	347.908
892	158.079	349.36
893	171.999	349.221
894	178.884	347.361
895	185.583	345.193
896	192.094	342.716
897	198.419	339.932
898	204.556	336.839
899	210.507	333.439
900	216.27	329.73
901	221.847	325.713
902	227.237	321.388
903	232.439	316.755
904	237.455	311.814
905	242.284	306.565
906	241.549	296.774
907	236.309	292.398
908	231.204	287.881
909	226.236	283.223
910	221.404	278.423
911	216.708	273.483
912	212.148	268.401
913	349.013	354.242
914	356.108	352.964
915	363.203	351.904
916	370.297	351.061
917	377.39	350.436
918	384.482	350.027
919	391.574	349.835
920	398.664	349.861
921	405.754	350.103
922	412.844	350.563
923	419.932	351.24
924	427.02	352.134
925	434.107	353.245
926	441.193	354.573
927	455.202	353.377
928	462.191	351.171
929	469.244	349.499
930	476.363	348.363
931	483.547	347.762
932	490.796	347.696
933	498.109	348.165
934	442.336	351.939
935	436.511	347.663
936	430.803	343.29
937	425.212	338.819
938	419.739	334.251
939	414.383	329.585
940	409.144	324.823
941	404.022	319.963
942	399.018	315.006
943	394.131	309.951
944	389.361	304.799
945	384.708	299.55
946	380.173	294.204
947	375.755	288.76
948	371.454	283.219
949	367.27	277.581
950	363.204	271.845
951	359.255	266.012
952	355.423	260.082
953	351.708	254.055
954	348.111	247.93
955	344.63	241.708
956	341.267	235.389
957	338.022	228.972
958	334.893	222.458
959	512.495	351.144
960	519.489	352.836
961	526.473	354.246
962	533.444	355.374
963	540.404	356.219
964	547.353	356.782
965	554.29	357.062
966	561.215	357.06
967	568.128	356.776
968	575.03	356.209
969	581.921	355.36
970	588.799	354.229
971	595.666	352.815
972	602.522	351.118
973	609.366	349.139
974	616.198	346.878
975	506.396	341.827
976	507.649	334.659
977	509.246	327.667
978	511.189	320.85
979	513.476	314.208
980	516.108	307.74
981	519.085	301.448
982	522.406	295.331
983	526.073	289.389
984	530.084	283.622
985	534.44	278.029
986	539.141	272.612
987	544.187	267.37
988	762.62	353.282
989	764.063	345.542
990	765.174	337.904
991	765.952	330.369
992	766.398	322.935
993	766.512	315.604
994	766.293	308.375
995	765.742	301.247
996	764.858	294.222
997	763.642	287.299
998	762.093	280.478
999	760.212	273.759
1000	757.998	267.142
1001	755.452	260.627
1002	752.574	254.215
1003	749.363	247.904
1004	745.819	241.695
1005	741.944	235.589
1006	737.735	229.585
1007	733.194	223.682
1008	728.321	217.882
1009	723.116	212.184
1010	717.577	206.588
1011	806.582	352.98
1012	814.031	352.687
1013	821.365	352.114
1014	828.581	351.26
1015	835.681	350.124
1016	842.664	348.708
1017	849.531	347.011
1018	856.281	345.033
1019	862.915	342.773
1020	869.431	340.233
1021	875.831	337.412
1022	882.115	334.31
1023	888.282	330.927
1024	894.332	327.262
1025	900.266	323.317
1026	906.083	319.091
1027	911.783	314.584
1028	917.367	309.796
1029	922.834	304.726
1030	120.971	226.789
1031	128.957	226.031
1032	136.724	225.866
1033	144.272	226.294
1034	151.602	227.315
1035	158.713	228.929
1036	165.605	231.135
1037	172.278	233.934
1038	178.733	237.326
1039	184.969	241.311
1040	190.986	245.889
1041	196.784	251.059
1042	202.364	256.823
1043	117.942	222.517
1044	122.792	216.76
1045	127.315	210.868
1046	131.512	204.843
1047	135.382	198.683
1048	138.925	192.388
1049	142.142	185.96
1050	145.033	179.397
1051	147.597	172.7
1052	149.835	165.868
1053	151.746	158.903
1054	153.331	151.803
1055	154.589	144.568
1056	155.521	137.2
1057	156.126	129.697
1058	215.077	262.833
1059	222.339	262.25
1060	229.51	261.427
1061	236.59	260.367
1062	243.579	259.068
1063	250.477	257.53
1064	257.284	255.754
1065	264.001	253.74
1066	270.626	251.487
1067	277.161	248.996
1068	283.605	246.267
1069	289.957	243.299
1070	296.219	240.092
1071	302.39	236.647
1072	308.47	232.964
1073	314.46	229.042
1074	320.358	224.882
1075	326.165	220.484
1076	208.102	255.967
1077	208.716	248.822
1078	209.566	241.743
1079	210.651	234.731
1080	211.973	227.786
1081	213.53	220.907
1082	215.324	214.095
1083	217.354	207.349
1084	219.62	200.67
1085	222.121	194.057
1086	224.859	187.511
1087	227.833	181.031
1088	231.043	174.618
1089	718.319	205.219
1090	724.967	208.982
1091	731.651	212.383
1092	738.371	215.422
1093	745.126	218.1
1094	751.917	220.415
1095	758.744	222.368
1096	765.607	223.96
1097	772.505	225.189
1098	779.439	226.056
1099	786.409	226.562
1100	793.414	226.706
1101	800.456	226.487
1102	807.533	225.907
1103	814.646	224.965
1104	821.794	223.66
1105	828.978	221.994
1106	836.198	219.966
1107	843.454	217.576
1108	706.017	196.084
1109	700.196	191.358
1110	694.246	186.916
1111	688.166	182.757
1112	681.956	178.883
1113	675.616	175.292
1114	669.145	171.985
1115	662.545	168.961
1116	655.815	166.222
1117	648.955	163.766
1118	641.965	161.593
1119	634.845	159.705
1120	627.595	158.1
1121	620.215	156.78
1122	849.898	206.83
1123	848.531	199.186
1124	846.645	191.891
1125	844.239	184.944
1126	841.314	178.347
1127	837.869	172.099
1128	833.905	166.2
1129	829.422	160.65
1130	824.419	155.45
1131	818.896	150.598
1132	812.854	146.095
1133	806.293	141.942
1134	41.38	149.636
1135	47.1583	144.426
1136	53.06	139.665
1137	59.0852	135.353
1138	65.2339	131.489
1139	71.5061	128.073
1140	77.9018	125.105
1141	84.4209	122.586
1142	91.0636	120.516
1143	97.8298	118.894
1144	104.719	117.72
1145	111.733	116.995
1146	118.869	116.718
1147	126.129	116.889
1148	133.513	117.509
1149	141.02	118.578
1150	148.651	120.094
1151	150.506	117.386
1152	144.906	112.476
1153	139.605	107.329
1154	134.603	101.944
1155	129.9	96.323
1156	125.496	90.4644
1157	121.391	84.3687
1158	117.584	78.036
1159	114.076	71.4662
1160	240.842	164.446
1161	247.252	160.912
1162	253.72	157.67
1163	260.245	154.721
1164	266.828	152.064
1165	273.468	149.7
1166	280.165	147.627
1167	286.92	145.848
1168	293.732	144.36
1169	300.601	143.165
1170	307.527	142.262
1171	314.511	141.652
1172	321.552	141.333
1173	328.651	141.307
1174	335.807	141.574
1175	343.02	142.133
1176	350.29	142.984
1177	235.172	160.741
1178	235.524	153.298
1179	235.543	145.943
1180	235.229	138.676
1181	234.583	131.496
1182	233.604	124.403
1183	232.292	117.399
1184	230.648	110.482
1185	228.671	103.652
1186	226.361	96.9103
1187	223.719	90.2561
1188	220.744	83.6895
1189	217.436	77.2106
1190	213.796	70.8192
1191	209.823	64.5156
1192	237	160.887
1193	239.695	153.667
1194	242.573	146.612
1195	245.635	139.724
1196	248.879	133
1197	252.307	126.443
1198	255.918	120.05
1199	259.713	113.823
1200	263.69	107.762
1201	267.851	101.866
1202	272.195	96.1356
1203	276.722	90.5706
1204	281.432	85.1711
1205	286.326	79.9371
1206	291.403	74.8686
1207	296.663	69.9655
1208	302.106	65.228
1209	307.732	60.6559
1210	313.542	56.2492
1211	319.535	52.0081
1212	325.711	47.9324
1213	332.07	44.0223
1214	338.613	40.2776
1215	345.339	36.6983
1216	352.248	33.2846
1217	357.947	137
1218	358.246	129.872
1219	358.516	122.744
1220	358.756	115.615
1221	358.967	108.486
1222	359.148	101.357
1223	359.3	94.2265
1224	359.422	87.0961
1225	359.515	79.9651
1226	359.578	72.8338
1227	359.612	65.702
1228	359.617	58.5697
1229	359.592	51.4371
1230	359.537	44.3039
1231	359.453	37.1703
1232	620.26	156.182
1233	627.724	156.302
1234	635.098	156.104
1235	642.382	155.588
1236	649.576	154.752
1237	656.679	153.598
1238	663.691	152.125
1239	670.614	150.334
1240	677.445	148.224
1241	684.187	145.795
1242	690.838	143.047
1243	697.398	139.981
1244	703.868	136.596
1245	710.248	132.892
1246	716.538	128.87
1247	729.126	128.931
1248	735.627	132.701
1249	742.242	135.837
1250	748.969	138.34
1251	755.808	140.211
1252	762.761	141.448
1253	769.825	142.052
1254	777.003	142.023
1255	784.293	141.361
1256	791.696	140.065
1257	796.261	130.611
1258	793.798	123.151
1259	791.825	115.759
1260	790.339	108.433
1261	789.342	101.174
1262	788.834	93.9824
1263	788.814	86.8573
1264	789.283	79.7991
1265	790.24	72.8077
1266	791.685	65.8833
1267	793.619	59.0257
1268	796.042	52.2349
1269	798.953	45.5111
1270	802.352	38.8541
1271	806.24	32.264
1272	810.617	25.7407
1273	806.544	136.348
1274	813.749	134.374
1275	820.827	132.216
1276	827.779	129.874
1277	834.603	127.347
1278	841.301	124.637
1279	847.873	121.742
1280	854.317	118.664
1281	860.635	115.401
1282	866.826	111.954
1283	872.89	108.322
1284	878.828	104.507
1285	884.638	100.507
1286	890.322	96.3236
1287	895.88	91.9557
1288	901.31	87.4037
1289	906.614	82.6674
1290	911.791	77.7471
1291	916.841	72.6425
1292	921.764	67.3538
1293	926.561	61.8809
1294	931.231	56.2239
1295	935.774	50.3827
1296	940.19	44.3574
1297	927.141	100.478
1298	929.547	93.6905
1299	931.833	86.8684
1300	934	80.0118
1301	936.046	73.1207
1302	937.973	66.1951
1303	939.779	59.235
1304	941.466	52.2404
1305	943.033	45.2114
1306	26.5264	62.3126
1307	33.5457	62.7955
1308	40.5667	63.2262
1309	47.5893	63.6046
1310	54.6136	63.9308
1311	61.6396	64.2048
1312	68.6672	64.4264
1313	75.6964	64.5959
1314	82.7273	64.713
1315	89.7598	64.778
1316	96.794	64.7907
1317	103.83	64.7511
1318	213.061	60.0135
1319	220.551	61.4419
1320	227.989	62.5847
1321	235.375	63.442
1322	242.708	64.0136
1323	249.988	64.2997
1324	257.216	64.3001
1325	264.392	64.015
1326	271.515	63.4443
1327	278.586	62.588
1328	285.604	61.4461
1329	292.569	60.0186
1330	299.483	58.3055
1331	306.343	56.3069
1332	313.151	54.0226
1333	319.907	51.4528
1334	326.611	48.5973
1335	333.261	45.4563
1336	339.86	42.0297
1337	346.406	38.3175
1338	352.899	34.3197
1339	419.609	47.1574
1340	426.904	50.5452
1341	434.196	53.4428
1342	441.485	55.8501
1343	448.77	57.7672
1344	456.053	59.1939
1345	463.333	60.1304
1346	470.61	60.5765
1347	477.884	60.5324
1348	485.155	59.998
1349	492.423	58.9734
1350	499.688	57.4584
1351	506.95	55.4532
1352	514.209	52.9576
1353	521.465	49.9718
1354	528.719	46.4957
1355	541.186	36.8467
1356	546.595	31.571
1357	552.194	26.7021
1358	557.985	22.2402
1359	563.968	18.1851
1360	570.142	14.537
1361	576.507	11.2957
1362	583.063	8.46135
1363	589.811	6.03388
1364	596.75	4.01331
1365	603.88	2.39964
1366	611.202	1.19286
1367	618.715	0.392982
1368	633.15	2.80701
1369	639.899	5.35254
1370	646.664	7.63658
1371	653.447	9.65915
1372	660.246	11.4202
1373	667.063	12.9198
1374	673.898	14.158
1375	680.749	15.1346
1376	687.618	15.8498
1377	694.504	16.3035
1378	701.407	16.4957
1379	708.327	16.4264
1380	715.265	16.0956
1381	722.22	15.5034
1382	729.192	14.6496
1383	736.181	13.5344
1384	743.188	12.1578
1385	750.212	10.5196
1386	765.165	6.49132
1387	772.897	5.35175
1388	780.447	5.20122
1389	787.816	6.03974
1390	795.004	7.86732
1391	802.011	10.6839
1392	808.837	14.4896
1393	822.245	23.0885
1394	829.056	26.5684
1395	835.915	29.7241
1396	842.82	32.5555
1397	849.773	35.0626
1398	856.774	37.2455
1399	863.822	39.1041
1400	870.918	40.6385
1401	878.06	41.8486
1402	885.251	42.7344
1403	892.488	43.296
1404	899.773	43.5334
1405	907.106	43.4464
1406	914.486	43.0352
1407	921.913	42.2998
1408	929.388	41.24
1409	936.91	39.8561
