NOMBRE : MTLARP8_9_3_2.dat
VERTICES ORIGINALES : 65
VERTICES TOTALES : 1081
DEPOTS : 3
63
64
65
LINEAS ORIGINALES : 68
LINE 1 9 229.188 20
	66 12.5279
	67 12.2047
	68 11.9101
	69 11.6462
	70 11.4152
	71 11.219
	72 11.0595
	73 10.9384
	74 10.8569
	75 10.8159
	76 10.8159
	77 10.8569
	78 10.9384
	79 11.0595
	80 11.219
	81 11.4152
	82 11.6462
	83 11.9101
	84 12.2047
	9 12.5279
LINE 2 3 78.2244 7
	85 11.5676
	86 11.1782
	87 10.938
	88 10.8567
	89 10.938
	90 11.1782
	3 11.5676
LINE 2 9 202.684 19
	91 10.8569
	92 10.7943
	93 10.7388
	94 10.6904
	95 10.6493
	96 10.6156
	97 10.5893
	98 10.5704
	99 10.5591
	100 10.5553
	101 10.5591
	102 10.5704
	103 10.5893
	104 10.6156
	105 10.6493
	106 10.6904
	107 10.7388
	108 10.7943
	9 10.8569
LINE 3 4 166.453 15
	109 11.4706
	110 11.3127
	111 11.1774
	112 11.0655
	113 10.9776
	114 10.9144
	115 10.8763
	116 10.8636
	117 10.8763
	118 10.9144
	119 10.9776
	120 11.0655
	121 11.1774
	122 11.3127
	4 11.4706
LINE 3 10 170.668 16
	123 10.7288
	124 10.704
	125 10.6828
	126 10.665
	127 10.6508
	128 10.6401
	129 10.633
	130 10.6294
	131 10.6294
	132 10.633
	133 10.6401
	134 10.6508
	135 10.665
	136 10.6828
	137 10.704
	10 10.7288
LINE 4 5 208.918 19
	138 11.1749
	139 11.1156
	140 11.0631
	141 11.0173
	142 10.9784
	143 10.9465
	144 10.9216
	145 10.9038
	146 10.8931
	147 10.8896
	148 10.8931
	149 10.9038
	150 10.9216
	151 10.9465
	152 10.9784
	153 11.0173
	154 11.0631
	155 11.1156
	5 11.1749
LINE 4 11 164.845 15
	156 11.0095
	157 11.001
	158 10.9938
	159 10.9879
	160 10.9833
	161 10.9801
	162 10.9781
	163 10.9775
	164 10.9781
	165 10.9801
	166 10.9833
	167 10.9879
	168 10.9938
	169 11.001
	11 11.0095
LINE 5 6 91.4518 8
	170 11.4401
	171 11.4327
	172 11.4278
	173 11.4253
	174 11.4253
	175 11.4278
	176 11.4327
	6 11.4401
LINE 5 12 130.278 12
	177 11.1109
	178 10.9734
	179 10.8622
	180 10.778
	181 10.7215
	182 10.6931
	183 10.6931
	184 10.7215
	185 10.778
	186 10.8622
	187 10.9734
	12 11.1109
LINE 5 13 180.909 17
	188 10.6419
	189 10.6419
	190 10.6418
	191 10.6417
	192 10.6417
	193 10.6416
	194 10.6416
	195 10.6416
	196 10.6416
	197 10.6416
	198 10.6416
	199 10.6416
	200 10.6417
	201 10.6417
	202 10.6418
	203 10.6419
	13 10.6419
LINE 7 15 137.691 13
	204 10.7224
	205 10.6573
	206 10.6038
	207 10.562
	208 10.532
	209 10.514
	210 10.508
	211 10.514
	212 10.532
	213 10.562
	214 10.6038
	215 10.6573
	15 10.7224
LINE 8 9 97.609 9
	216 10.9026
	217 10.8598
	218 10.8291
	219 10.8107
	220 10.8046
	221 10.8107
	222 10.8291
	223 10.8598
	9 10.9026
LINE 9 10 202.033 18
	224 11.6075
	225 11.4743
	226 11.3564
	227 11.2544
	228 11.1687
	229 11.0997
	230 11.0476
	231 11.0128
	232 10.9953
	233 10.9953
	234 11.0128
	235 11.0476
	236 11.0997
	237 11.1687
	238 11.2544
	239 11.3564
	240 11.4743
	10 11.6075
LINE 10 11 182.164 16
	241 12.3586
	242 11.9835
	243 11.6524
	244 11.3691
	245 11.1373
	246 10.9602
	247 10.8405
	248 10.7802
	249 10.7802
	250 10.8405
	251 10.9602
	252 11.1373
	253 11.3691
	254 11.6524
	255 11.9835
	11 12.3586
LINE 12 21 257.481 24
	256 10.8083
	257 10.7875
	258 10.7686
	259 10.7516
	260 10.7364
	261 10.7231
	262 10.7117
	263 10.7021
	264 10.6945
	265 10.6888
	266 10.685
	267 10.6831
	268 10.6831
	269 10.685
	270 10.6888
	271 10.6945
	272 10.7021
	273 10.7117
	274 10.7231
	275 10.7364
	276 10.7516
	277 10.7686
	278 10.7875
	21 10.8083
LINE 12 22 284.761 26
	279 10.9961
	280 10.9856
	281 10.976
	282 10.9673
	283 10.9594
	284 10.9524
	285 10.9462
	286 10.9409
	287 10.9366
	288 10.933
	289 10.9304
	290 10.9286
	291 10.9278
	292 10.9278
	293 10.9286
	294 10.9304
	295 10.933
	296 10.9366
	297 10.9409
	298 10.9462
	299 10.9524
	300 10.9594
	301 10.9673
	302 10.976
	303 10.9856
	22 10.9961
LINE 13 14 226.535 21
	304 10.7876
	305 10.7875
	306 10.7875
	307 10.7874
	308 10.7874
	309 10.7874
	310 10.7873
	311 10.7873
	312 10.7873
	313 10.7873
	314 10.7873
	315 10.7873
	316 10.7873
	317 10.7873
	318 10.7873
	319 10.7874
	320 10.7874
	321 10.7874
	322 10.7875
	323 10.7875
	14 10.7876
LINE 15 16 221.668 20
	324 11.0949
	325 11.0913
	326 11.088
	327 11.0852
	328 11.0828
	329 11.0808
	330 11.0792
	331 11.078
	332 11.0772
	333 11.0768
	334 11.0768
	335 11.0772
	336 11.078
	337 11.0792
	338 11.0808
	339 11.0828
	340 11.0852
	341 11.088
	342 11.0913
	16 11.0949
LINE 15 24 120.681 11
	343 11.7259
	344 11.2844
	345 10.9287
	346 10.6673
	347 10.5074
	348 10.4536
	349 10.5074
	350 10.6673
	351 10.9287
	352 11.2844
	24 11.7259
LINE 16 25 200.771 18
	353 11.4399
	354 11.3402
	355 11.2522
	356 11.1762
	357 11.1125
	358 11.0612
	359 11.0227
	360 10.9969
	361 10.9839
	362 10.9839
	363 10.9969
	364 11.0227
	365 11.0612
	366 11.1125
	367 11.1762
	368 11.2522
	369 11.3402
	25 11.4399
LINE 17 18 176.339 16
	370 11.2588
	371 11.1647
	372 11.0833
	373 11.0151
	374 10.9602
	375 10.9188
	376 10.8912
	377 10.8773
	378 10.8773
	379 10.8912
	380 10.9188
	381 10.9602
	382 11.0151
	383 11.0833
	384 11.1647
	18 11.2588
LINE 18 19 135.747 12
	385 11.3865
	386 11.3461
	387 11.3137
	388 11.2893
	389 11.2731
	390 11.2649
	391 11.2649
	392 11.2731
	393 11.2893
	394 11.3137
	395 11.3461
	19 11.3865
LINE 20 21 187.875 17
	396 11.153
	397 11.1151
	398 11.0821
	399 11.0541
	400 11.0312
	401 11.0133
	402 11.0005
	403 10.9928
	404 10.9903
	405 10.9928
	406 11.0005
	407 11.0133
	408 11.0312
	409 11.0541
	410 11.0821
	411 11.1151
	21 11.153
LINE 20 29 208.237 19
	412 10.9765
	413 10.9709
	414 10.966
	415 10.9618
	416 10.9582
	417 10.9553
	418 10.953
	419 10.9514
	420 10.9504
	421 10.9501
	422 10.9504
	423 10.9514
	424 10.953
	425 10.9553
	426 10.9582
	427 10.9618
	428 10.966
	429 10.9709
	29 10.9765
LINE 21 22 201.779 19
	430 10.6324
	431 10.6282
	432 10.6246
	433 10.6214
	434 10.6187
	435 10.6165
	436 10.6148
	437 10.6136
	438 10.6129
	439 10.6126
	440 10.6129
	441 10.6136
	442 10.6148
	443 10.6165
	444 10.6187
	445 10.6214
	446 10.6246
	447 10.6282
	22 10.6324
LINE 21 31 224.071 19
	448 12.9554
	449 12.5851
	450 12.249
	451 11.9501
	452 11.6912
	453 11.475
	454 11.304
	455 11.1803
	456 11.1054
	457 11.0803
	458 11.1054
	459 11.1803
	460 11.304
	461 11.475
	462 11.6912
	463 11.9501
	464 12.249
	465 12.5851
	31 12.9554
LINE 22 31 142.639 13
	466 11.0183
	467 10.9953
	468 10.9765
	469 10.9618
	470 10.9513
	471 10.945
	472 10.9429
	473 10.945
	474 10.9513
	475 10.9618
	476 10.9765
	477 10.9953
	31 11.0183
LINE 23 32 74.3789 7
	478 10.9899
	479 10.6286
	480 10.4058
	481 10.3304
	482 10.4058
	483 10.6286
	32 10.9899
LINE 26 27 176.747 16
	484 11.1689
	485 11.1203
	486 11.0784
	487 11.0434
	488 11.0153
	489 10.9941
	490 10.98
	491 10.973
	492 10.973
	493 10.98
	494 10.9941
	495 11.0153
	496 11.0434
	497 11.0784
	498 11.1203
	27 11.1689
LINE 26 34 86.9574 8
	499 10.9513
	500 10.8815
	501 10.8347
	502 10.8112
	503 10.8112
	504 10.8347
	505 10.8815
	34 10.9513
LINE 27 28 128.481 12
	506 10.7275
	507 10.7162
	508 10.7072
	509 10.7004
	510 10.6959
	511 10.6936
	512 10.6936
	513 10.6959
	514 10.7004
	515 10.7072
	516 10.7162
	28 10.7275
LINE 27 35 135.999 12
	517 11.4706
	518 11.396
	519 11.336
	520 11.2908
	521 11.2606
	522 11.2454
	523 11.2454
	524 11.2606
	525 11.2908
	526 11.336
	527 11.396
	35 11.4706
LINE 28 29 206.914 19
	528 10.8903
	529 10.8902
	530 10.8902
	531 10.8902
	532 10.8902
	533 10.8902
	534 10.8902
	535 10.8902
	536 10.8902
	537 10.8902
	538 10.8902
	539 10.8902
	540 10.8902
	541 10.8902
	542 10.8902
	543 10.8902
	544 10.8902
	545 10.8902
	29 10.8903
LINE 28 36 200.028 18
	546 11.5011
	547 11.3662
	548 11.2468
	549 11.1435
	550 11.0566
	551 10.9866
	552 10.9339
	553 10.8985
	554 10.8808
	555 10.8808
	556 10.8985
	557 10.9339
	558 10.9866
	559 11.0566
	560 11.1435
	561 11.2468
	562 11.3662
	36 11.5011
LINE 29 30 135.407 12
	563 12.1745
	564 11.7034
	565 11.3125
	566 11.0101
	567 10.8039
	568 10.6993
	569 10.6993
	570 10.8039
	571 11.0101
	572 11.3125
	573 11.7034
	30 12.1745
LINE 29 37 139.031 13
	574 10.757
	575 10.726
	576 10.7004
	577 10.6806
	578 10.6664
	579 10.6578
	580 10.655
	581 10.6578
	582 10.6664
	583 10.6806
	584 10.7004
	585 10.726
	37 10.757
LINE 30 31 144.614 13
	586 11.5862
	587 11.359
	588 11.1697
	589 11.0203
	590 10.9123
	591 10.8469
	592 10.8251
	593 10.8469
	594 10.9123
	595 11.0203
	596 11.1697
	597 11.359
	31 11.5862
LINE 30 39 188.909 17
	598 11.7549
	599 11.5201
	600 11.3126
	601 11.1341
	602 10.9858
	603 10.8691
	604 10.785
	605 10.7342
	606 10.7172
	607 10.7342
	608 10.785
	609 10.8691
	610 10.9858
	611 11.1341
	612 11.3126
	613 11.5201
	39 11.7549
LINE 32 41 253.178 23
	614 11.1124
	615 11.084
	616 11.0582
	617 11.0351
	618 11.0147
	619 10.9969
	620 10.9819
	621 10.9696
	622 10.96
	623 10.9532
	624 10.949
	625 10.9477
	626 10.949
	627 10.9532
	628 10.96
	629 10.9696
	630 10.9819
	631 10.9969
	632 11.0147
	633 11.0351
	634 11.0582
	635 11.084
	41 11.1124
LINE 33 41 114.478 10
	636 11.6577
	637 11.5187
	638 11.4133
	639 11.3424
	640 11.3069
	641 11.3069
	642 11.3424
	643 11.4133
	644 11.5187
	41 11.6577
LINE 36 37 163.656 14
	645 12.5501
	646 12.165
	647 11.8345
	648 11.5633
	649 11.3557
	650 11.2151
	651 11.1442
	652 11.1442
	653 11.2151
	654 11.3557
	655 11.5633
	656 11.8345
	657 12.165
	37 12.5501
LINE 36 44 195.167 18
	658 10.9234
	659 10.895
	660 10.8701
	661 10.8486
	662 10.8308
	663 10.8164
	664 10.8057
	665 10.7985
	666 10.7949
	667 10.7949
	668 10.7985
	669 10.8057
	670 10.8164
	671 10.8308
	672 10.8486
	673 10.8701
	674 10.895
	44 10.9234
LINE 36 45 170.41 15
	675 12.0879
	676 11.7847
	677 11.5219
	678 11.3023
	679 11.1285
	680 11.0027
	681 10.9266
	682 10.9011
	683 10.9266
	684 11.0027
	685 11.1285
	686 11.3023
	687 11.5219
	688 11.7847
	45 12.0879
LINE 37 45 138.284 13
	689 10.646
	690 10.6416
	691 10.638
	692 10.6353
	693 10.6333
	694 10.6321
	695 10.6317
	696 10.6321
	697 10.6333
	698 10.6353
	699 10.638
	700 10.6416
	45 10.646
LINE 37 46 226.224 20
	701 11.9596
	702 11.7603
	703 11.5802
	704 11.4203
	705 11.2814
	706 11.1644
	707 11.0699
	708 10.9985
	709 10.9506
	710 10.9266
	711 10.9266
	712 10.9506
	713 10.9985
	714 11.0699
	715 11.1644
	716 11.2814
	717 11.4203
	718 11.5802
	719 11.7603
	46 11.9596
LINE 38 39 159.795 14
	720 12.2731
	721 11.8888
	722 11.5588
	723 11.2879
	724 11.0803
	725 10.9398
	726 10.8688
	727 10.8688
	728 10.9398
	729 11.0803
	730 11.2879
	731 11.5588
	732 11.8888
	39 12.2731
LINE 38 47 208.417 18
	733 12.3773
	734 12.1042
	735 11.86
	736 11.6466
	737 11.4657
	738 11.319
	739 11.2076
	740 11.1328
	741 11.0952
	742 11.0952
	743 11.1328
	744 11.2076
	745 11.319
	746 11.4657
	747 11.6466
	748 11.86
	749 12.1042
	47 12.3773
LINE 39 40 169.998 15
	750 11.8601
	751 11.6388
	752 11.4481
	753 11.2898
	754 11.165
	755 11.0751
	756 11.0208
	757 11.0026
	758 11.0208
	759 11.0751
	760 11.165
	761 11.2898
	762 11.4481
	763 11.6388
	40 11.8601
LINE 39 48 283.086 25
	764 12.0056
	765 11.84
	766 11.6868
	767 11.5464
	768 11.4193
	769 11.306
	770 11.2069
	771 11.1224
	772 11.0527
	773 10.9982
	774 10.9591
	775 10.9356
	776 10.9277
	777 10.9356
	778 10.9591
	779 10.9982
	780 11.0527
	781 11.1224
	782 11.2069
	783 11.306
	784 11.4193
	785 11.5464
	786 11.6868
	787 11.84
	48 12.0056
LINE 42 49 241.534 22
	788 11.5929
	789 11.4221
	790 11.2662
	791 11.1257
	792 11.0013
	793 10.8936
	794 10.803
	795 10.73
	796 10.6749
	797 10.638
	798 10.6195
	799 10.6195
	800 10.638
	801 10.6749
	802 10.73
	803 10.803
	804 10.8936
	805 11.0013
	806 11.1257
	807 11.2662
	808 11.4221
	49 11.5929
LINE 43 50 199.662 18
	809 11.1212
	810 11.111
	811 11.1021
	812 11.0945
	813 11.0881
	814 11.083
	815 11.0792
	816 11.0766
	817 11.0754
	818 11.0754
	819 11.0766
	820 11.0792
	821 11.083
	822 11.0881
	823 11.0945
	824 11.1021
	825 11.111
	50 11.1212
LINE 44 51 252.075 23
	826 11.2042
	827 11.1383
	828 11.0783
	829 11.0243
	830 10.9765
	831 10.9349
	832 10.8995
	833 10.8705
	834 10.8479
	835 10.8317
	836 10.822
	837 10.8188
	838 10.822
	839 10.8317
	840 10.8479
	841 10.8705
	842 10.8995
	843 10.9349
	844 10.9765
	845 11.0243
	846 11.0783
	847 11.1383
	51 11.2042
LINE 45 46 114.181 10
	848 11.5449
	849 11.4607
	850 11.3971
	851 11.3545
	852 11.3332
	853 11.3332
	854 11.3545
	855 11.3971
	856 11.4607
	46 11.5449
LINE 45 51 170.498 15
	857 11.7757
	858 11.6031
	859 11.455
	860 11.3323
	861 11.236
	862 11.1667
	863 11.1249
	864 11.111
	865 11.1249
	866 11.1667
	867 11.236
	868 11.3323
	869 11.455
	870 11.6031
	51 11.7757
LINE 46 47 205.162 18
	871 12.3953
	872 12.0569
	873 11.7529
	874 11.4858
	875 11.2584
	876 11.0732
	877 10.9322
	878 10.8371
	879 10.7893
	880 10.7893
	881 10.8371
	882 10.9322
	883 11.0732
	884 11.2584
	885 11.4858
	886 11.7529
	887 12.0569
	47 12.3953
LINE 47 48 206.488 19
	888 11.2536
	889 11.1271
	890 11.0143
	891 10.9156
	892 10.8313
	893 10.7619
	894 10.7076
	895 10.6687
	896 10.6453
	897 10.6374
	898 10.6453
	899 10.6687
	900 10.7076
	901 10.7619
	902 10.8313
	903 10.9156
	904 11.0143
	905 11.1271
	48 11.2536
LINE 47 52 224.34 21
	906 10.7421
	907 10.7244
	908 10.7085
	909 10.6944
	910 10.6823
	911 10.672
	912 10.6635
	913 10.6569
	914 10.6522
	915 10.6494
	916 10.6485
	917 10.6494
	918 10.6522
	919 10.6569
	920 10.6635
	921 10.672
	922 10.6823
	923 10.6944
	924 10.7085
	925 10.7244
	52 10.7421
LINE 47 53 178.749 16
	926 11.2028
	927 11.1904
	928 11.1798
	929 11.1709
	930 11.1638
	931 11.1585
	932 11.155
	933 11.1532
	934 11.1532
	935 11.155
	936 11.1585
	937 11.1638
	938 11.1709
	939 11.1798
	940 11.1904
	53 11.2028
LINE 50 58 103.981 9
	941 12.3239
	942 11.7584
	943 11.3372
	944 11.0767
	945 10.9886
	946 11.0767
	947 11.3372
	948 11.7584
	58 12.3239
LINE 52 59 204.888 19
	949 10.8488
	950 10.8271
	951 10.808
	952 10.7913
	953 10.7772
	954 10.7657
	955 10.7567
	956 10.7502
	957 10.7464
	958 10.7451
	959 10.7464
	960 10.7502
	961 10.7567
	962 10.7657
	963 10.7772
	964 10.7913
	965 10.808
	966 10.8271
	59 10.8488
LINE 52 60 222.466 20
	967 11.7417
	968 11.5514
	969 11.3796
	970 11.2272
	971 11.0948
	972 10.9833
	973 10.8933
	974 10.8253
	975 10.7797
	976 10.7568
	977 10.7568
	978 10.7797
	979 10.8253
	980 10.8933
	981 10.9833
	982 11.0948
	983 11.2272
	984 11.3796
	985 11.5514
	60 11.7417
LINE 53 54 91.9222 8
	986 12.2007
	987 11.6025
	988 11.186
	989 10.9718
	990 10.9718
	991 11.186
	992 11.6025
	54 12.2007
LINE 53 60 258.478 23
	993 11.5623
	994 11.4751
	995 11.3957
	996 11.3242
	997 11.2607
	998 11.2053
	999 11.1583
	1000 11.1197
	1001 11.0896
	1002 11.068
	1003 11.055
	1004 11.0507
	1005 11.055
	1006 11.068
	1007 11.0896
	1008 11.1197
	1009 11.1583
	1010 11.2053
	1011 11.2607
	1012 11.3242
	1013 11.3957
	1014 11.4751
	60 11.5623
LINE 53 61 170.106 15
	1015 12.3849
	1016 11.9545
	1017 11.5778
	1018 11.2603
	1019 11.0069
	1020 10.8224
	1021 10.7101
	1022 10.6724
	1023 10.7101
	1024 10.8224
	1025 11.0069
	1026 11.2603
	1027 11.5778
	1028 11.9545
	61 12.3849
LINE 54 61 156.323 14
	1029 11.189
	1030 11.1783
	1031 11.1695
	1032 11.1624
	1033 11.157
	1034 11.1535
	1035 11.1517
	1036 11.1517
	1037 11.1535
	1038 11.157
	1039 11.1624
	1040 11.1695
	1041 11.1783
	61 11.189
LINE 55 56 202.195 19
	1042 10.6487
	1043 10.6464
	1044 10.6444
	1045 10.6427
	1046 10.6412
	1047 10.6399
	1048 10.639
	1049 10.6383
	1050 10.6379
	1051 10.6378
	1052 10.6379
	1053 10.6383
	1054 10.639
	1055 10.6399
	1056 10.6412
	1057 10.6427
	1058 10.6444
	1059 10.6464
	56 10.6487
LINE 57 58 138.883 13
	1060 10.9234
	1061 10.8045
	1062 10.7061
	1063 10.629
	1064 10.5736
	1065 10.5402
	1066 10.5291
	1067 10.5402
	1068 10.5736
	1069 10.629
	1070 10.7061
	1071 10.8045
	58 10.9234
LINE 61 62 121.683 11
	1072 11.0767
	1073 11.0679
	1074 11.0611
	1075 11.0562
	1076 11.0533
	1077 11.0523
	1078 11.0533
	1079 11.0562
	1080 11.0611
	1081 11.0679
	62 11.0767
COORDENADAS :
1	78.068	749.727
2	173.654	734.32
3	224.312	733.495
4	329.88	707.855
5	462.584	745.477
6	523.296	740.282
7	744.996	696.014
8	67.7882	650.184
9	120.055	611.833
10	251.463	623.418
11	364.673	603.741
12	462.274	659.962
13	512.405	635.644
14	659.745	602.499
15	716.378	609.558
16	858.694	649.034
17	50.2962	516.296
18	165.895	506.586
19	256.007	506.526
20	325.652	558.282
21	431.052	491.912
22	565.175	500.938
23	614.618	490.957
24	735.731	535.381
25	835.357	519.329
26	40.4863	396.657
27	149.493	439.259
28	234.99	436.336
29	372.667	427.793
30	451.232	394.089
31	543.934	408.509
32	641.206	450.743
33	745.391	396.43
34	50.9371	339.968
35	165.823	350.805
36	270.869	310.82
37	371.836	335.454
38	463.61	348.314
39	564.923	351.344
40	674.913	354.187
41	747.867	321.122
42	818.865	315.091
43	168.944	220.25
44	223.219	190.37
45	357.352	244.458
46	415.791	196.597
47	538.327	238.182
48	667.863	201.096
49	721.33	193.702
50	135.56	91.6086
51	379.82	135.644
52	415.086	154.3
53	555.953	120.53
54	612.804	107.291
55	738.767	136.091
56	866.062	91.9077
57	69.1533	0
58	155.729	28.8379
59	380.174	22.7494
60	426.365	11.3587
61	566.081	14.2875
62	644.973	32.8712
63	29.8013	762.93
64	0	418.022
65	765.249	658.898
66	84.2046	744.061
67	89.9163	738.266
68	95.2029	732.342
69	100.065	726.289
70	104.501	720.106
71	108.513	713.793
72	112.1	707.351
73	115.262	700.78
74	117.998	694.08
75	120.31	687.25
76	122.197	680.29
77	123.659	673.202
78	124.696	665.983
79	125.308	658.636
80	125.495	651.159
81	125.257	643.552
82	124.594	635.817
83	123.506	627.951
84	121.993	619.957
85	180.848	731.54
86	188.056	729.648
87	195.278	728.643
88	202.515	728.526
89	209.767	729.295
90	217.032	730.951
91	169.281	728.552
92	165.081	722.709
93	161.052	716.791
94	157.197	710.797
95	153.513	704.728
96	150.003	698.583
97	146.664	692.362
98	143.498	686.067
99	140.505	679.695
100	137.684	673.249
101	135.035	666.727
102	132.559	660.129
103	130.255	653.456
104	128.124	646.708
105	126.165	639.884
106	124.379	632.984
107	122.765	626.009
108	121.324	618.959
109	231.93	734.171
110	239.464	734.506
111	246.916	734.5
112	254.284	734.154
113	261.57	733.467
114	268.774	732.439
115	275.894	731.071
116	282.932	729.361
117	289.887	727.311
118	296.76	724.92
119	303.549	722.189
120	310.256	719.117
121	316.88	715.704
122	323.421	711.95
123	226.954	726.848
124	229.47	720.17
125	231.86	713.462
126	234.124	706.722
127	236.262	699.951
128	238.273	693.148
129	240.159	686.315
130	241.919	679.451
131	243.553	672.556
132	245.061	665.629
133	246.443	658.672
134	247.699	651.683
135	248.829	644.663
136	249.833	637.613
137	250.711	630.531
138	336.408	711.445
139	342.987	714.855
140	349.616	718.087
141	356.297	721.14
142	363.028	724.014
143	369.809	726.71
144	376.642	729.226
145	383.525	731.564
146	390.458	733.723
147	397.443	735.703
148	404.478	737.504
149	411.564	739.127
150	418.7	740.571
151	425.888	741.835
152	433.126	742.921
153	440.414	743.829
154	447.753	744.557
155	455.143	745.107
156	332.73	701.091
157	335.504	694.302
158	338.203	687.488
159	340.825	680.648
160	343.372	673.783
161	345.843	666.893
162	348.239	659.978
163	350.558	653.037
164	352.802	646.07
165	354.97	639.079
166	357.062	632.062
167	359.079	625.019
168	361.019	617.952
169	362.884	610.859
170	470.206	745.219
171	477.819	744.848
172	485.423	744.366
173	493.016	743.772
174	500.6	743.067
175	508.175	742.25
176	515.74	741.322
177	464.579	738.344
178	466.206	731.212
179	467.466	724.081
180	468.359	716.951
181	468.884	709.823
182	469.042	702.696
183	468.832	695.57
184	468.255	688.446
185	467.311	681.323
186	466	674.201
187	464.321	667.081
188	465.461	738.992
189	468.344	732.51
190	471.235	726.031
191	474.132	719.555
192	477.035	713.082
193	479.946	706.612
194	482.863	700.145
195	485.787	693.681
196	488.718	687.221
197	491.655	680.763
198	494.599	674.308
199	497.55	667.856
200	500.507	661.408
201	503.472	654.962
202	506.443	648.52
203	509.42	642.08
204	741.444	689.81
205	738.118	683.532
206	735.016	677.18
207	732.14	670.753
208	729.488	664.251
209	727.062	657.675
210	724.86	651.025
211	722.884	644.3
212	721.133	637.501
213	719.606	630.627
214	718.305	623.678
215	717.229	616.655
216	74.1709	646.707
217	80.4098	643.033
218	86.5048	639.164
219	92.4561	635.099
220	98.2635	630.838
221	103.927	626.381
222	109.447	621.727
223	114.823	616.878
224	127.137	614.951
225	134.245	617.778
226	141.379	620.314
227	148.538	622.559
228	155.723	624.512
229	162.933	626.175
230	170.17	627.546
231	177.432	628.627
232	184.719	629.416
233	192.033	629.914
234	199.371	630.121
235	206.736	630.037
236	214.126	629.661
237	221.542	628.995
238	228.984	628.037
239	236.451	626.789
240	243.944	625.249
241	259.23	626.166
242	266.905	628.384
243	274.487	630.072
244	281.978	631.229
245	289.376	631.856
246	296.683	631.952
247	303.896	631.518
248	311.018	630.553
249	318.048	629.058
250	324.985	627.033
251	331.83	624.477
252	338.583	621.39
253	345.244	617.774
254	351.813	613.626
255	358.289	608.949
256	459.897	653.159
257	457.613	646.34
258	455.423	639.503
259	453.327	632.649
260	451.324	625.777
261	449.415	618.888
262	447.599	611.982
263	445.877	605.058
264	444.248	598.117
265	442.713	591.158
266	441.272	584.182
267	439.924	577.189
268	438.67	570.178
269	437.51	563.15
270	436.443	556.104
271	435.469	549.041
272	434.59	541.961
273	433.804	534.863
274	433.111	527.748
275	432.512	520.616
276	432.007	513.466
277	431.595	506.299
278	431.277	499.114
279	466.918	654.289
280	471.507	648.581
281	476.04	642.837
282	480.519	637.058
283	484.943	631.244
284	489.312	625.394
285	493.627	619.508
286	497.886	613.587
287	502.091	607.631
288	506.241	601.639
289	510.336	595.611
290	514.376	589.548
291	518.361	583.449
292	522.291	577.315
293	526.166	571.146
294	529.987	564.941
295	533.753	558.7
296	537.464	552.424
297	541.12	546.113
298	544.721	539.766
299	548.267	533.383
300	551.758	526.965
301	555.195	520.511
302	558.577	514.022
303	561.904	507.498
304	519.432	634.113
305	526.457	632.578
306	533.482	631.037
307	540.506	629.492
308	547.528	627.942
309	554.55	626.388
310	561.57	624.828
311	568.59	623.264
312	575.608	621.695
313	582.625	620.122
314	589.642	618.543
315	596.657	616.96
316	603.671	615.372
317	610.684	613.78
318	617.696	612.183
319	624.707	610.581
320	631.716	608.974
321	638.725	607.362
322	645.733	605.746
323	652.739	604.125
324	723.607	611.124
325	730.824	612.733
326	738.029	614.384
327	745.222	616.079
328	752.404	617.817
329	759.573	619.598
330	766.731	621.421
331	773.876	623.288
332	781.01	625.197
333	788.132	627.149
334	795.241	629.145
335	802.339	631.183
336	809.425	633.264
337	816.499	635.388
338	823.562	637.555
339	830.612	639.765
340	837.65	642.018
341	844.677	644.314
342	851.691	646.653
343	721.564	603.709
344	726.065	597.68
345	729.88	591.474
346	733.01	585.088
347	735.455	578.523
348	737.214	571.78
349	738.288	564.858
350	738.677	557.757
351	738.38	550.477
352	737.398	543.019
353	859.499	641.45
354	860.057	633.911
355	860.368	626.416
356	860.431	618.965
357	860.247	611.559
358	859.816	604.198
359	859.138	596.881
360	858.212	589.608
361	857.04	582.38
362	855.619	575.196
363	853.952	568.057
364	852.037	560.963
365	849.875	553.913
366	847.466	546.907
367	844.81	539.946
368	841.906	533.029
369	838.755	526.157
370	57.6836	517.624
371	65.0494	518.694
372	72.3936	519.506
373	79.716	520.06
374	87.0168	520.356
375	94.296	520.394
376	101.553	520.174
377	108.789	519.696
378	116.003	518.961
379	123.196	517.967
380	130.367	516.715
381	137.516	515.205
382	144.643	513.437
383	151.749	511.412
384	158.833	509.128
385	173.405	507.692
386	180.915	508.596
387	188.425	509.298
388	195.935	509.798
389	203.444	510.096
390	210.953	510.192
391	218.463	510.086
392	225.972	509.778
393	233.481	509.268
394	240.989	508.556
395	248.498	507.642
396	332.526	555.449
397	339.316	552.482
398	346.022	549.381
399	352.644	546.146
400	359.181	542.777
401	365.634	539.275
402	372.002	535.638
403	378.287	531.868
404	384.487	527.964
405	390.602	523.926
406	396.634	519.754
407	402.581	515.448
408	408.444	511.009
409	414.222	506.435
410	419.917	501.728
411	425.527	496.887
412	328.604	551.587
413	331.502	544.871
414	334.348	538.137
415	337.141	531.384
416	339.88	524.612
417	342.567	517.82
418	345.2	511.01
419	347.781	504.18
420	350.308	497.331
421	352.783	490.464
422	355.204	483.577
423	357.573	476.671
424	359.888	469.745
425	362.151	462.801
426	364.36	455.838
427	366.516	448.855
428	368.62	441.854
429	370.67	434.833
430	438.141	491.956
431	445.225	492.048
432	452.307	492.188
433	459.386	492.376
434	466.461	492.611
435	473.533	492.895
436	480.602	493.226
437	487.667	493.605
438	494.729	494.032
439	501.789	494.507
440	508.844	495.03
441	515.897	495.601
442	522.947	496.22
443	529.993	496.887
444	537.036	497.601
445	544.076	498.363
446	551.112	499.174
447	558.145	500.032
448	439.653	491.122
449	447.958	489.932
450	455.968	488.342
451	463.682	486.352
452	471.101	483.962
453	478.224	481.172
454	485.052	477.983
455	491.584	474.393
456	497.821	470.403
457	503.762	466.014
458	509.407	461.224
459	514.758	456.034
460	519.812	450.445
461	524.571	444.455
462	529.035	438.066
463	533.203	431.277
464	537.076	424.087
465	540.653	416.498
466	562.705	494.02
467	560.374	487.07
468	558.183	480.089
469	556.13	473.075
470	554.218	466.029
471	552.444	458.951
472	550.81	451.841
473	549.316	444.699
474	547.961	437.525
475	546.745	430.319
476	545.669	423.081
477	544.732	415.811
478	616.331	483.834
479	618.739	477.17
480	621.843	470.965
481	625.641	465.22
482	630.134	459.935
483	635.323	455.11
484	47.8058	398.023
485	55.0578	399.562
486	62.2422	401.274
487	69.3591	403.159
488	76.4084	405.217
489	83.3902	407.447
490	90.3045	409.851
491	97.1511	412.427
492	103.93	415.176
493	110.642	418.098
494	117.286	421.193
495	123.862	424.46
496	130.371	427.901
497	136.813	431.514
498	143.187	435.3
499	42.9495	389.784
500	45.0821	382.85
501	46.8843	375.855
502	48.3559	368.8
503	49.497	361.683
504	50.3075	354.506
505	50.7876	347.267
506	156.598	438.445
507	163.707	437.736
508	170.819	437.129
509	177.935	436.627
510	185.055	436.228
511	192.178	435.933
512	199.304	435.741
513	206.434	435.653
514	213.568	435.668
515	220.705	435.787
516	227.845	436.01
517	152.343	432.162
518	154.922	425.016
519	157.23	417.82
520	159.268	410.574
521	161.035	403.278
522	162.531	395.932
523	163.756	388.536
524	164.711	381.09
525	165.395	373.593
526	165.808	366.047
527	165.951	358.451
528	242.235	435.866
529	249.48	435.397
530	256.725	434.931
531	263.97	434.467
532	271.216	434.006
533	278.461	433.547
534	285.707	433.09
535	292.953	432.636
536	300.199	432.184
537	307.445	431.735
538	314.691	431.287
539	321.938	430.842
540	329.185	430.4
541	336.431	429.959
542	343.678	429.521
543	350.925	429.086
544	358.173	428.653
545	365.42	428.222
546	239.375	430.047
547	243.48	423.677
548	247.302	417.227
549	250.844	410.697
550	254.104	404.086
551	257.082	397.394
552	259.779	390.622
553	262.195	383.77
554	264.329	376.837
555	266.181	369.824
556	267.752	362.73
557	269.042	355.555
558	270.05	348.301
559	270.777	340.966
560	271.222	333.55
561	271.386	326.054
562	271.268	318.477
563	377.681	421.411
564	382.974	415.678
565	388.545	410.595
566	394.396	406.162
567	400.524	402.379
568	406.932	399.245
569	413.618	396.761
570	420.584	394.927
571	427.828	393.743
572	435.35	393.209
573	443.152	393.324
574	373.589	420.681
575	374.347	413.571
576	374.94	406.462
577	375.369	399.355
578	375.633	392.249
579	375.733	385.144
580	375.67	378.041
581	375.441	370.939
582	375.049	363.839
583	374.492	356.741
584	373.771	349.644
585	372.886	342.548
586	457.94	397.919
587	464.718	401.295
588	471.567	404.218
589	478.486	406.688
590	485.476	408.704
591	492.536	410.266
592	499.667	411.376
593	506.869	412.032
594	514.141	412.234
595	521.483	411.983
596	528.897	411.278
597	536.38	410.12
598	459.053	394.588
599	466.732	394.71
600	474.269	394.456
601	481.665	393.825
602	488.919	392.817
603	496.032	391.433
604	503.003	389.672
605	509.832	387.534
606	516.52	385.019
607	523.066	382.128
608	529.47	378.861
609	535.733	375.216
610	541.855	371.195
611	547.834	366.797
612	553.672	362.023
613	559.369	356.872
614	646.825	445.915
615	652.355	441.014
616	657.795	436.039
617	663.146	430.99
618	668.408	425.868
619	673.581	420.673
620	678.665	415.405
621	683.659	410.063
622	688.564	404.647
623	693.38	399.158
624	698.107	393.596
625	702.744	387.96
626	707.292	382.251
627	711.751	376.468
628	716.121	370.612
629	720.402	364.683
630	724.593	358.68
631	728.695	352.604
632	732.708	346.454
633	736.632	340.231
634	740.466	333.935
635	744.211	327.565
636	747.542	388.962
637	749.27	381.48
638	750.575	373.984
639	751.457	366.474
640	751.916	358.95
641	751.952	351.412
642	751.565	343.86
643	750.755	336.295
644	749.523	328.715
645	277.166	316.329
646	283.604	321.261
647	290.183	325.616
648	296.902	329.395
649	303.762	332.596
650	310.763	335.221
651	317.905	337.269
652	325.187	338.74
653	332.61	339.634
654	340.174	339.952
655	347.879	339.693
656	355.724	338.856
657	363.71	337.444
658	269.259	303.718
659	267.527	296.664
660	265.673	289.659
661	263.697	282.702
662	261.599	275.793
663	259.379	268.932
664	257.037	262.119
665	254.573	255.355
666	251.987	248.639
667	249.279	241.972
668	246.448	235.353
669	243.496	228.782
670	240.421	222.259
671	237.225	215.784
672	233.907	209.358
673	230.466	202.98
674	226.903	196.651
675	278.754	309.159
676	286.337	307.103
677	293.617	304.652
678	300.593	301.806
679	307.268	298.566
680	313.639	294.932
681	319.707	290.902
682	325.473	286.478
683	330.936	281.659
684	336.095	276.446
685	340.953	270.838
686	345.507	264.835
687	349.758	258.437
688	353.707	251.645
689	371.086	328.396
690	370.276	321.348
691	369.404	314.31
692	368.472	307.281
693	367.479	300.263
694	366.426	293.253
695	365.312	286.254
696	364.137	279.264
697	362.901	272.283
698	361.605	265.313
699	360.248	258.352
700	358.831	251.4
701	377.129	329.491
702	382.095	323.424
703	386.736	317.255
704	391.052	310.982
705	395.041	304.607
706	398.704	298.128
707	402.042	291.546
708	405.054	284.861
709	407.741	278.073
710	410.101	271.181
711	412.136	264.187
712	413.845	257.089
713	415.229	249.889
714	416.286	242.585
715	417.018	235.178
716	417.424	227.668
717	417.504	220.055
718	417.259	212.339
719	416.688	204.519
720	470.96	344.721
721	478.293	341.713
722	485.609	339.292
723	492.907	337.457
724	500.187	336.208
725	507.45	335.545
726	514.696	335.468
727	521.924	335.977
728	529.134	337.073
729	536.327	338.755
730	543.502	341.023
731	550.66	343.877
732	557.801	347.317
733	470.792	344.253
734	477.618	339.949
735	484.088	335.404
736	490.2	330.616
737	495.956	325.587
738	501.356	320.315
739	506.398	314.801
740	511.084	309.046
741	515.414	303.049
742	519.386	296.809
743	523.002	290.328
744	526.261	283.604
745	529.164	276.639
746	531.71	269.431
747	533.899	261.982
748	535.732	254.291
749	537.207	246.357
750	572.332	348.582
751	579.73	346.243
752	587.117	344.325
753	594.494	342.828
754	601.859	341.753
755	609.213	341.099
756	616.557	340.867
757	623.89	341.057
758	631.211	341.668
759	638.522	342.701
760	645.822	344.155
761	653.111	346.031
762	660.389	348.328
763	667.656	351.047
764	566.307	343.46
765	567.918	335.733
766	569.757	328.162
767	571.824	320.747
768	574.118	313.489
769	576.641	306.386
770	579.391	299.439
771	582.37	292.649
772	585.576	286.014
773	589.01	279.536
774	592.672	273.214
775	596.561	267.048
776	600.679	261.038
777	605.024	255.184
778	609.598	249.487
779	614.399	243.945
780	619.428	238.56
781	624.685	233.33
782	630.17	228.257
783	635.882	223.34
784	641.823	218.579
785	647.991	213.974
786	654.387	209.525
787	661.011	205.232
788	816.851	307.629
789	814.606	300.353
790	812.131	293.261
791	809.426	286.355
792	806.49	279.634
793	803.324	273.098
794	799.928	266.748
795	796.301	260.582
796	792.443	254.601
797	788.356	248.806
798	784.038	243.196
799	779.489	237.771
800	774.71	232.531
801	769.7	227.476
802	764.461	222.606
803	758.99	217.922
804	753.29	213.422
805	747.359	209.108
806	741.197	204.979
807	734.805	201.035
808	728.183	197.276
809	166.437	213.272
810	164.007	206.275
811	161.654	199.258
812	159.377	192.22
813	157.178	185.163
814	155.054	178.086
815	153.008	170.989
816	151.038	163.872
817	149.145	156.736
818	147.329	149.579
819	145.589	142.402
820	143.926	135.206
821	142.34	127.989
822	140.831	120.753
823	139.398	113.497
824	138.042	106.221
825	136.763	98.9246
826	230.668	189.824
827	238.059	189.111
828	245.392	188.232
829	252.667	187.186
830	259.884	185.974
831	267.042	184.595
832	274.142	183.049
833	281.184	181.336
834	288.167	179.457
835	295.092	177.411
836	301.959	175.198
837	308.768	172.819
838	315.519	170.273
839	322.211	167.56
840	328.845	164.68
841	335.421	161.634
842	341.938	158.422
843	348.397	155.042
844	354.798	151.496
845	361.141	147.783
846	367.426	143.903
847	373.652	139.857
848	364.132	240.815
849	370.703	236.917
850	377.067	232.765
851	383.222	228.36
852	389.17	223.701
853	394.91	218.788
854	400.442	213.621
855	405.766	208.2
856	410.882	202.525
857	361.397	237.73
858	365.078	230.926
859	368.394	224.048
860	371.348	217.094
861	373.937	210.065
862	376.162	202.961
863	378.024	195.782
864	379.522	188.527
865	380.656	181.198
866	381.426	173.793
867	381.832	166.314
868	381.875	158.759
869	381.554	151.129
870	380.869	143.424
871	421.289	202.766
872	426.941	208.481
873	432.747	213.743
874	438.707	218.55
875	444.821	222.903
876	451.089	226.802
877	457.512	230.247
878	464.088	233.239
879	470.819	235.776
880	477.703	237.859
881	484.742	239.489
882	491.935	240.664
883	499.281	241.385
884	506.782	241.653
885	514.437	241.466
886	522.246	240.825
887	530.209	239.731
888	544.47	233.876
889	550.689	229.832
890	556.983	226.049
891	563.351	222.528
892	569.794	219.268
893	576.312	216.27
894	582.905	213.534
895	589.573	211.059
896	596.316	208.845
897	603.134	206.893
898	610.027	205.203
899	616.994	203.774
900	624.036	202.607
901	631.154	201.701
902	638.346	201.057
903	645.613	200.674
904	652.955	200.553
905	660.371	200.694
906	532.989	233.408
907	527.598	228.711
908	522.154	224.093
909	516.657	219.553
910	511.107	215.09
911	505.504	210.706
912	499.847	206.4
913	494.138	202.171
914	488.376	198.021
915	482.56	193.949
916	476.691	189.954
917	470.77	186.038
918	464.795	182.2
919	458.767	178.439
920	452.686	174.757
921	446.552	171.152
922	440.365	167.626
923	434.125	164.178
924	427.832	160.807
925	421.485	157.515
926	540.124	230.933
927	541.828	223.67
928	543.439	216.393
929	544.958	209.102
930	546.384	201.798
931	547.718	194.479
932	548.959	187.147
933	550.107	179.8
934	551.162	172.44
935	552.125	165.066
936	552.994	157.678
937	553.772	150.276
938	554.456	142.86
939	555.048	135.431
940	555.547	127.987
941	141.342	85.772
942	146.239	79.6508
943	150.251	73.2452
944	153.377	66.5552
945	155.618	59.5806
946	156.974	52.3216
947	157.444	44.7782
948	157.029	36.9502
949	414.213	147.121
950	413.232	139.97
951	412.145	132.847
952	410.95	125.752
953	409.648	118.687
954	408.24	111.649
955	406.724	104.64
956	405.1	97.6594
957	403.37	90.7073
958	401.533	83.7835
959	399.588	76.8882
960	397.536	70.0214
961	395.378	63.1829
962	393.112	56.3729
963	390.738	49.5914
964	388.258	42.8382
965	385.671	36.1135
966	382.976	29.4172
967	412.517	146.906
968	410.278	139.538
969	408.369	132.196
970	406.789	124.879
971	405.54	117.589
972	404.62	110.325
973	404.029	103.087
974	403.769	95.8746
975	403.838	88.6885
976	404.237	81.5284
977	404.966	74.3944
978	406.025	67.2863
979	407.413	60.2043
980	409.131	53.1483
981	411.179	46.1183
982	413.557	39.1143
983	416.265	32.1364
984	419.302	25.1845
985	422.669	18.2586
986	562.244	115.374
987	568.768	111.219
988	575.525	108.064
989	582.515	105.909
990	589.738	104.754
991	597.194	104.6
992	604.883	105.445
993	548.858	117.517
994	541.896	114.347
995	535.066	111.019
996	528.369	107.534
997	521.806	103.891
998	515.374	100.09
999	509.076	96.1319
1000	502.911	92.0159
1001	496.878	87.7423
1002	490.978	83.311
1003	485.211	78.7221
1004	479.577	73.9755
1005	474.075	69.0713
1006	468.707	64.0094
1007	463.471	58.7899
1008	458.368	53.4128
1009	453.398	47.878
1010	448.56	42.1855
1011	443.856	36.3354
1012	439.284	30.3277
1013	434.845	24.1624
1014	430.539	17.8393
1015	552.458	113.049
1016	549.559	105.626
1017	547.255	98.2591
1018	545.547	90.9491
1019	544.435	83.6959
1020	543.919	76.4995
1021	543.998	69.3598
1022	544.674	62.277
1023	545.945	55.251
1024	547.811	48.2818
1025	550.274	41.3693
1026	553.332	34.5137
1027	556.986	27.7149
1028	561.236	20.9728
1029	610.012	100.374
1030	607.137	93.499
1031	604.177	86.6661
1032	601.133	79.8755
1033	598.006	73.1269
1034	594.794	66.4206
1035	591.499	59.7564
1036	588.12	53.1343
1037	584.656	46.5545
1038	581.109	40.0168
1039	577.478	33.5212
1040	573.763	27.0678
1041	569.964	20.6566
1042	745.361	133.461
1043	751.967	130.865
1044	758.584	128.303
1045	765.214	125.774
1046	771.855	123.28
1047	778.507	120.819
1048	785.172	118.392
1049	791.848	115.999
1050	798.536	113.64
1051	805.236	111.315
1052	811.948	109.023
1053	818.671	106.765
1054	825.406	104.541
1055	832.152	102.351
1056	838.911	100.195
1057	845.681	98.0723
1058	852.463	95.9836
1059	859.257	93.9288
1060	75.2001	4.05797
1061	81.3491	7.80932
1062	87.6003	11.2541
1063	93.9535	14.3922
1064	100.409	17.2237
1065	106.966	19.7486
1066	113.626	21.9669
1067	120.388	23.8786
1068	127.252	25.4837
1069	134.218	26.7821
1070	141.286	27.774
1071	148.456	28.4592
1072	573.141	16.4535
1073	580.223	18.5241
1074	587.328	20.4994
1075	594.455	22.3794
1076	601.604	24.1642
1077	608.776	25.8536
1078	615.971	27.4477
1079	623.187	28.9465
1080	630.427	30.35
1081	637.688	31.6583
