NOMBRE : MTLARP7_7_3_1.dat
VERTICES ORIGINALES : 42
VERTICES TOTALES : 491
DEPOTS : 3
40
41
42
LINEAS ORIGINALES : 30
LINE 1 7 178.468 18
	43 9.99262
	44 9.96529
	45 9.94131
	46 9.92071
	47 9.90351
	48 9.88973
	49 9.87938
	50 9.87248
	51 9.86902
	52 9.86902
	53 9.87248
	54 9.87938
	55 9.88973
	56 9.90351
	57 9.92071
	58 9.94131
	59 9.96529
	7 9.99262
LINE 2 7 195.667 20
	60 9.79145
	61 9.7889
	62 9.78662
	63 9.78464
	64 9.78293
	65 9.78151
	66 9.78037
	67 9.77952
	68 9.77895
	69 9.77867
	70 9.77867
	71 9.77895
	72 9.77952
	73 9.78037
	74 9.78151
	75 9.78293
	76 9.78464
	77 9.78662
	78 9.7889
	7 9.79145
LINE 3 4 101.665 10
	79 10.2792
	80 10.2044
	81 10.1479
	82 10.1101
	83 10.0911
	84 10.0911
	85 10.1101
	86 10.1479
	87 10.2044
	4 10.2792
LINE 5 12 130.121 13
	88 10.7613
	89 10.3966
	90 10.0883
	91 9.8419
	92 9.66203
	93 9.55249
	94 9.5157
	95 9.55249
	96 9.66203
	97 9.8419
	98 10.0883
	99 10.3966
	12 10.7613
LINE 6 7 192.21 19
	100 10.4617
	101 10.3484
	102 10.2473
	103 10.159
	104 10.0836
	105 10.0215
	106 9.97297
	107 9.93814
	108 9.91718
	109 9.91018
	110 9.91718
	111 9.93814
	112 9.97297
	113 10.0215
	114 10.0836
	115 10.159
	116 10.2473
	117 10.3484
	7 10.4617
LINE 6 13 144.448 15
	118 9.73234
	119 9.68863
	120 9.65148
	121 9.62099
	122 9.5972
	123 9.58018
	124 9.56995
	125 9.56654
	126 9.56995
	127 9.58018
	128 9.5972
	129 9.62099
	130 9.65148
	131 9.68863
	13 9.73234
LINE 7 13 161.443 16
	132 10.5164
	133 10.3491
	134 10.2034
	135 10.0805
	136 9.981
	137 9.90575
	138 9.85526
	139 9.82991
	140 9.82991
	141 9.85526
	142 9.90575
	143 9.981
	144 10.0805
	145 10.2034
	146 10.3491
	13 10.5164
LINE 8 14 104.672 10
	147 11.3753
	148 10.788
	149 10.3257
	150 10.0056
	151 9.84161
	152 9.84161
	153 10.0056
	154 10.3257
	155 10.788
	14 11.3753
LINE 9 10 102.087 10
	156 10.8061
	157 10.4159
	158 10.1134
	159 9.90661
	160 9.80157
	161 9.80157
	162 9.90661
	163 10.1134
	164 10.4159
	10 10.8061
LINE 10 11 175.582 18
	165 10.0221
	166 9.92884
	167 9.84654
	168 9.77544
	169 9.7158
	170 9.66781
	171 9.63167
	172 9.6075
	173 9.59539
	174 9.59539
	175 9.6075
	176 9.63167
	177 9.66781
	178 9.7158
	179 9.77544
	180 9.84654
	181 9.92884
	11 10.0221
LINE 10 15 180.787 18
	182 10.2004
	183 10.1455
	184 10.0972
	185 10.0556
	186 10.0208
	187 9.99293
	188 9.97194
	189 9.95793
	190 9.95091
	191 9.95091
	192 9.95793
	193 9.97194
	194 9.99293
	195 10.0208
	196 10.0556
	197 10.0972
	198 10.1455
	15 10.2004
LINE 12 18 241.879 23
	199 11.6741
	200 11.3745
	201 11.0964
	202 10.8415
	203 10.6116
	204 10.4082
	205 10.2329
	206 10.0872
	207 9.97245
	208 9.88966
	209 9.83965
	210 9.82292
	211 9.83965
	212 9.88966
	213 9.97245
	214 10.0872
	215 10.2329
	216 10.4082
	217 10.6116
	218 10.8415
	219 11.0964
	220 11.3745
	18 11.6741
LINE 14 15 126.174 13
	221 9.79206
	222 9.74905
	223 9.71371
	224 9.68614
	225 9.6664
	226 9.65453
	227 9.65057
	228 9.65453
	229 9.6664
	230 9.68614
	231 9.71371
	232 9.74905
	15 9.79206
LINE 16 17 125.874 13
	233 9.91359
	234 9.79921
	235 9.70463
	236 9.63042
	237 9.57706
	238 9.5449
	239 9.53416
	240 9.5449
	241 9.57706
	242 9.63042
	243 9.70463
	244 9.79921
	17 9.91359
LINE 16 22 112.876 11
	245 11.0542
	246 10.592
	247 10.2181
	248 9.94235
	249 9.7732
	250 9.71615
	251 9.7732
	252 9.94235
	253 10.2181
	254 10.592
	22 11.0542
LINE 18 25 264.603 26
	255 11.0897
	256 10.8801
	257 10.6843
	258 10.5031
	259 10.3374
	260 10.1878
	261 10.055
	262 9.93986
	263 9.84285
	264 9.76455
	265 9.70541
	266 9.66578
	267 9.64591
	268 9.64591
	269 9.66578
	270 9.70541
	271 9.76455
	272 9.84285
	273 9.93986
	274 10.055
	275 10.1878
	276 10.3374
	277 10.5031
	278 10.6843
	279 10.8801
	25 11.0897
LINE 19 26 223.266 23
	280 9.82477
	281 9.7929
	282 9.76397
	283 9.73802
	284 9.71507
	285 9.69513
	286 9.67822
	287 9.66437
	288 9.65359
	289 9.64587
	290 9.64124
	291 9.6397
	292 9.64124
	293 9.64587
	294 9.65359
	295 9.66437
	296 9.67822
	297 9.69513
	298 9.71507
	299 9.73802
	300 9.76397
	301 9.7929
	26 9.82477
LINE 20 27 195.923 18
	302 12.2905
	303 11.8221
	304 11.3965
	305 11.0186
	306 10.6935
	307 10.4261
	308 10.221
	309 10.0819
	310 10.0116
	311 10.0116
	312 10.0819
	313 10.221
	314 10.4261
	315 10.6935
	316 11.0186
	317 11.3965
	318 11.8221
	27 12.2905
LINE 21 27 163.822 15
	319 12.345
	320 11.7676
	321 11.2559
	322 10.8193
	323 10.4672
	324 10.2082
	325 10.0496
	326 9.99616
	327 10.0496
	328 10.2082
	329 10.4672
	330 10.8193
	331 11.2559
	332 11.7676
	27 12.345
LINE 23 29 56.9064 6
	333 9.50681
	334 9.47994
	335 9.46647
	336 9.46647
	337 9.47994
	29 9.50681
LINE 24 25 185.592 18
	338 11.0462
	339 10.7949
	340 10.5701
	341 10.3735
	342 10.2068
	343 10.0714
	344 9.96871
	345 9.89964
	346 9.86492
	347 9.86492
	348 9.89964
	349 9.96871
	350 10.0714
	351 10.2068
	352 10.3735
	353 10.5701
	354 10.7949
	25 11.0462
LINE 25 31 266.535 26
	355 11.3492
	356 11.099
	357 10.8647
	358 10.6472
	359 10.4476
	360 10.2669
	361 10.1061
	362 9.96622
	363 9.84815
	364 9.75267
	365 9.68043
	366 9.63198
	367 9.60766
	368 9.60766
	369 9.63198
	370 9.68043
	371 9.75267
	372 9.84815
	373 9.96622
	374 10.1061
	375 10.2669
	376 10.4476
	377 10.6472
	378 10.8647
	379 11.099
	31 11.3492
LINE 25 32 96.152 10
	380 10.0029
	381 9.74805
	382 9.55247
	383 9.41983
	384 9.3528
	385 9.3528
	386 9.41983
	387 9.55247
	388 9.74805
	32 10.0029
LINE 26 33 70.6566 7
	389 10.2729
	390 10.0946
	391 9.98606
	392 9.94963
	393 9.98606
	394 10.0946
	33 10.2729
LINE 28 29 175.239 16
	395 12.3611
	396 11.8281
	397 11.3513
	398 10.9381
	399 10.596
	400 10.3319
	401 10.1521
	402 10.061
	403 10.061
	404 10.1521
	405 10.3319
	406 10.596
	407 10.9381
	408 11.3513
	409 11.8281
	29 12.3611
LINE 30 35 219.905 22
	410 10.6926
	411 10.5
	412 10.3236
	413 10.1642
	414 10.0226
	415 9.8997
	416 9.79607
	417 9.71237
	418 9.64911
	419 9.60671
	420 9.58544
	421 9.58544
	422 9.60671
	423 9.64911
	424 9.71237
	425 9.79607
	426 9.8997
	427 10.0226
	428 10.1642
	429 10.3236
	430 10.5
	35 10.6926
LINE 31 36 196.517 20
	431 9.84505
	432 9.839
	433 9.83361
	434 9.8289
	435 9.82486
	436 9.82149
	437 9.81879
	438 9.81677
	439 9.81542
	440 9.81474
	441 9.81474
	442 9.81542
	443 9.81677
	444 9.81879
	445 9.82149
	446 9.82486
	447 9.8289
	448 9.83361
	449 9.839
	36 9.84505
LINE 33 34 120.871 12
	450 10.3302
	451 10.1911
	452 10.0784
	453 9.99303
	454 9.93573
	455 9.90695
	456 9.90695
	457 9.93573
	458 9.99303
	459 10.0784
	460 10.1911
	34 10.3302
LINE 36 37 148.311 15
	461 9.88743
	462 9.88742
	463 9.88742
	464 9.88742
	465 9.88742
	466 9.88741
	467 9.88741
	468 9.88741
	469 9.88741
	470 9.88741
	471 9.88742
	472 9.88742
	473 9.88742
	474 9.88742
	37 9.88743
LINE 38 39 182.196 18
	475 10.3783
	476 10.2889
	477 10.21
	478 10.1419
	479 10.0848
	480 10.0389
	481 10.0043
	482 9.9812
	483 9.96962
	484 9.96962
	485 9.9812
	486 10.0043
	487 10.0389
	488 10.0848
	489 10.1419
	490 10.21
	491 10.2889
	39 10.3783
COORDENADAS :
1	209.803	649.902
2	354.845	624.446
3	431.147	658.921
4	498.006	666.234
5	36.1649	500.145
6	133.277	510.194
7	255.097	540.483
8	342.117	510.459
9	455.035	505.242
10	503.779	548.628
11	618.068	562.485
12	16.1094	420.152
13	205.902	447.926
14	354.507	446.17
15	438.1	448.915
16	513.774	406.723
17	596.197	400.88
18	152.52	356.294
19	210.824	304.702
20	334.808	297.607
21	404.048	328.426
22	548.739	344.64
23	634.125	301.782
24	126.654	210.746
25	244.819	216.934
26	326.652	212.88
27	436.534	233.89
28	540.091	207.823
29	631.373	264.023
30	44.787	161.346
31	109.38	120.126
32	208.568	166.272
33	328.105	166.471
34	402.909	140.372
35	2.69129	27.2506
36	161.29	0
37	258.707	16.9109
38	311.995	50.4443
39	424.834	10.7477
40	509.763	702.962
41	141.124	692.409
42	480.56	398.818
43	213.286	644.223
44	216.656	638.497
45	219.911	632.725
46	223.053	626.905
47	226.081	621.038
48	228.996	615.124
49	231.796	609.163
50	234.483	603.154
51	237.056	597.099
52	239.516	590.997
53	241.862	584.847
54	244.094	578.651
55	246.212	572.407
56	248.216	566.116
57	250.107	559.779
58	251.884	553.394
59	253.547	546.962
60	350.072	619.992
61	345.277	615.565
62	340.46	611.166
63	335.619	606.793
64	330.756	602.447
65	325.871	598.127
66	320.963	593.835
67	316.032	589.57
68	311.079	585.331
69	306.102	581.12
70	301.104	576.935
71	296.082	572.777
72	291.038	568.646
73	285.972	564.542
74	280.883	560.465
75	275.771	556.415
76	270.636	552.392
77	265.479	548.395
78	260.299	544.425
79	437.69	660.958
80	444.265	662.704
81	450.872	664.16
82	457.51	665.326
83	464.18	666.203
84	470.882	666.789
85	477.615	667.085
86	484.381	667.091
87	491.178	666.808
88	31.3723	494.807
89	27.1213	489.332
90	23.412	483.722
91	20.2443	477.976
92	17.6183	472.094
93	15.5339	466.077
94	13.9912	459.924
95	12.9901	453.634
96	12.5307	447.209
97	12.6129	440.649
98	13.2367	433.952
99	14.4022	427.12
100	139.149	513.957
101	145.081	517.479
102	151.074	520.76
103	157.126	523.799
104	163.238	526.598
105	169.41	529.156
106	175.642	531.473
107	181.933	533.549
108	188.285	535.384
109	194.697	536.978
110	201.168	538.331
111	207.7	539.444
112	214.291	540.315
113	220.942	540.945
114	227.653	541.335
115	234.424	541.483
116	241.255	541.391
117	248.146	541.057
118	137.342	505.138
119	141.518	500.211
120	145.806	495.413
121	150.204	490.744
122	154.713	486.205
123	159.333	481.795
124	164.064	477.514
125	168.905	473.363
126	173.858	469.341
127	178.921	465.449
128	184.096	461.685
129	189.381	458.051
130	194.777	454.547
131	200.284	451.172
132	249.817	535.87
133	244.831	531.101
134	240.14	526.176
135	235.742	521.094
136	231.638	515.856
137	227.829	510.462
138	224.313	504.911
139	221.091	499.205
140	218.164	493.342
141	215.53	487.323
142	213.19	481.147
143	211.145	474.815
144	209.393	468.327
145	207.935	461.683
146	206.772	454.882
147	347.113	504.755
148	351.275	498.889
149	354.601	492.862
150	357.093	486.675
151	358.749	480.326
152	359.571	473.817
153	359.557	467.146
154	358.709	460.315
155	357.026	453.323
156	461.938	507.301
157	468.391	509.867
158	474.393	512.939
159	479.944	516.517
160	485.044	520.603
161	489.692	525.195
162	493.89	530.293
163	497.637	535.898
164	500.934	542.01
165	509.896	551.316
166	516.04	553.779
167	522.211	556.015
168	528.41	558.026
169	534.637	559.811
170	540.89	561.371
171	547.171	562.705
172	553.48	563.813
173	559.816	564.696
174	566.179	565.353
175	572.569	565.784
176	578.987	565.989
177	585.432	565.969
178	591.905	565.724
179	598.405	565.252
180	604.932	564.555
181	611.486	563.633
182	501.38	542.265
183	498.835	535.999
184	496.142	529.829
185	493.303	523.757
186	490.316	517.781
187	487.182	511.902
188	483.901	506.12
189	480.473	500.435
190	476.898	494.847
191	473.176	489.356
192	469.306	483.962
193	465.289	478.664
194	461.126	473.464
195	456.815	468.36
196	452.357	463.353
197	447.752	458.444
198	443	453.631
199	20.2572	413.566
200	24.5672	407.327
201	29.0393	401.435
202	33.6734	395.888
203	38.4697	390.688
204	43.428	385.834
205	48.5484	381.326
206	53.831	377.165
207	59.2756	373.349
208	64.8823	369.88
209	70.6512	366.758
210	76.5821	363.981
211	82.6751	361.551
212	88.9302	359.467
213	95.3474	357.729
214	101.927	356.338
215	108.668	355.293
216	115.572	354.594
217	122.637	354.241
218	129.865	354.235
219	137.255	354.575
220	144.806	355.261
221	360.901	447.486
222	367.301	448.618
223	373.707	449.566
224	380.119	450.33
225	386.537	450.909
226	392.962	451.305
227	399.392	451.516
228	405.828	451.543
229	412.271	451.385
230	418.719	451.044
231	425.173	450.518
232	431.634	449.809
233	520.243	408.08
234	526.69	409.136
235	533.115	409.891
236	539.519	410.344
237	545.902	410.497
238	552.264	410.349
239	558.604	409.899
240	564.923	409.149
241	571.22	408.097
242	577.496	406.745
243	583.751	405.091
244	589.985	403.136
245	513.891	399.354
246	514.619	392.331
247	515.961	385.652
248	517.914	379.318
249	520.481	373.329
250	523.659	367.686
251	527.45	362.387
252	531.854	357.433
253	536.87	352.823
254	542.498	348.559
255	159.114	352.949
256	165.464	349.444
257	171.571	345.777
258	177.434	341.949
259	183.053	337.96
260	188.429	333.81
261	193.562	329.498
262	198.451	325.025
263	203.097	320.391
264	207.499	315.595
265	211.658	310.638
266	215.573	305.52
267	219.245	300.241
268	222.673	294.8
269	225.858	289.198
270	228.799	283.435
271	231.496	277.511
272	233.951	271.425
273	236.161	265.178
274	238.129	258.77
275	239.853	252.201
276	241.333	245.47
277	242.57	238.578
278	243.563	231.525
279	244.313	224.31
280	216.646	301.701
281	222.397	298.61
282	228.076	295.429
283	233.684	292.158
284	239.22	288.797
285	244.684	285.345
286	250.078	281.804
287	255.4	278.172
288	260.65	274.45
289	265.829	270.638
290	270.936	266.736
291	275.972	262.744
292	280.937	258.662
293	285.83	254.489
294	290.652	250.226
295	295.402	245.873
296	300.08	241.43
297	304.688	236.897
298	309.223	232.274
299	313.688	227.561
300	318.081	222.757
301	322.402	217.864
302	337.933	290.033
303	341.354	282.933
304	345.073	276.307
305	349.089	270.157
306	353.403	264.481
307	358.013	259.28
308	362.922	254.553
309	368.127	250.301
310	373.63	246.524
311	379.43	243.222
312	385.527	240.394
313	391.922	238.041
314	398.614	236.162
315	405.604	234.758
316	412.89	233.829
317	420.474	233.375
318	428.356	233.395
319	410.781	323.693
320	416.861	318.736
321	422.289	313.554
322	427.065	308.149
323	431.188	302.519
324	434.659	296.665
325	437.477	290.587
326	439.643	284.285
327	441.156	277.758
328	442.017	271.007
329	442.225	264.032
330	441.781	256.833
331	440.685	249.41
332	438.936	241.762
333	633.072	295.532
334	632.258	289.265
335	631.68	282.98
336	631.341	276.678
337	631.238	270.359
338	133.392	207.775
339	140.11	205.194
340	146.808	203.003
341	153.485	201.202
342	160.141	199.791
343	166.778	198.77
344	173.393	198.139
345	179.989	197.898
346	186.564	198.047
347	193.118	198.585
348	199.652	199.514
349	206.166	200.833
350	212.659	202.542
351	219.132	204.64
352	225.584	207.129
353	232.016	210.007
354	238.428	213.276
355	237.266	216.49
356	229.9	215.784
357	222.722	214.815
358	215.732	213.583
359	208.929	212.09
360	202.313	210.334
361	195.885	208.316
362	189.645	206.035
363	183.592	203.492
364	177.726	200.687
365	172.048	197.619
366	166.558	194.29
367	161.255	190.697
368	156.14	186.843
369	151.212	182.726
370	146.471	178.347
371	141.918	173.705
372	137.553	168.801
373	133.375	163.635
374	129.385	158.206
375	125.582	152.515
376	121.966	146.562
377	118.539	140.347
378	115.298	133.869
379	112.245	127.129
380	239.259	213.253
381	234.129	209.264
382	229.428	204.967
383	225.158	200.362
384	221.318	195.45
385	217.908	190.23
386	214.928	184.702
387	212.378	178.866
388	210.258	172.723
389	325.156	206.197
390	324.228	199.531
391	323.867	192.884
392	324.075	186.254
393	324.85	179.642
394	326.194	173.047
395	548.312	207.25
396	556.198	207.221
397	563.747	207.737
398	570.962	208.798
399	577.841	210.403
400	584.385	212.554
401	590.593	215.249
402	596.466	218.489
403	602.003	222.274
404	607.205	226.604
405	612.072	231.478
406	616.603	236.897
407	620.799	242.862
408	624.659	249.37
409	628.184	256.424
410	39.8562	156.198
411	35.2129	150.96
412	30.8568	145.631
413	26.7882	140.212
414	23.0069	134.704
415	19.5129	129.105
416	16.3064	123.415
417	13.3872	117.636
418	10.7553	111.766
419	8.41083	105.806
420	6.3537	99.7559
421	4.58394	93.6156
422	3.10155	87.385
423	1.90651	81.0643
424	0.998839	74.6533
425	0.37853	68.1521
426	0.0455838	61.5607
427	0	54.8791
428	0.241779	48.1073
429	0.77092	41.2453
430	1.58742	34.293
431	111.503	113.915
432	113.675	107.726
433	115.897	101.558
434	118.169	95.4123
435	120.49	89.2877
436	122.862	83.1845
437	125.283	77.1029
438	127.754	71.0428
439	130.275	65.0043
440	132.845	58.9872
441	135.466	52.9917
442	138.136	47.0176
443	140.856	41.0651
444	143.626	35.1341
445	146.445	29.2247
446	149.315	23.3367
447	152.234	17.4702
448	155.203	11.6253
449	158.221	5.8019
450	333.693	162.446
451	339.399	158.758
452	345.222	155.406
453	351.162	152.39
454	357.22	149.71
455	363.395	147.367
456	369.687	145.361
457	376.097	143.69
458	382.624	142.356
459	389.268	141.358
460	396.03	140.697
461	167.782	1.13909
462	174.275	2.27652
463	180.768	3.41227
464	187.261	4.54635
465	193.755	5.67876
466	200.249	6.8095
467	206.743	7.93856
468	213.238	9.06596
469	219.732	10.1917
470	226.227	11.3157
471	232.723	12.4381
472	239.218	13.5588
473	245.714	14.6779
474	252.211	15.7952
475	317.625	46.4224
476	323.33	42.6141
477	329.11	39.0196
478	334.965	35.6387
479	340.896	32.4716
480	346.901	29.5182
481	352.982	26.7786
482	359.138	24.2526
483	365.369	21.9404
484	371.676	19.8419
485	378.057	17.9571
486	384.514	16.286
487	391.046	14.8287
488	397.653	13.585
489	404.336	12.5551
490	411.093	11.7389
491	417.926	11.1365
