NOMBRE : MTLARP8_9_5_1.dat
VERTICES ORIGINALES : 69
VERTICES TOTALES : 866
DEPOTS : 5
65
66
67
68
69
LINEAS ORIGINALES : 53
LINE 1 2 191.61 16
	70 13.321
	71 12.8084
	72 12.3522
	73 11.9586
	74 11.6342
	75 11.3849
	76 11.2155
	77 11.1299
	78 11.1299
	79 11.2155
	80 11.3849
	81 11.6342
	82 11.9586
	83 12.3522
	84 12.8084
	2 13.321
LINE 2 3 133.075 12
	85 11.1929
	86 11.1367
	87 11.0916
	88 11.0576
	89 11.0349
	90 11.0236
	91 11.0236
	92 11.0349
	93 11.0576
	94 11.0916
	95 11.1367
	3 11.1929
LINE 2 8 258.878 22
	96 13.2535
	97 12.8532
	98 12.482
	99 12.1425
	100 11.8374
	101 11.5695
	102 11.3414
	103 11.1556
	104 11.0142
	105 10.9189
	106 10.871
	107 10.871
	108 10.9189
	109 11.0142
	110 11.1556
	111 11.3414
	112 11.5695
	113 11.8374
	114 12.1425
	115 12.482
	116 12.8532
	8 13.2535
LINE 3 4 167.545 15
	117 11.3044
	118 11.2469
	119 11.1981
	120 11.158
	121 11.1267
	122 11.1043
	123 11.0908
	124 11.0863
	125 11.0908
	126 11.1043
	127 11.1267
	128 11.158
	129 11.1981
	130 11.2469
	4 11.3044
LINE 3 9 176.121 16
	131 11.258
	132 11.1588
	133 11.0731
	134 11.0012
	135 10.9433
	136 10.8997
	137 10.8705
	138 10.8559
	139 10.8559
	140 10.8705
	141 10.8997
	142 10.9433
	143 11.0012
	144 11.0731
	145 11.1588
	9 11.258
LINE 5 6 127.762 12
	146 10.8258
	147 10.7289
	148 10.6506
	149 10.5916
	150 10.5521
	151 10.5322
	152 10.5322
	153 10.5521
	154 10.5916
	155 10.6506
	156 10.7289
	6 10.8258
LINE 7 15 122.027 11
	157 11.7674
	158 11.3721
	159 11.0548
	160 10.8224
	161 10.6806
	162 10.6329
	163 10.6806
	164 10.8224
	165 11.0548
	166 11.3721
	15 11.7674
LINE 9 18 261.564 24
	167 10.9981
	168 10.9722
	169 10.9487
	170 10.9274
	171 10.9085
	172 10.8919
	173 10.8777
	174 10.8658
	175 10.8563
	176 10.8492
	177 10.8444
	178 10.842
	179 10.842
	180 10.8444
	181 10.8492
	182 10.8563
	183 10.8658
	184 10.8777
	185 10.8919
	186 10.9085
	187 10.9274
	188 10.9487
	189 10.9722
	18 10.9981
LINE 10 11 209.568 18
	190 12.9034
	191 12.4796
	192 12.0965
	193 11.7583
	194 11.4688
	195 11.2318
	196 11.0507
	197 10.9284
	198 10.8667
	199 10.8667
	200 10.9284
	201 11.0507
	202 11.2318
	203 11.4688
	204 11.7583
	205 12.0965
	206 12.4796
	11 12.9034
LINE 12 20 85.5104 8
	207 10.8065
	208 10.7059
	209 10.6384
	210 10.6044
	211 10.6044
	212 10.6384
	213 10.7059
	20 10.8065
LINE 13 21 103 9
	214 11.8349
	215 11.5453
	216 11.3339
	217 11.2052
	218 11.1619
	219 11.2052
	220 11.3339
	221 11.5453
	21 11.8349
LINE 14 22 213.485 18
	222 12.9607
	223 12.5882
	224 12.253
	225 11.9582
	226 11.7069
	227 11.5019
	228 11.3457
	229 11.2404
	230 11.1873
	231 11.1873
	232 11.2404
	233 11.3457
	234 11.5019
	235 11.7069
	236 11.9582
	237 12.253
	238 12.5882
	22 12.9607
LINE 15 16 179.153 16
	239 11.2495
	240 11.2286
	241 11.2106
	242 11.1956
	243 11.1836
	244 11.1746
	245 11.1686
	246 11.1656
	247 11.1656
	248 11.1686
	249 11.1746
	250 11.1836
	251 11.1956
	252 11.2106
	253 11.2286
	16 11.2495
LINE 17 18 190.212 17
	254 11.4881
	255 11.3773
	256 11.2803
	257 11.1976
	258 11.1295
	259 11.0762
	260 11.038
	261 11.015
	262 11.0074
	263 11.015
	264 11.038
	265 11.0762
	266 11.1295
	267 11.1976
	268 11.2803
	269 11.3773
	18 11.4881
LINE 17 27 227.399 20
	270 11.9485
	271 11.7701
	272 11.6092
	273 11.4666
	274 11.343
	275 11.2389
	276 11.1549
	277 11.0915
	278 11.049
	279 11.0277
	280 11.0277
	281 11.049
	282 11.0915
	283 11.1549
	284 11.2389
	285 11.343
	286 11.4666
	287 11.6092
	288 11.7701
	27 11.9485
LINE 19 20 185.056 16
	289 12.6651
	290 12.2433
	291 11.8698
	292 11.5493
	293 11.2864
	294 11.0851
	295 10.9488
	296 10.8801
	297 10.8801
	298 10.9488
	299 11.0851
	300 11.2864
	301 11.5493
	302 11.8698
	303 12.2433
	20 12.6651
LINE 19 28 115.791 10
	304 12.5121
	305 11.9074
	306 11.4329
	307 11.1053
	308 10.9378
	309 10.9378
	310 11.1053
	311 11.4329
	312 11.9074
	28 12.5121
LINE 20 29 230.932 20
	313 12.2239
	314 12.0158
	315 11.8278
	316 11.6608
	317 11.5157
	318 11.3933
	319 11.2945
	320 11.2199
	321 11.1698
	322 11.1447
	323 11.1447
	324 11.1698
	325 11.2199
	326 11.2945
	327 11.3933
	328 11.5157
	329 11.6608
	330 11.8278
	331 12.0158
	29 12.2239
LINE 22 23 154.757 14
	332 11.7545
	333 11.4397
	334 11.1706
	335 10.9505
	336 10.7825
	337 10.6691
	338 10.6119
	339 10.6119
	340 10.6691
	341 10.7825
	342 10.9505
	343 11.1706
	344 11.4397
	23 11.7545
LINE 24 31 297.793 27
	345 11.1478
	346 11.1206
	347 11.0956
	348 11.0726
	349 11.0518
	350 11.0332
	351 11.0167
	352 11.0024
	353 10.9903
	354 10.9804
	355 10.9726
	356 10.9671
	357 10.9638
	358 10.9627
	359 10.9638
	360 10.9671
	361 10.9726
	362 10.9804
	363 10.9903
	364 11.0024
	365 11.0167
	366 11.0332
	367 11.0518
	368 11.0726
	369 11.0956
	370 11.1206
	31 11.1478
LINE 25 33 115.162 10
	371 12.3308
	372 11.801
	373 11.3875
	374 11.1033
	375 10.9584
	376 10.9584
	377 11.1033
	378 11.3875
	379 11.801
	33 12.3308
LINE 26 35 193.692 17
	380 12.4102
	381 12.0438
	382 11.717
	383 11.4332
	384 11.1956
	385 11.0072
	386 10.8707
	387 10.788
	388 10.7603
	389 10.788
	390 10.8707
	391 11.0072
	392 11.1956
	393 11.4332
	394 11.717
	395 12.0438
	35 12.4102
LINE 30 36 277.414 25
	396 11.6326
	397 11.5018
	398 11.381
	399 11.2706
	400 11.1709
	401 11.0821
	402 11.0047
	403 10.9387
	404 10.8844
	405 10.842
	406 10.8116
	407 10.7933
	408 10.7872
	409 10.7933
	410 10.8116
	411 10.842
	412 10.8844
	413 10.9387
	414 11.0047
	415 11.0821
	416 11.1709
	417 11.2706
	418 11.381
	419 11.5018
	36 11.6326
LINE 30 38 212.221 18
	420 13.3809
	421 12.8522
	422 12.371
	423 11.9432
	424 11.5746
	425 11.271
	426 11.0379
	427 10.8797
	428 10.7997
	429 10.7997
	430 10.8797
	431 11.0379
	432 11.271
	433 11.5746
	434 11.9432
	435 12.371
	436 12.8522
	38 13.3809
LINE 31 32 230.648 19
	437 13.7608
	438 13.252
	439 12.7862
	440 12.3684
	441 12.0034
	442 11.6964
	443 11.4519
	444 11.274
	445 11.1659
	446 11.1297
	447 11.1659
	448 11.274
	449 11.4519
	450 11.6964
	451 12.0034
	452 12.3684
	453 12.7862
	454 13.252
	32 13.7608
LINE 34 35 92.9101 9
	455 10.3558
	456 10.3315
	457 10.3141
	458 10.3036
	459 10.3001
	460 10.3036
	461 10.3141
	462 10.3315
	35 10.3558
LINE 35 42 277.681 25
	463 11.6698
	464 11.5326
	465 11.4059
	466 11.2901
	467 11.1854
	468 11.0922
	469 11.0108
	470 10.9415
	471 10.8844
	472 10.8398
	473 10.8079
	474 10.7886
	475 10.7822
	476 10.7886
	477 10.8079
	478 10.8398
	479 10.8844
	480 10.9415
	481 11.0108
	482 11.0922
	483 11.1854
	484 11.2901
	485 11.4059
	486 11.5326
	42 11.6698
LINE 35 44 313.609 28
	487 11.8845
	488 11.737
	489 11.5992
	490 11.4715
	491 11.3541
	492 11.2474
	493 11.1517
	494 11.0673
	495 10.9944
	496 10.9333
	497 10.8842
	498 10.8472
	499 10.8225
	500 10.8101
	501 10.8101
	502 10.8225
	503 10.8472
	504 10.8842
	505 10.9333
	506 10.9944
	507 11.0673
	508 11.1517
	509 11.2474
	510 11.3541
	511 11.4715
	512 11.5992
	513 11.737
	44 11.8845
LINE 36 45 131.399 11
	514 13.0212
	515 12.3969
	516 11.8887
	517 11.512
	518 11.2799
	519 11.2015
	520 11.2799
	521 11.512
	522 11.8887
	523 12.3969
	45 13.0212
LINE 37 46 136.693 12
	524 12.7593
	525 12.0469
	526 11.4451
	527 10.9722
	528 10.6452
	529 10.4778
	530 10.4778
	531 10.6452
	532 10.9722
	533 11.4451
	534 12.0469
	46 12.7593
LINE 38 39 103.362 9
	535 12.879
	536 11.8736
	537 11.0999
	538 10.6086
	539 10.4397
	540 10.6086
	541 11.0999
	542 11.8736
	39 12.879
LINE 40 48 208.286 18
	543 12.8103
	544 12.3936
	545 12.0171
	546 11.6848
	547 11.4004
	548 11.1677
	549 10.9899
	550 10.8698
	551 10.8092
	552 10.8092
	553 10.8698
	554 10.9899
	555 11.1677
	556 11.4004
	557 11.6848
	558 12.0171
	559 12.3936
	48 12.8103
LINE 41 42 164.713 15
	560 11.0154
	561 11.0006
	562 10.9881
	563 10.9779
	564 10.9699
	565 10.9642
	566 10.9607
	567 10.9596
	568 10.9607
	569 10.9642
	570 10.9699
	571 10.9779
	572 10.9881
	573 11.0006
	42 11.0154
LINE 43 50 296.798 26
	574 12.5237
	575 12.27
	576 12.0327
	577 11.8129
	578 11.6115
	579 11.4294
	580 11.2678
	581 11.1273
	582 11.0089
	583 10.9132
	584 10.8409
	585 10.7925
	586 10.7682
	587 10.7682
	588 10.7925
	589 10.8409
	590 10.9132
	591 11.0089
	592 11.1273
	593 11.2678
	594 11.4294
	595 11.6115
	596 11.8129
	597 12.0327
	598 12.27
	50 12.5237
LINE 43 51 174.365 15
	599 12.4601
	600 12.1128
	601 11.8109
	602 11.558
	603 11.3575
	604 11.212
	605 11.1238
	606 11.0943
	607 11.1238
	608 11.212
	609 11.3575
	610 11.558
	611 11.8109
	612 12.1128
	51 12.4601
LINE 43 52 213.515 19
	613 11.3259
	614 11.2966
	615 11.2706
	616 11.2481
	617 11.229
	618 11.2134
	619 11.2012
	620 11.1925
	621 11.1873
	622 11.1855
	623 11.1873
	624 11.1925
	625 11.2012
	626 11.2134
	627 11.229
	628 11.2481
	629 11.2706
	630 11.2966
	52 11.3259
LINE 44 45 148.928 12
	631 14.0976
	632 13.2245
	633 12.4822
	634 11.8951
	635 11.487
	636 11.2775
	637 11.2775
	638 11.487
	639 11.8951
	640 12.4822
	641 13.2245
	45 14.0976
LINE 45 53 151.7 13
	642 12.9944
	643 12.3614
	644 11.8182
	645 11.3779
	646 11.0527
	647 10.8528
	648 10.7854
	649 10.8528
	650 11.0527
	651 11.3779
	652 11.8182
	653 12.3614
	53 12.9944
LINE 45 54 179.916 16
	654 11.7428
	655 11.5474
	656 11.3773
	657 11.2336
	658 11.1173
	659 11.0292
	660 10.9701
	661 10.9405
	662 10.9405
	663 10.9701
	664 11.0292
	665 11.1173
	666 11.2336
	667 11.3773
	668 11.5474
	54 11.7428
LINE 46 54 155.14 14
	669 11.5092
	670 11.3149
	671 11.1505
	672 11.0171
	673 10.916
	674 10.8481
	675 10.814
	676 10.814
	677 10.8481
	678 10.916
	679 11.0171
	680 11.1505
	681 11.3149
	54 11.5092
LINE 47 48 183.44 16
	682 12.8284
	683 12.3104
	684 11.8484
	685 11.4491
	686 11.1194
	687 10.8656
	688 10.693
	689 10.6057
	690 10.6057
	691 10.693
	692 10.8656
	693 11.1194
	694 11.4491
	695 11.8484
	696 12.3104
	48 12.8284
LINE 49 50 98.6438 9
	697 11.8192
	698 11.1912
	699 10.7202
	700 10.4273
	701 10.3279
	702 10.4273
	703 10.7202
	704 11.1912
	50 11.8192
LINE 50 51 177.181 15
	705 13.5424
	706 12.8452
	707 12.2243
	708 11.6917
	709 11.2601
	710 10.9414
	711 10.7457
	712 10.6796
	713 10.7457
	714 10.9414
	715 11.2601
	716 11.6917
	717 12.2243
	718 12.8452
	51 13.5424
LINE 51 52 238.391 21
	719 11.9865
	720 11.8011
	721 11.6328
	722 11.4821
	723 11.35
	724 11.237
	725 11.1436
	726 11.0705
	727 11.0179
	728 10.9863
	729 10.9757
	730 10.9863
	731 11.0179
	732 11.0705
	733 11.1436
	734 11.237
	735 11.35
	736 11.4821
	737 11.6328
	738 11.8011
	52 11.9865
LINE 51 59 184.794 16
	739 12.4647
	740 12.1111
	741 11.7996
	742 11.5336
	743 11.3163
	744 11.1505
	745 11.0386
	746 10.9823
	747 10.9823
	748 11.0386
	749 11.1505
	750 11.3163
	751 11.5336
	752 11.7996
	753 12.1111
	59 12.4647
LINE 52 61 150.43 14
	754 10.8537
	755 10.8038
	756 10.7619
	757 10.7284
	758 10.7031
	759 10.6862
	760 10.6778
	761 10.6778
	762 10.6862
	763 10.7031
	764 10.7284
	765 10.7619
	766 10.8038
	61 10.8537
LINE 54 62 146.458 13
	767 11.3365
	768 11.3013
	769 11.2725
	770 11.25
	771 11.2339
	772 11.2242
	773 11.221
	774 11.2242
	775 11.2339
	776 11.25
	777 11.2725
	778 11.3013
	62 11.3365
LINE 55 63 130.788 12
	779 11.1216
	780 11.0012
	781 10.9038
	782 10.8302
	783 10.7809
	784 10.7562
	785 10.7562
	786 10.7809
	787 10.8302
	788 10.9038
	789 11.0012
	63 11.1216
LINE 56 64 234.72 20
	790 13.2824
	791 12.8226
	792 12.3996
	793 12.0173
	794 11.6797
	795 11.3907
	796 11.1541
	797 10.9733
	798 10.8511
	799 10.7894
	800 10.7894
	801 10.8511
	802 10.9733
	803 11.1541
	804 11.3907
	805 11.6797
	806 12.0173
	807 12.3996
	808 12.8226
	64 13.2824
LINE 57 58 152.242 14
	809 11.088
	810 10.9903
	811 10.9081
	812 10.842
	813 10.7921
	814 10.7587
	815 10.742
	816 10.742
	817 10.7587
	818 10.7921
	819 10.842
	820 10.9081
	821 10.9903
	58 11.088
LINE 60 61 162.522 14
	822 12.296
	823 11.9865
	824 11.7224
	825 11.5068
	826 11.3424
	827 11.2314
	828 11.1755
	829 11.1755
	830 11.2314
	831 11.3424
	832 11.5068
	833 11.7224
	834 11.9865
	61 12.296
LINE 62 63 231.76 21
	835 11.3058
	836 11.2258
	837 11.1538
	838 11.0899
	839 11.0342
	840 10.9869
	841 10.948
	842 10.9176
	843 10.8959
	844 10.8828
	845 10.8785
	846 10.8828
	847 10.8959
	848 10.9176
	849 10.948
	850 10.9869
	851 11.0342
	852 11.0899
	853 11.1538
	854 11.2258
	63 11.3058
LINE 63 64 140.14 13
	855 11.0726
	856 10.9279
	857 10.8081
	858 10.7139
	859 10.6462
	860 10.6053
	861 10.5916
	862 10.6053
	863 10.6462
	864 10.7139
	865 10.8081
	866 10.9279
	64 11.0726
COORDENADAS :
1	65.7892	691.049
2	181.004	719.201
3	268.652	709.556
4	378.887	721.342
5	596.874	734.926
6	680.773	727.374
7	776.642	703.17
8	49.9379	628.564
9	175.898	640.267
10	254.04	590.137
11	379.37	625.806
12	477.962	601.502
13	571.651	582.538
14	688.891	619.754
15	780.466	625.289
16	893.356	587.349
17	177.362	537.652
18	300.848	519.94
19	387.977	479.936
20	483.783	545.268
21	559.09	516.755
22	658.447	489.086
23	744.638	537.744
24	896.625	529.013
25	47.8806	399.795
26	142.593	382.273
27	281.908	434.311
28	375.195	408.289
29	465.667	397.823
30	569.628	411.995
31	747.725	399.524
32	888.699	398.883
33	94.9069	344.046
34	198.173	327.663
35	258.043	342.991
36	445.945	281.512
37	591.987	313.632
38	679.714	343.839
39	742.098	338.206
40	882.809	299.46
41	44.375	212.264
42	152.935	197.231
43	301.438	215.492
44	383.435	184.928
45	471.517	203.45
46	571.816	232.446
47	672.687	203.677
48	785.21	214.162
49	79.4786	104.574
50	137.451	126.462
51	244.082	120.526
52	397.466	111.316
53	489.353	111.694
54	563.647	131.886
55	675.736	101.908
56	903.939	121.07
57	49.3995	3.10831
58	146.253	28.9404
59	303.659	19.7501
60	338.987	0
61	440.953	21.6556
62	546.253	36.2059
63	697.541	18.6926
64	787.554	36.6887
65	627.146	634.098
66	0	706.854
67	48.9456	453.502
68	235.06	749.897
69	302.82	567.543
70	74.151	688.058
71	82.3579	685.7
72	90.4101	683.975
73	98.3076	682.884
74	106.05	682.427
75	113.638	682.603
76	121.071	683.412
77	128.349	684.855
78	135.473	686.931
79	142.442	689.641
80	149.256	692.984
81	155.915	696.96
82	162.419	701.57
83	168.769	706.814
84	174.964	712.691
85	188.45	719.688
86	195.87	719.94
87	203.265	719.958
88	210.633	719.74
89	217.976	719.289
90	225.293	718.602
91	232.584	717.681
92	239.849	716.525
93	247.088	715.135
94	254.302	713.51
95	261.49	711.65
96	177.924	710.919
97	174.571	703.034
98	170.943	695.545
99	167.041	688.453
100	162.865	681.756
101	158.415	675.457
102	153.691	669.553
103	148.693	664.046
104	143.421	658.935
105	137.874	654.221
106	132.054	649.903
107	125.959	645.981
108	119.591	642.456
109	112.948	639.327
110	106.031	636.594
111	98.8399	634.258
112	91.3748	632.318
113	83.6356	630.775
114	75.6223	629.628
115	67.3349	628.877
116	58.7735	628.522
117	275.844	711.806
118	283.059	713.847
119	290.296	715.679
120	297.556	717.302
121	304.838	718.715
122	312.142	719.92
123	319.468	720.915
124	326.817	721.7
125	334.189	722.277
126	341.583	722.644
127	348.999	722.802
128	356.437	722.751
129	363.898	722.49
130	371.381	722.021
131	264.047	703.629
132	259.283	697.915
133	254.361	692.414
134	249.279	687.126
135	244.038	682.05
136	238.639	677.188
137	233.08	672.538
138	227.363	668.101
139	221.486	663.877
140	215.45	659.865
141	209.256	656.067
142	202.902	652.481
143	196.39	649.109
144	189.718	645.949
145	182.888	643.001
146	604.016	735.967
147	611.131	736.703
148	618.218	737.137
149	625.278	737.266
150	632.31	737.092
151	639.316	736.615
152	646.294	735.834
153	653.244	734.749
154	660.167	733.361
155	667.063	731.669
156	673.932	729.673
157	780.346	696.255
158	783.379	689.307
159	785.741	682.326
160	787.431	675.311
161	788.45	668.264
162	788.798	661.184
163	788.474	654.071
164	787.479	646.925
165	785.812	639.746
166	783.475	632.534
167	181.959	636.141
168	187.945	631.937
169	193.857	627.657
170	199.695	623.299
171	205.459	618.864
172	211.148	614.352
173	216.763	609.763
174	222.304	605.096
175	227.77	600.353
176	233.162	595.532
177	238.48	590.634
178	243.723	585.659
179	248.892	580.607
180	253.987	575.477
181	259.007	570.271
182	263.953	564.987
183	268.825	559.626
184	273.623	554.188
185	278.346	548.673
186	282.995	543.081
187	287.57	537.412
188	292.07	531.665
189	296.496	525.841
190	259.73	596.588
191	265.571	602.513
192	271.561	607.912
193	277.701	612.786
194	283.99	617.133
195	290.429	620.955
196	297.018	624.251
197	303.756	627.022
198	310.644	629.266
199	317.682	630.985
200	324.869	632.178
201	332.206	632.845
202	339.692	632.987
203	347.328	632.602
204	355.114	631.692
205	363.05	630.256
206	371.135	628.294
207	480.083	594.617
208	481.806	587.691
209	483.131	580.723
210	484.058	573.715
211	484.586	566.665
212	484.717	559.574
213	484.449	552.442
214	572.832	574.737
215	573.368	567.059
216	573.26	559.503
217	572.509	552.071
218	571.113	544.762
219	569.073	537.576
220	566.389	530.513
221	563.062	523.572
222	682.944	613.487
223	677.497	607.102
224	672.551	600.601
225	668.105	593.983
226	664.161	587.249
227	660.717	580.398
228	657.774	573.43
229	655.331	566.346
230	653.39	559.145
231	651.949	551.827
232	651.008	544.393
233	650.569	536.842
234	650.63	529.174
235	651.192	521.39
236	652.254	513.489
237	653.818	505.471
238	655.882	497.337
239	787.229	622.05
240	794.032	618.925
241	800.873	615.917
242	807.754	613.025
243	814.673	610.248
244	821.632	607.587
245	828.629	605.042
246	835.665	602.613
247	842.74	600.299
248	849.854	598.102
249	857.007	596.02
250	864.199	594.054
251	871.43	592.204
252	878.7	590.47
253	886.008	588.851
254	184.314	534.44
255	191.306	531.499
256	198.336	528.83
257	205.406	526.432
258	212.514	524.305
259	219.661	522.449
260	226.847	520.864
261	234.072	519.551
262	241.336	518.509
263	248.639	517.739
264	255.98	517.239
265	263.361	517.011
266	270.781	517.055
267	278.239	517.369
268	285.736	517.955
269	293.273	518.812
270	180.43	530.301
271	183.726	523.18
272	187.249	516.289
273	191	509.628
274	194.977	503.197
275	199.182	496.995
276	203.614	491.024
277	208.273	485.282
278	213.16	479.77
279	218.273	474.488
280	223.614	469.436
281	229.183	464.614
282	234.978	460.021
283	241	455.659
284	247.25	451.526
285	253.727	447.623
286	260.432	443.951
287	267.363	440.507
288	274.522	437.294
289	396.405	480.44
290	404.508	481.422
291	412.286	482.881
292	419.738	484.817
293	426.865	487.23
294	433.666	490.12
295	440.142	493.488
296	446.293	497.333
297	452.118	501.654
298	457.618	506.453
299	462.792	511.73
300	467.641	517.483
301	472.165	523.713
302	476.363	530.421
303	480.236	537.606
304	390.711	472.055
305	392.554	464.334
306	393.505	456.772
307	393.564	449.368
308	392.732	442.124
309	391.008	435.039
310	388.392	428.113
311	384.885	421.346
312	380.486	414.738
313	479.55	538.305
314	475.667	531.298
315	472.134	524.249
316	468.951	517.156
317	466.119	510.021
318	463.637	502.842
319	461.505	495.621
320	459.724	488.356
321	458.292	481.048
322	457.211	473.697
323	456.481	466.304
324	456.1	458.867
325	456.07	451.387
326	456.39	443.864
327	457.061	436.298
328	458.082	428.689
329	459.453	421.037
330	461.174	413.342
331	463.246	405.604
332	662.942	495.505
333	667.692	501.471
334	672.698	506.984
335	677.96	512.045
336	683.477	516.653
337	689.25	520.808
338	695.279	524.51
339	701.563	527.759
340	708.103	530.555
341	714.899	532.899
342	721.95	534.789
343	729.257	536.227
344	736.82	537.212
345	890.225	525.235
346	883.893	521.378
347	877.629	517.444
348	871.433	513.431
349	865.306	509.339
350	859.246	505.17
351	853.255	500.922
352	847.332	496.596
353	841.477	492.191
354	835.689	487.708
355	829.97	483.147
356	824.319	478.508
357	818.736	473.791
358	813.222	468.995
359	807.775	464.12
360	802.396	459.168
361	797.086	454.137
362	791.843	449.028
363	786.669	443.841
364	781.563	438.575
365	776.524	433.231
366	771.554	427.809
367	766.652	422.308
368	761.818	416.73
369	757.052	411.073
370	752.354	405.337
371	55.4822	396.665
372	62.4396	392.992
373	68.7527	388.776
374	74.4217	384.016
375	79.4464	378.713
376	83.8269	372.867
377	87.5632	366.477
378	90.6553	359.543
379	93.1032	352.066
380	150.712	383.865
381	158.665	384.968
382	166.452	385.585
383	174.073	385.713
384	181.528	385.353
385	188.817	384.506
386	195.94	383.171
387	202.898	381.348
388	209.689	379.037
389	216.314	376.239
390	222.773	372.952
391	229.066	369.178
392	235.194	364.916
393	241.155	360.167
394	246.95	354.929
395	252.58	349.204
396	566.787	404.779
397	563.771	397.73
398	560.579	390.846
399	557.212	384.129
400	553.669	377.579
401	549.95	371.195
402	546.056	364.977
403	541.987	358.926
404	537.741	353.041
405	533.321	347.323
406	528.724	341.77
407	523.953	336.385
408	519.005	331.165
409	513.882	326.113
410	508.584	321.226
411	503.11	316.506
412	497.461	311.952
413	491.636	307.565
414	485.635	303.344
415	479.459	299.289
416	473.107	295.401
417	466.58	291.679
418	459.877	288.124
419	452.999	284.735
420	578.521	412.695
421	587.088	412.866
422	595.327	412.51
423	603.24	411.626
424	610.826	410.215
425	618.086	408.275
426	625.019	405.808
427	631.625	402.813
428	637.904	399.291
429	643.856	395.241
430	649.482	390.662
431	654.781	385.557
432	659.753	379.923
433	664.399	373.762
434	668.718	367.073
435	672.71	359.856
436	676.375	352.111
437	755.12	394.095
438	762.518	389.266
439	769.918	385.036
440	777.322	381.405
441	784.728	378.374
442	792.137	375.943
443	799.548	374.111
444	806.962	372.878
445	814.379	372.245
446	821.799	372.211
447	829.221	372.777
448	836.647	373.942
449	844.074	375.707
450	851.505	378.071
451	858.938	381.034
452	866.374	384.597
453	873.813	388.76
454	881.255	393.521
455	205.003	328.673
456	211.788	329.857
457	218.529	331.213
458	225.225	332.743
459	231.878	334.446
460	238.486	336.323
461	245.049	338.372
462	251.568	340.595
463	256.253	335.42
464	254.261	327.994
465	252.068	320.713
466	249.674	313.577
467	247.079	306.586
468	244.283	299.74
469	241.286	293.04
470	238.087	286.484
471	234.688	280.073
472	231.087	273.808
473	227.285	267.687
474	223.282	261.712
475	219.077	255.882
476	214.672	250.196
477	210.065	244.656
478	205.257	239.261
479	200.248	234.011
480	195.038	228.905
481	189.627	223.945
482	184.015	219.13
483	178.201	214.461
484	172.186	209.936
485	165.97	205.556
486	159.553	201.321
487	259.941	335.298
488	262.029	327.758
489	264.309	320.369
490	266.78	313.131
491	269.443	306.045
492	272.296	299.111
493	275.341	292.329
494	278.576	285.698
495	282.003	279.219
496	285.621	272.891
497	289.43	266.716
498	293.431	260.691
499	297.622	254.819
500	302.005	249.098
501	306.579	243.529
502	311.344	238.111
503	316.3	232.845
504	321.447	227.731
505	326.786	222.768
506	332.316	217.957
507	338.037	213.298
508	343.949	208.79
509	350.052	204.434
510	356.346	200.23
511	362.832	196.177
512	369.508	192.276
513	376.376	188.526
514	444.064	273.038
515	443.023	264.839
516	442.824	256.916
517	443.467	249.268
518	444.95	241.896
519	447.275	234.799
520	450.441	227.978
521	454.448	221.433
522	459.296	215.163
523	464.986	209.169
524	595.036	305.691
525	597.226	297.964
526	598.555	290.45
527	599.024	283.151
528	598.634	276.065
529	597.383	269.192
530	595.272	262.534
531	592.301	256.089
532	588.47	249.858
533	583.778	243.84
534	578.227	238.036
535	686.193	338.205
536	692.785	333.824
537	699.491	330.694
538	706.309	328.816
539	713.241	328.19
540	720.286	328.816
541	727.443	330.694
542	734.714	333.824
543	874.366	298.178
544	866.278	296.489
545	858.545	294.394
546	851.168	291.892
547	844.146	288.984
548	837.48	285.668
549	831.169	281.946
550	825.214	277.818
551	819.614	273.282
552	814.369	268.34
553	809.48	262.991
554	804.947	257.236
555	800.769	251.074
556	796.946	244.505
557	793.479	237.529
558	790.367	230.146
559	787.611	222.357
560	51.5111	210.531
561	58.6616	208.902
562	65.8266	207.377
563	73.0061	205.957
564	80.2	204.642
565	87.4084	203.431
566	94.6313	202.324
567	101.869	201.322
568	109.12	200.424
569	116.387	199.631
570	123.667	198.942
571	130.963	198.358
572	138.272	197.878
573	145.597	197.502
574	293.095	215.818
575	284.915	215.843
576	276.898	215.568
577	269.043	214.994
578	261.352	214.119
579	253.823	212.945
580	246.458	211.47
581	239.255	209.696
582	232.215	207.621
583	225.338	205.247
584	218.623	202.572
585	212.072	199.598
586	205.683	196.324
587	199.458	192.75
588	193.395	188.876
589	187.495	184.701
590	181.758	180.227
591	176.183	175.453
592	170.772	170.379
593	165.523	165.005
594	160.437	159.331
595	155.514	153.357
596	150.754	147.084
597	146.157	140.51
598	141.723	133.636
599	294.377	211.116
600	287.779	206.461
601	281.643	201.526
602	275.97	196.312
603	270.759	190.818
604	266.011	185.046
605	261.725	178.994
606	257.901	172.663
607	254.54	166.052
608	251.641	159.163
609	249.204	151.994
610	247.23	144.546
611	245.719	136.818
612	244.669	128.812
613	305.62	209.206
614	309.9	203.01
615	314.277	196.902
616	318.75	190.884
617	323.32	184.954
618	327.987	179.115
619	332.751	173.364
620	337.611	167.703
621	342.569	162.13
622	347.623	156.647
623	352.774	151.254
624	358.022	145.949
625	363.366	140.734
626	368.807	135.608
627	374.346	130.571
628	379.981	125.623
629	385.712	120.765
630	391.541	115.996
631	391.94	180.93
632	400.234	177.939
633	408.316	175.956
634	416.186	174.981
635	423.844	175.013
636	431.29	176.052
637	438.524	178.1
638	445.546	181.155
639	452.357	185.217
640	458.955	190.287
641	465.342	196.365
642	477.632	197.314
643	482.956	191.024
644	487.49	184.581
645	491.234	177.983
646	494.187	171.233
647	496.349	164.328
648	497.721	157.27
649	498.303	150.058
650	498.094	142.693
651	497.094	135.173
652	495.304	127.501
653	492.724	119.674
654	475.526	196.726
655	479.769	190.303
656	484.245	184.179
657	488.954	178.356
658	493.896	172.833
659	499.071	167.61
660	504.48	162.687
661	510.121	158.064
662	515.996	153.741
663	522.104	149.719
664	528.445	145.996
665	535.019	142.574
666	541.826	139.452
667	548.866	136.63
668	556.14	134.108
669	573.858	225.05
670	575.496	217.687
671	576.73	210.356
672	577.56	203.058
673	577.986	195.794
674	578.008	188.562
675	577.627	181.362
676	576.841	174.196
677	575.652	167.062
678	574.059	159.961
679	572.062	152.893
680	569.66	145.858
681	566.855	138.856
682	679.273	209.133
683	685.918	213.95
684	692.622	218.126
685	699.386	221.662
686	706.21	224.558
687	713.094	226.814
688	720.037	228.429
689	727.04	229.405
690	734.102	229.74
691	741.225	229.435
692	748.406	228.49
693	755.648	226.904
694	762.949	224.679
695	770.31	221.813
696	777.73	218.308
697	84.5666	110.59
698	89.993	115.711
699	95.7577	119.935
700	101.861	123.263
701	108.302	125.695
702	115.082	127.231
703	122.2	127.871
704	129.656	127.615
705	144.869	131.609
706	152.242	135.965
707	159.571	139.528
708	166.856	142.3
709	174.097	144.279
710	181.294	145.467
711	188.447	145.863
712	195.556	145.468
713	202.62	144.28
714	209.641	142.3
715	216.617	139.529
716	223.55	135.966
717	230.438	131.611
718	237.282	126.464
719	251.579	123.293
720	259.056	125.74
721	266.514	127.866
722	273.953	129.672
723	281.372	131.157
724	288.773	132.321
725	296.154	133.165
726	303.515	133.689
727	310.858	133.891
728	318.181	133.773
729	325.485	133.335
730	332.77	132.576
731	340.035	131.496
732	347.281	130.095
733	354.508	128.375
734	361.716	126.333
735	368.905	123.971
736	376.074	121.288
737	383.224	118.285
738	390.355	114.961
739	244.415	112.222
740	245.2	104.186
741	246.436	96.4179
742	248.125	88.9166
743	250.267	81.6826
744	252.86	74.7159
745	255.905	68.0165
746	259.403	61.5844
747	263.352	55.4196
748	267.754	49.5221
749	272.608	43.8918
750	277.914	38.5289
751	283.672	33.4332
752	289.882	28.6049
753	296.545	24.0438
754	399.401	104.344
755	401.517	97.4588
756	403.812	90.6614
757	406.288	83.9512
758	408.944	77.3285
759	411.78	70.7931
760	414.796	64.3451
761	417.992	57.9845
762	421.368	51.7113
763	424.925	45.5254
764	428.662	39.4269
765	432.579	33.4158
766	436.675	27.492
767	563.367	124.334
768	562.912	116.813
769	562.279	109.325
770	561.471	101.869
771	560.486	94.4446
772	559.324	87.0525
773	557.986	79.6925
774	556.472	72.3645
775	554.781	65.0687
776	552.914	57.8049
777	550.87	50.5731
778	548.649	43.3735
779	679.384	95.4529
780	682.699	88.9109
781	685.682	82.2817
782	688.331	75.5652
783	690.648	68.7615
784	692.631	61.8705
785	694.282	54.8923
786	695.6	47.8268
787	696.584	40.6741
788	697.236	33.4342
789	697.555	26.107
790	901.155	112.664
791	898.052	104.699
792	894.629	97.1745
793	890.887	90.0907
794	886.825	83.4477
795	882.444	77.2453
796	877.743	71.4837
797	872.723	66.1628
798	867.383	61.2827
799	861.723	56.8432
800	855.744	52.8445
801	849.446	49.2865
802	842.827	46.1693
803	835.89	43.4927
804	828.633	41.2569
805	821.056	39.4618
806	813.16	38.1075
807	804.944	37.1938
808	796.409	36.7209
809	55.844	6.72921
810	62.3614	10.0769
811	68.9516	13.1514
812	75.6146	15.9528
813	82.3505	18.4809
814	89.1593	20.7358
815	96.041	22.7176
816	102.996	24.4261
817	110.023	25.8615
818	117.123	27.0237
819	124.296	27.9126
820	131.542	28.5284
821	138.861	28.871
822	345.558	4.90098
823	352.239	9.28594
824	359.029	13.1549
825	365.928	16.5078
826	372.938	19.3447
827	380.056	21.6655
828	387.285	23.4704
829	394.623	24.7592
830	402.071	25.532
831	409.628	25.7888
832	417.295	25.5295
833	425.071	24.7542
834	432.957	23.4629
835	553.693	37.411
836	561.11	38.4121
837	568.503	39.2093
838	575.872	39.8026
839	583.218	40.192
840	590.54	40.3776
841	597.839	40.3592
842	605.114	40.1369
843	612.365	39.7107
844	619.593	39.0807
845	626.797	38.2467
846	633.978	37.2088
847	641.135	35.9671
848	648.268	34.5214
849	655.378	32.8718
850	662.464	31.0184
851	669.527	28.961
852	676.566	26.6998
853	683.581	24.2346
854	690.573	21.5655
855	704.043	22.1872
856	710.616	25.3301
857	717.258	28.1213
858	723.971	30.5607
859	730.755	32.6485
860	737.609	34.3845
861	744.533	35.7688
862	751.527	36.8014
863	758.592	37.4823
864	765.727	37.8115
865	772.932	37.789
866	780.208	37.4147
