NOMBRE : MTLARP7_10_5_1.dat
VERTICES ORIGINALES : 61
VERTICES TOTALES : 816
DEPOTS : 5
57
58
59
60
61
LINEAS ORIGINALES : 50
LINE 1 2 241.385 23
	62 10.4951
	63 10.4951
	64 10.495
	65 10.495
	66 10.495
	67 10.495
	68 10.495
	69 10.495
	70 10.495
	71 10.495
	72 10.495
	73 10.495
	74 10.495
	75 10.495
	76 10.495
	77 10.495
	78 10.495
	79 10.495
	80 10.495
	81 10.495
	82 10.495
	83 10.4951
	2 10.4951
LINE 2 3 153.38 14
	84 11.5228
	85 11.2667
	86 11.0487
	87 10.8712
	88 10.7362
	89 10.6452
	90 10.5994
	91 10.5994
	92 10.6452
	93 10.7362
	94 10.8712
	95 11.0487
	96 11.2667
	3 11.5228
LINE 2 8 95.9424 9
	97 10.7865
	98 10.6922
	99 10.6243
	100 10.5834
	101 10.5697
	102 10.5834
	103 10.6243
	104 10.6922
	8 10.7865
LINE 3 4 95.3401 9
	105 10.7324
	106 10.6286
	107 10.5537
	108 10.5086
	109 10.4935
	110 10.5086
	111 10.5537
	112 10.6286
	4 10.7324
LINE 3 9 94.2334 9
	113 10.5805
	114 10.4982
	115 10.439
	116 10.4033
	117 10.3914
	118 10.4033
	119 10.439
	120 10.4982
	9 10.5805
LINE 4 5 184.704 17
	121 11.3723
	122 11.186
	123 11.022
	124 10.8813
	125 10.7648
	126 10.6733
	127 10.6075
	128 10.5678
	129 10.5545
	130 10.5678
	131 10.6075
	132 10.6733
	133 10.7648
	134 10.8813
	135 11.022
	136 11.186
	5 11.3723
LINE 6 12 172.005 16
	137 10.873
	138 10.8242
	139 10.7822
	140 10.747
	141 10.7188
	142 10.6976
	143 10.6835
	144 10.6764
	145 10.6764
	146 10.6835
	147 10.6976
	148 10.7188
	149 10.747
	150 10.7822
	151 10.8242
	12 10.873
LINE 7 14 183.443 17
	152 11.0796
	153 10.9726
	154 10.879
	155 10.7992
	156 10.7334
	157 10.682
	158 10.6451
	159 10.623
	160 10.6156
	161 10.623
	162 10.6451
	163 10.682
	164 10.7334
	165 10.7992
	166 10.879
	167 10.9726
	14 11.0796
LINE 8 16 181.687 17
	168 10.8745
	169 10.8049
	170 10.7442
	171 10.6926
	172 10.6502
	173 10.6171
	174 10.5934
	175 10.5792
	176 10.5744
	177 10.5792
	178 10.5934
	179 10.6171
	180 10.6502
	181 10.6926
	182 10.7442
	183 10.8049
	16 10.8745
LINE 8 17 265.073 23
	184 12.596
	185 12.3165
	186 12.0581
	187 11.8221
	188 11.6099
	189 11.4228
	190 11.2621
	191 11.1288
	192 11.0241
	193 10.9486
	194 10.9031
	195 10.8879
	196 10.9031
	197 10.9486
	198 11.0241
	199 11.1288
	200 11.2621
	201 11.4228
	202 11.6099
	203 11.8221
	204 12.0581
	205 12.3165
	17 12.596
LINE 10 18 213.27 20
	206 10.7496
	207 10.7225
	208 10.6984
	209 10.6772
	210 10.659
	211 10.6439
	212 10.6317
	213 10.6226
	214 10.6165
	215 10.6135
	216 10.6135
	217 10.6165
	218 10.6226
	219 10.6317
	220 10.6439
	221 10.659
	222 10.6772
	223 10.6984
	224 10.7225
	18 10.7496
LINE 11 12 122.635 11
	225 11.9795
	226 11.4946
	227 11.1028
	228 10.8143
	229 10.6374
	230 10.5778
	231 10.6374
	232 10.8143
	233 11.1028
	234 11.4946
	12 11.9795
LINE 12 13 204.38 18
	235 12.6579
	236 12.2209
	237 11.8254
	238 11.4754
	239 11.1755
	240 10.9295
	241 10.7414
	242 10.6142
	243 10.5499
	244 10.5499
	245 10.6142
	246 10.7414
	247 10.9295
	248 11.1755
	249 11.4754
	250 11.8254
	251 12.2209
	13 12.6579
LINE 13 14 140.112 13
	252 10.8805
	253 10.8293
	254 10.7873
	255 10.7545
	256 10.731
	257 10.7169
	258 10.7122
	259 10.7169
	260 10.731
	261 10.7545
	262 10.7873
	263 10.8293
	14 10.8805
LINE 14 22 264.364 23
	264 12.9545
	265 12.5794
	266 12.2301
	267 11.9089
	268 11.618
	269 11.36
	270 11.137
	271 10.9511
	272 10.8043
	273 10.6983
	274 10.6341
	275 10.6127
	276 10.6341
	277 10.6983
	278 10.8043
	279 10.9511
	280 11.137
	281 11.36
	282 11.618
	283 11.9089
	284 12.2301
	285 12.5794
	22 12.9545
LINE 15 23 220.837 21
	286 10.6511
	287 10.6109
	288 10.5747
	289 10.5427
	290 10.5149
	291 10.4913
	292 10.4719
	293 10.4569
	294 10.4461
	295 10.4396
	296 10.4374
	297 10.4396
	298 10.4461
	299 10.4569
	300 10.4719
	301 10.4913
	302 10.5149
	303 10.5427
	304 10.5747
	305 10.6109
	23 10.6511
LINE 16 24 182.296 17
	306 10.9702
	307 10.8786
	308 10.7985
	309 10.7303
	310 10.6742
	311 10.6303
	312 10.5989
	313 10.58
	314 10.5737
	315 10.58
	316 10.5989
	317 10.6303
	318 10.6742
	319 10.7303
	320 10.7985
	321 10.8786
	24 10.9702
LINE 17 18 186.567 17
	322 11.1749
	323 11.1004
	324 11.0354
	325 10.9801
	326 10.9347
	327 10.8992
	328 10.8738
	329 10.8585
	330 10.8534
	331 10.8585
	332 10.8738
	333 10.8992
	334 10.9347
	335 10.9801
	336 11.0354
	337 11.1004
	18 11.1749
LINE 18 24 201.647 18
	338 11.967
	339 11.7055
	340 11.4717
	341 11.2675
	342 11.0944
	343 10.954
	344 10.8475
	345 10.7759
	346 10.7399
	347 10.7399
	348 10.7759
	349 10.8475
	350 10.954
	351 11.0944
	352 11.2675
	353 11.4717
	354 11.7055
	24 11.967
LINE 19 26 208.041 19
	355 11.0461
	356 11.014
	357 10.9857
	358 10.961
	359 10.9401
	360 10.923
	361 10.9097
	362 10.9002
	363 10.8944
	364 10.8925
	365 10.8944
	366 10.9002
	367 10.9097
	368 10.923
	369 10.9401
	370 10.961
	371 10.9857
	372 11.014
	26 11.0461
LINE 20 27 111.773 10
	373 12.2255
	374 11.5492
	375 11.0149
	376 10.6437
	377 10.4532
	378 10.4532
	379 10.6437
	380 11.0149
	381 11.5492
	27 12.2255
LINE 21 28 166.901 16
	382 10.5746
	383 10.5176
	384 10.4685
	385 10.4275
	386 10.3945
	387 10.3697
	388 10.3531
	389 10.3448
	390 10.3448
	391 10.3531
	392 10.3697
	393 10.3945
	394 10.4275
	395 10.4685
	396 10.5176
	28 10.5746
LINE 22 29 299.228 27
	397 11.5669
	398 11.4576
	399 11.356
	400 11.2625
	401 11.1772
	402 11.1004
	403 11.0321
	404 10.9726
	405 10.922
	406 10.8804
	407 10.8479
	408 10.8247
	409 10.8107
	410 10.8061
	411 10.8107
	412 10.8247
	413 10.8479
	414 10.8804
	415 10.922
	416 10.9726
	417 11.0321
	418 11.1004
	419 11.1772
	420 11.2625
	421 11.356
	422 11.4576
	29 11.5669
LINE 24 33 268.38 24
	423 12.2654
	424 11.9958
	425 11.7452
	426 11.5151
	427 11.3067
	428 11.121
	429 10.9594
	430 10.8229
	431 10.7124
	432 10.6288
	433 10.5727
	434 10.5446
	435 10.5446
	436 10.5727
	437 10.6288
	438 10.7124
	439 10.8229
	440 10.9594
	441 11.121
	442 11.3067
	443 11.5151
	444 11.7452
	445 11.9958
	33 12.2654
LINE 25 33 179.181 17
	446 10.59
	447 10.5713
	448 10.5551
	449 10.5413
	450 10.5301
	451 10.5213
	452 10.515
	453 10.5113
	454 10.51
	455 10.5113
	456 10.515
	457 10.5213
	458 10.5301
	459 10.5413
	460 10.5551
	461 10.5713
	33 10.59
LINE 26 34 118.764 11
	462 11.0558
	463 10.9017
	464 10.7804
	465 10.6929
	466 10.64
	467 10.6223
	468 10.64
	469 10.6929
	470 10.7804
	471 10.9017
	34 11.0558
LINE 28 36 261.531 24
	472 11.4663
	473 11.3216
	474 11.1884
	475 11.0671
	476 10.9582
	477 10.862
	478 10.7788
	479 10.7091
	480 10.6529
	481 10.6106
	482 10.5823
	483 10.5681
	484 10.5681
	485 10.5823
	486 10.6106
	487 10.6529
	488 10.7091
	489 10.7788
	490 10.862
	491 10.9582
	492 11.0671
	493 11.1884
	494 11.3216
	36 11.4663
LINE 29 30 153.7 14
	495 11.9927
	496 11.5423
	497 11.153
	498 10.8316
	499 10.5841
	500 10.4158
	501 10.3307
	502 10.3307
	503 10.4158
	504 10.5841
	505 10.8316
	506 11.153
	507 11.5423
	30 11.9927
LINE 30 39 67.0967 6
	508 11.8872
	509 11.0518
	510 10.6094
	511 10.6094
	512 11.0518
	39 11.8872
LINE 31 41 188.248 17
	513 11.705
	514 11.4741
	515 11.2702
	516 11.0947
	517 10.9491
	518 10.8344
	519 10.7518
	520 10.7019
	521 10.6853
	522 10.7019
	523 10.7518
	524 10.8344
	525 10.9491
	526 11.0947
	527 11.2702
	528 11.4741
	41 11.705
LINE 32 42 100.991 9
	529 11.8422
	530 11.3847
	531 11.0464
	532 10.8383
	533 10.768
	534 10.8383
	535 11.0464
	536 11.3847
	42 11.8422
LINE 33 34 158.337 15
	537 10.6587
	538 10.6148
	539 10.5775
	540 10.5469
	541 10.523
	542 10.5059
	543 10.4956
	544 10.4922
	545 10.4956
	546 10.5059
	547 10.523
	548 10.5469
	549 10.5775
	550 10.6148
	34 10.6587
LINE 34 44 178.957 16
	551 12.0806
	552 11.7346
	553 11.4297
	554 11.1693
	555 10.9565
	556 10.7941
	557 10.6845
	558 10.6293
	559 10.6293
	560 10.6845
	561 10.7941
	562 10.9565
	563 11.1693
	564 11.4297
	565 11.7346
	44 12.0806
LINE 35 36 223.921 20
	566 12.2229
	567 11.9121
	568 11.6289
	569 11.3753
	570 11.1534
	571 10.965
	572 10.8119
	573 10.6956
	574 10.6174
	575 10.5781
	576 10.5781
	577 10.6174
	578 10.6956
	579 10.8119
	580 10.965
	581 11.1534
	582 11.3753
	583 11.6289
	584 11.9121
	36 12.2229
LINE 37 38 161.323 15
	585 11.2319
	586 11.0313
	587 10.8587
	588 10.7154
	589 10.6026
	590 10.5213
	591 10.4722
	592 10.4558
	593 10.4722
	594 10.5213
	595 10.6026
	596 10.7154
	597 10.8587
	598 11.0313
	38 11.2319
LINE 37 47 210.98 18
	599 13.3027
	600 12.7771
	601 12.2987
	602 11.8734
	603 11.507
	604 11.2052
	605 10.9734
	606 10.8161
	607 10.7366
	608 10.7366
	609 10.8161
	610 10.9734
	611 11.2052
	612 11.507
	613 11.8734
	614 12.2987
	615 12.7771
	47 13.3027
LINE 38 39 101.042 9
	616 12.4689
	617 11.5702
	618 10.8829
	619 10.4489
	620 10.3001
	621 10.4489
	622 10.8829
	623 11.5702
	39 12.4689
LINE 38 48 215.73 20
	624 10.8285
	625 10.8152
	626 10.8035
	627 10.7932
	628 10.7843
	629 10.7769
	630 10.771
	631 10.7666
	632 10.7637
	633 10.7622
	634 10.7622
	635 10.7637
	636 10.7666
	637 10.771
	638 10.7769
	639 10.7843
	640 10.7932
	641 10.8035
	642 10.8152
	48 10.8285
LINE 40 41 231.054 21
	643 11.5467
	644 11.3872
	645 11.2427
	646 11.1135
	647 11.0004
	648 10.9038
	649 10.824
	650 10.7616
	651 10.7168
	652 10.6898
	653 10.6808
	654 10.6898
	655 10.7168
	656 10.7616
	657 10.824
	658 10.9038
	659 11.0004
	660 11.1135
	661 11.2427
	662 11.3872
	41 11.5467
LINE 40 49 127.658 12
	663 11.1957
	664 10.8978
	665 10.6534
	666 10.4664
	667 10.3399
	668 10.276
	669 10.276
	670 10.3399
	671 10.4664
	672 10.6534
	673 10.8978
	49 11.1957
LINE 41 50 133.824 12
	674 12.1819
	675 11.6399
	676 11.1874
	677 10.8357
	678 10.5947
	679 10.4722
	680 10.4722
	681 10.5947
	682 10.8357
	683 11.1874
	684 11.6399
	50 12.1819
LINE 42 43 102.313 9
	685 12.6131
	686 11.7119
	687 11.0233
	688 10.5886
	689 10.4397
	690 10.5886
	691 11.0233
	692 11.7119
	43 12.6131
LINE 44 53 156.75 13
	693 13.6954
	694 12.9199
	695 12.2489
	696 11.7005
	697 11.2925
	698 11.0404
	699 10.9551
	700 11.0404
	701 11.2925
	702 11.7005
	703 12.2489
	704 12.9199
	53 13.6954
LINE 45 53 202.04 18
	705 12.4262
	706 12.022
	707 11.6568
	708 11.3344
	709 11.0586
	710 10.8328
	711 10.6604
	712 10.5439
	713 10.4851
	714 10.4851
	715 10.5439
	716 10.6604
	717 10.8328
	718 11.0586
	719 11.3344
	720 11.6568
	721 12.022
	53 12.4262
LINE 46 47 224.868 21
	722 10.7439
	723 10.7331
	724 10.7235
	725 10.715
	726 10.7076
	727 10.7014
	728 10.6963
	729 10.6923
	730 10.6895
	731 10.6878
	732 10.6872
	733 10.6878
	734 10.6895
	735 10.6923
	736 10.6963
	737 10.7014
	738 10.7076
	739 10.715
	740 10.7235
	741 10.7331
	47 10.7439
LINE 46 54 115.178 10
	742 12.4354
	743 11.8405
	744 11.3738
	745 11.0518
	746 10.8872
	747 10.8872
	748 11.0518
	749 11.3738
	750 11.8405
	54 12.4354
LINE 47 56 222.697 20
	751 11.9789
	752 11.7216
	753 11.4881
	754 11.2797
	755 11.098
	756 10.9443
	757 10.8198
	758 10.7254
	759 10.6621
	760 10.6303
	761 10.6303
	762 10.6621
	763 10.7254
	764 10.8198
	765 10.9443
	766 11.098
	767 11.2797
	768 11.4881
	769 11.7216
	56 11.9789
LINE 50 51 158.072 15
	770 10.6171
	771 10.5834
	772 10.5548
	773 10.5313
	774 10.513
	775 10.4999
	776 10.492
	777 10.4894
	778 10.492
	779 10.4999
	780 10.513
	781 10.5313
	782 10.5548
	783 10.5834
	51 10.6171
LINE 52 53 156.795 13
	784 13.7343
	785 12.9429
	786 12.2574
	787 11.6965
	788 11.2789
	789 11.0207
	790 10.9332
	791 11.0207
	792 11.2789
	793 11.6965
	794 12.2574
	795 12.9429
	53 13.7343
LINE 55 56 249.442 22
	796 12.758
	797 12.3755
	798 12.0207
	799 11.6964
	800 11.4051
	801 11.1493
	802 10.9316
	803 10.7542
	804 10.6193
	805 10.5283
	806 10.4826
	807 10.4826
	808 10.5283
	809 10.6193
	810 10.7542
	811 10.9316
	812 11.1493
	813 11.4051
	814 11.6964
	815 12.0207
	816 12.3755
	56 12.758
COORDENADAS :
1	67.335	617.849
2	225.934	590.598
3	323.351	607.509
4	376.639	641.043
5	489.478	601.346
6	604.692	629.498
7	892.34	619.853
8	202.575	531.639
9	320.563	545.223
10	504.462	537.672
11	600.33	513.467
12	673.626	538.861
13	799.587	550.564
14	877.728	500.434
15	103.058	436.104
16	201.65	411.799
17	295.34	392.835
18	412.58	430.051
19	504.154	435.587
20	717.044	397.646
21	801.05	447.949
22	1024.54	430.237
23	111.665	290.233
24	307.472	355.565
25	382.778	327.052
26	482.135	299.383
27	668.326	348.041
28	820.313	339.31
29	871.569	310.092
30	966.282	292.57
31	205.596	244.608
32	298.884	218.586
33	389.356	208.12
34	493.317	222.292
35	571.413	209.821
36	712.387	209.18
37	818.595	254.343
38	921.862	237.96
39	981.731	253.288
40	69.6336	91.8096
41	215.675	123.929
42	303.402	154.136
43	365.786	148.503
44	506.498	109.757
45	568.063	122.562
46	676.624	107.528
47	825.126	125.789
48	907.123	95.2255
49	95.2051	13.7472
50	195.504	42.7431
51	296.376	13.9736
52	408.899	24.4586
53	503.167	14.8709
54	661.14	36.7594
55	767.771	30.8226
56	921.155	21.613
57	679.739	683.904
58	2.89926	680.892
59	597.278	572.518
60	218.055	290.313
61	0	314.752
62	74.2247	616.63
63	81.115	615.414
64	88.0058	614.202
65	94.8971	612.992
66	101.789	611.786
67	108.681	610.582
68	115.574	609.382
69	122.468	608.185
70	129.362	606.991
71	136.256	605.8
72	143.151	604.612
73	150.047	603.427
74	156.943	602.245
75	163.84	601.067
76	170.737	599.891
77	177.635	598.719
78	184.533	597.549
79	191.432	596.383
80	198.331	595.22
81	205.231	594.06
82	212.131	592.903
83	219.032	591.749
84	232.375	594.784
85	238.896	598.511
86	245.497	601.78
87	252.177	604.592
88	258.936	606.945
89	265.775	608.84
90	272.694	610.277
91	279.692	611.256
92	286.77	611.776
93	293.927	611.839
94	301.164	611.444
95	308.48	610.59
96	315.876	609.279
97	224.672	583.519
98	223.077	576.571
99	221.149	569.756
100	218.887	563.073
101	216.291	556.522
102	213.362	550.103
103	210.1	543.816
104	206.504	537.661
105	328.472	612.506
106	333.793	617.185
107	339.314	621.546
108	345.035	625.59
109	350.956	629.316
110	357.077	632.724
111	363.397	635.815
112	369.918	638.587
113	324.368	600.529
114	325.053	593.564
115	325.406	586.614
116	325.428	579.678
117	325.118	572.758
118	324.477	565.852
119	323.504	558.961
120	322.199	552.085
121	384.213	641.37
122	391.67	641.365
123	399.01	641.028
124	406.234	640.357
125	413.34	639.353
126	420.328	638.017
127	427.2	636.347
128	433.955	634.345
129	440.593	632.01
130	447.113	629.342
131	453.516	626.341
132	459.803	623.007
133	465.972	619.341
134	472.024	615.341
135	477.959	611.009
136	483.777	606.344
137	610.095	624.666
138	615.352	619.722
139	620.463	614.668
140	625.428	609.503
141	630.247	604.226
142	634.921	598.839
143	639.448	593.341
144	643.829	587.732
145	648.065	582.011
146	652.154	576.18
147	656.098	570.238
148	659.895	564.184
149	663.547	558.02
150	667.053	551.745
151	670.413	545.359
152	893.58	612.571
153	894.558	605.322
154	895.273	598.104
155	895.726	590.919
156	895.916	583.766
157	895.844	576.645
158	895.509	569.556
159	894.912	562.5
160	894.052	555.475
161	892.93	548.482
162	891.546	541.522
163	889.899	534.594
164	887.99	527.697
165	885.818	520.833
166	883.384	514.001
167	880.687	507.202
168	200.83	524.602
169	199.295	517.564
170	197.973	510.525
171	196.861	503.483
172	195.961	496.441
173	195.272	489.396
174	194.795	482.35
175	194.529	475.302
176	194.475	468.253
177	194.632	461.202
178	195	454.149
179	195.58	447.095
180	196.371	440.039
181	197.374	432.981
182	198.588	425.922
183	200.013	418.861
184	210.119	527.95
185	217.344	524.048
186	224.249	519.932
187	230.835	515.604
188	237.102	511.062
189	243.05	506.306
190	248.679	501.338
191	253.989	496.156
192	258.98	490.761
193	263.651	485.152
194	268.004	479.331
195	272.037	473.296
196	275.751	467.048
197	279.146	460.586
198	282.222	453.911
199	284.978	447.023
200	287.416	439.922
201	289.534	432.607
202	291.334	425.079
203	292.814	417.338
204	293.975	409.384
205	294.817	401.216
206	499.002	533.03
207	493.633	528.31
208	488.355	523.513
209	483.168	518.638
210	478.073	513.685
211	473.069	508.654
212	468.155	503.545
213	463.333	498.359
214	458.603	493.095
215	453.963	487.753
216	449.414	482.333
217	444.957	476.835
218	440.591	471.259
219	436.316	465.606
220	432.132	459.875
221	428.039	454.066
222	424.037	448.179
223	420.127	442.214
224	416.308	436.172
225	605.766	519.318
226	611.448	524.46
227	617.375	528.894
228	623.547	532.619
229	629.965	535.636
230	636.628	537.945
231	643.537	539.545
232	650.691	540.437
233	658.091	540.62
234	665.736	540.095
235	681.056	534.861
236	688.435	531.407
237	695.764	528.5
238	703.041	526.141
239	710.268	524.329
240	717.443	523.064
241	724.568	522.346
242	731.642	522.176
243	738.665	522.552
244	745.638	523.476
245	752.559	524.947
246	759.43	526.965
247	766.25	529.53
248	773.019	532.643
249	779.737	536.302
250	786.404	540.509
251	793.021	545.263
252	806.284	547.777
253	812.866	544.813
254	819.335	541.669
255	825.689	538.348
256	831.928	534.848
257	838.053	531.17
258	844.064	527.314
259	849.961	523.28
260	855.743	519.067
261	861.411	514.676
262	866.964	510.107
263	872.403	505.36
264	881.975	492.914
265	886.415	485.799
266	891.05	479.092
267	895.879	472.79
268	900.903	466.895
269	906.12	461.405
270	911.532	456.322
271	917.138	451.645
272	922.939	447.375
273	928.933	443.51
274	935.122	440.052
275	941.505	437
276	948.082	434.354
277	954.853	432.115
278	961.819	430.281
279	968.979	428.854
280	976.333	427.833
281	983.881	427.218
282	991.624	427.01
283	999.561	427.207
284	1007.69	427.811
285	1016.02	428.821
286	104.881	429.241
287	106.562	422.369
288	108.102	415.49
289	109.501	408.602
290	110.758	401.706
291	111.874	394.801
292	112.849	387.888
293	113.683	380.967
294	114.375	374.038
295	114.927	367.1
296	115.336	360.154
297	115.605	353.199
298	115.732	346.236
299	115.718	339.265
300	115.563	332.285
301	115.267	325.297
302	114.829	318.301
303	114.25	311.297
304	113.53	304.284
305	112.668	297.263
306	206.961	406.77
307	212.385	401.957
308	217.924	397.358
309	223.578	392.975
310	229.345	388.807
311	235.227	384.854
312	241.223	381.116
313	247.334	377.593
314	253.559	374.285
315	259.898	371.192
316	266.351	368.315
317	272.919	365.652
318	279.601	363.204
319	286.397	360.972
320	293.308	358.955
321	300.333	357.152
322	301.699	396.715
323	308.126	400.384
324	314.62	403.841
325	321.181	407.088
326	327.809	410.122
327	334.504	412.946
328	341.266	415.558
329	348.096	417.958
330	354.992	420.147
331	361.956	422.125
332	368.987	423.892
333	376.084	425.447
334	383.249	426.79
335	390.481	427.923
336	397.78	428.844
337	405.146	429.553
338	404.702	428.789
339	397.064	427.189
340	389.666	425.25
341	382.508	422.973
342	375.59	420.358
343	368.911	417.404
344	362.472	414.112
345	356.273	410.481
346	350.314	406.512
347	344.595	402.205
348	339.115	397.559
349	333.875	392.575
350	328.875	387.253
351	324.115	381.592
352	319.594	375.593
353	315.314	369.255
354	311.273	362.579
355	501.787	428.613
356	499.555	421.618
357	497.457	414.601
358	495.492	407.563
359	493.663	400.503
360	491.967	393.421
361	490.405	386.317
362	488.978	379.192
363	487.685	372.045
364	486.526	364.877
365	485.502	357.686
366	484.611	350.474
367	483.855	343.241
368	483.233	335.985
369	482.745	328.708
370	482.391	321.409
371	482.172	314.089
372	482.086	306.747
373	709.138	395.665
374	701.907	393.023
375	695.349	389.718
376	689.466	385.751
377	684.257	381.121
378	679.722	375.83
379	675.862	369.876
380	672.676	363.26
381	670.164	355.982
382	803.696	441.415
383	806.15	434.847
384	808.412	428.244
385	810.481	421.608
386	812.358	414.937
387	814.043	408.233
388	815.535	401.494
389	816.835	394.721
390	817.943	387.914
391	818.859	381.073
392	819.582	374.198
393	820.113	367.288
394	820.451	360.345
395	820.597	353.367
396	820.551	346.356
397	1020.57	423.624
398	1016.47	417.178
399	1012.24	410.898
400	1007.89	404.784
401	1003.4	398.836
402	998.777	393.055
403	994.027	387.441
404	989.145	381.993
405	984.133	376.711
406	978.991	371.595
407	973.717	366.646
408	968.313	361.864
409	962.778	357.248
410	957.113	352.798
411	951.317	348.514
412	945.39	344.397
413	939.332	340.447
414	933.144	336.662
415	926.825	333.045
416	920.376	329.593
417	913.795	326.308
418	907.084	323.189
419	900.243	320.237
420	893.27	317.451
421	886.167	314.832
422	878.934	312.379
423	314.538	351.451
424	321.287	347.161
425	327.719	342.694
426	333.832	338.051
427	339.627	333.231
428	345.105	328.235
429	350.265	323.062
430	355.107	317.713
431	359.631	312.187
432	363.838	306.485
433	367.726	300.606
434	371.297	294.551
435	374.55	288.319
436	377.485	281.911
437	380.102	275.326
438	382.402	268.565
439	384.383	261.627
440	386.047	254.513
441	387.393	247.222
442	388.421	239.754
443	389.132	232.111
444	389.524	224.29
445	389.599	216.293
446	382.3	320.008
447	381.931	312.97
448	381.669	305.939
449	381.516	298.913
450	381.47	291.893
451	381.533	284.879
452	381.704	277.871
453	381.982	270.869
454	382.369	263.873
455	382.864	256.883
456	383.467	249.899
457	384.179	242.921
458	384.998	235.949
459	385.925	228.983
460	386.961	222.022
461	388.104	215.068
462	481.129	292.081
463	480.528	284.838
464	480.331	277.654
465	480.538	270.529
466	481.15	263.462
467	482.167	256.453
468	483.588	249.504
469	485.413	242.613
470	487.643	235.781
471	490.278	229.007
472	818.101	331.993
473	815.691	324.84
474	813.081	317.853
475	810.273	311.03
476	807.267	304.372
477	804.061	297.879
478	800.657	291.55
479	797.054	285.387
480	793.253	279.388
481	789.253	273.554
482	785.054	267.884
483	780.656	262.38
484	776.06	257.04
485	771.265	251.865
486	766.271	246.855
487	761.079	242.01
488	755.688	237.329
489	750.098	232.814
490	744.31	228.463
491	738.323	224.276
492	732.137	220.255
493	725.752	216.399
494	719.169	212.707
495	877.593	304.836
496	883.732	300.195
497	889.984	296.171
498	896.35	292.763
499	902.83	289.971
500	909.425	287.796
501	916.133	286.236
502	922.955	285.292
503	929.891	284.965
504	936.941	285.254
505	944.105	286.159
506	951.384	287.68
507	958.776	289.817
508	965.462	284.688
509	966	277.34
510	967.896	270.526
511	971.15	264.246
512	975.762	258.5
513	209.363	237.774
514	212.734	230.908
515	215.708	224.008
516	218.285	217.075
517	220.465	210.108
518	222.248	203.109
519	223.634	196.077
520	224.624	189.011
521	225.217	181.912
522	225.413	174.78
523	225.212	167.615
524	224.615	160.417
525	223.62	153.186
526	222.229	145.921
527	220.441	138.623
528	218.257	131.293
529	302.663	211.655
530	305.623	204.666
531	307.764	197.62
532	309.086	190.516
533	309.588	183.355
534	309.27	176.136
535	308.134	168.86
536	306.178	161.527
537	396.118	210.305
538	402.903	212.312
539	409.713	214.142
540	416.548	215.796
541	423.406	217.272
542	430.288	218.571
543	437.195	219.693
544	444.126	220.637
545	451.08	221.405
546	458.059	221.996
547	465.063	222.409
548	472.09	222.646
549	479.141	222.705
550	486.217	222.587
551	497.95	215.705
552	502.076	209.058
553	505.694	202.352
554	508.803	195.586
555	511.405	188.761
556	513.499	181.876
557	515.084	174.932
558	516.162	167.928
559	516.732	160.865
560	516.794	153.742
561	516.348	146.56
562	515.394	139.318
563	513.932	132.017
564	511.962	124.657
565	509.484	117.236
566	578.48	213.877
567	585.546	217.503
568	592.609	220.698
569	599.671	223.464
570	606.73	225.799
571	613.788	227.703
572	620.843	229.177
573	627.897	230.221
574	634.948	230.835
575	641.998	231.018
576	649.046	230.77
577	656.092	230.093
578	663.135	228.985
579	670.177	227.447
580	677.217	225.478
581	684.255	223.079
582	691.291	220.25
583	698.325	216.99
584	705.357	213.3
585	825.051	250.55
586	831.568	247.142
587	838.147	244.12
588	844.786	241.484
589	851.487	239.234
590	858.249	237.37
591	865.072	235.892
592	871.957	234.8
593	878.902	234.094
594	885.909	233.773
595	892.977	233.839
596	900.106	234.29
597	907.297	235.128
598	914.549	236.351
599	824.197	247.467
600	829.182	240.56
601	833.55	233.622
602	837.303	226.652
603	840.439	219.651
604	842.959	212.619
605	844.862	205.555
606	846.149	198.461
607	846.82	191.334
608	846.875	184.177
609	846.313	176.988
610	845.135	169.768
611	843.341	162.516
612	840.931	155.234
613	837.904	147.92
614	834.261	140.574
615	830.002	133.197
616	929.676	235.125
617	937.2	233.424
618	944.433	232.858
619	951.375	233.426
620	958.028	235.13
621	964.389	237.967
622	970.46	241.94
623	976.241	247.046
624	921.919	230.741
625	921.893	223.531
626	921.783	216.33
627	921.59	209.137
628	921.313	201.953
629	920.952	194.777
630	920.508	187.61
631	919.98	180.452
632	919.369	173.302
633	918.673	166.161
634	917.895	159.029
635	917.032	151.905
636	916.086	144.79
637	915.057	137.683
638	913.944	130.585
639	912.747	123.496
640	911.466	116.415
641	910.102	109.344
642	908.655	102.28
643	77.2162	90.4826
644	84.7359	89.4414
645	92.1929	88.6857
646	99.587	88.2157
647	106.918	88.0314
648	114.187	88.1327
649	121.392	88.5196
650	128.535	89.1922
651	135.615	90.1504
652	142.632	91.3942
653	149.587	92.9237
654	156.478	94.7388
655	163.307	96.8396
656	170.073	99.226
657	176.776	101.898
658	183.416	104.856
659	189.994	108.099
660	196.508	111.628
661	202.96	115.443
662	209.349	119.543
663	68.9375	84.3783
664	68.7554	77.1154
665	69.0874	70.0209
666	69.9333	63.0947
667	71.2932	56.337
668	73.1672	49.7476
669	75.5551	43.3266
670	78.4571	37.0739
671	81.8731	30.9897
672	85.8031	25.0738
673	90.2471	19.3263
674	218.038	116.159
675	219.665	108.571
676	220.557	101.167
677	220.714	93.9445
678	220.136	86.905
679	218.822	80.0482
680	216.774	73.3741
681	213.99	66.8826
682	210.471	60.5737
683	206.218	54.4475
684	201.228	48.504
685	309.909	148.81
686	316.522	144.66
687	323.242	141.684
688	330.067	139.883
689	336.999	139.257
690	344.037	139.806
691	351.18	141.53
692	358.43	144.429
693	511.717	102.265
694	516.024	94.8064
695	519.419	87.3794
696	521.9	79.9844
697	523.469	72.6214
698	524.126	65.2905
699	523.87	57.9916
700	522.701	50.7247
701	520.619	43.4899
702	517.625	36.2871
703	513.719	29.1163
704	508.899	21.9776
705	560.644	118.877
706	553.672	114.923
707	547.15	110.698
708	541.077	106.202
709	535.452	101.437
710	530.276	96.4003
711	525.548	91.0936
712	521.27	85.5164
713	517.44	79.6688
714	514.059	73.5508
715	511.127	67.1623
716	508.644	60.5034
717	506.609	53.5741
718	505.023	46.3743
719	503.886	38.9041
720	503.197	31.1635
721	502.958	23.1524
722	683.785	107.669
723	690.937	107.882
724	698.08	108.169
725	705.215	108.528
726	712.34	108.96
727	719.456	109.465
728	726.564	110.043
729	733.662	110.694
730	740.752	111.417
731	747.832	112.214
732	754.904	113.084
733	761.966	114.026
734	769.02	115.042
735	776.065	116.13
736	783.1	117.291
737	790.127	118.525
738	797.145	119.832
739	804.153	121.212
740	811.153	122.665
741	818.144	124.191
742	671.137	101.313
743	666.526	94.9063
744	662.79	88.308
745	659.929	81.5183
746	657.943	74.5372
747	656.832	67.3645
748	656.597	60.0004
749	657.236	52.4449
750	658.75	44.6978
751	832.638	123.079
752	839.865	120.106
753	846.806	116.87
754	853.462	113.37
755	859.833	109.608
756	865.918	105.583
757	871.718	101.294
758	877.233	96.7432
759	882.462	91.9289
760	887.406	86.8516
761	892.065	81.5112
762	896.439	75.9079
763	900.527	70.0416
764	904.33	63.9122
765	907.847	57.5199
766	911.079	50.8645
767	914.026	43.9461
768	916.688	36.7648
769	919.064	29.3204
770	201.929	39.7725
771	208.396	36.9522
772	214.906	34.2823
773	221.46	31.7628
774	228.056	29.3936
775	234.695	27.1749
776	241.377	25.1066
777	248.101	23.1886
778	254.869	21.421
779	261.68	19.8038
780	268.533	18.337
781	275.429	17.0206
782	282.369	15.8545
783	289.351	14.8389
784	415.589	18.2079
785	422.374	12.8761
786	429.251	8.46319
787	436.222	4.96911
788	443.287	2.39389
789	450.445	0.737515
790	457.696	0
791	465.041	0.18134
792	472.479	1.28154
793	480.011	3.30059
794	487.636	6.23849
795	495.355	10.0953
796	775.034	35.2488
797	782.269	39.2136
798	789.476	42.717
799	796.656	45.7589
800	803.808	48.3395
801	810.933	50.4587
802	818.029	52.1164
803	825.098	53.3127
804	832.139	54.0476
805	839.153	54.3211
806	846.139	54.1332
807	853.097	53.4839
808	860.027	52.3732
809	866.93	50.801
810	873.805	48.7675
811	880.653	46.2725
812	887.472	43.3161
813	894.264	39.8983
814	901.028	36.0191
815	907.765	31.6785
816	914.474	26.8765
