NOMBRE : MTLARP6_6_5_2.dat
VERTICES ORIGINALES : 36
VERTICES TOTALES : 486
DEPOTS : 5
32
33
34
35
36
LINEAS ORIGINALES : 30
LINE 1 2 141.966 13
	37 11.5389
	38 11.2367
	39 10.9832
	40 10.782
	41 10.6359
	42 10.5473
	43 10.5176
	44 10.5473
	45 10.6359
	46 10.782
	47 10.9832
	48 11.2367
	2 11.5389
LINE 1 5 188.74 17
	49 11.3715
	50 11.2717
	51 11.1844
	52 11.1101
	53 11.0488
	54 11.001
	55 10.9667
	56 10.9461
	57 10.9392
	58 10.9461
	59 10.9667
	60 11.001
	61 11.0488
	62 11.1101
	63 11.1844
	64 11.2717
	5 11.3715
LINE 3 6 219.753 20
	65 11.0744
	66 11.0471
	67 11.0228
	68 11.0015
	69 10.9832
	70 10.9679
	71 10.9557
	72 10.9465
	73 10.9404
	74 10.9373
	75 10.9373
	76 10.9404
	77 10.9465
	78 10.9557
	79 10.9679
	80 10.9832
	81 11.0015
	82 11.0228
	83 11.0471
	6 11.0744
LINE 4 9 209.853 19
	84 11.3913
	85 11.2775
	86 11.1761
	87 11.0875
	88 11.012
	89 10.9498
	90 10.9012
	91 10.8663
	92 10.8454
	93 10.8384
	94 10.8454
	95 10.8663
	96 10.9012
	97 10.9498
	98 11.012
	99 11.0875
	100 11.1761
	101 11.2775
	9 11.3913
LINE 5 6 200.309 18
	102 11.473
	103 11.353
	104 11.247
	105 11.1554
	106 11.0784
	107 11.0164
	108 10.9697
	109 10.9385
	110 10.9229
	111 10.9229
	112 10.9385
	113 10.9697
	114 11.0164
	115 11.0784
	116 11.1554
	117 11.247
	118 11.353
	6 11.473
LINE 5 10 244.607 23
	119 10.6435
	120 10.6412
	121 10.6391
	122 10.6373
	123 10.6356
	124 10.6342
	125 10.633
	126 10.632
	127 10.6313
	128 10.6307
	129 10.6304
	130 10.6303
	131 10.6304
	132 10.6307
	133 10.6313
	134 10.632
	135 10.633
	136 10.6342
	137 10.6356
	138 10.6373
	139 10.6391
	140 10.6412
	10 10.6435
LINE 6 7 129.797 11
	141 12.6796
	142 12.1661
	143 11.7512
	144 11.4457
	145 11.2584
	146 11.1952
	147 11.2584
	148 11.4457
	149 11.7512
	150 12.1661
	7 12.6796
LINE 6 10 243.848 23
	151 10.6052
	152 10.6043
	153 10.6036
	154 10.6029
	155 10.6023
	156 10.6018
	157 10.6013
	158 10.601
	159 10.6007
	160 10.6005
	161 10.6004
	162 10.6003
	163 10.6004
	164 10.6005
	165 10.6007
	166 10.601
	167 10.6013
	168 10.6018
	169 10.6023
	170 10.6029
	171 10.6036
	172 10.6043
	10 10.6052
LINE 7 11 158.37 14
	173 11.9608
	174 11.6686
	175 11.4193
	176 11.2159
	177 11.0608
	178 10.9563
	179 10.9036
	180 10.9036
	181 10.9563
	182 11.0608
	183 11.2159
	184 11.4193
	185 11.6686
	11 11.9608
LINE 8 9 173.418 16
	186 11.4608
	187 11.2181
	188 11.0059
	189 10.8258
	190 10.6796
	191 10.5686
	192 10.4939
	193 10.4564
	194 10.4564
	195 10.4939
	196 10.5686
	197 10.6796
	198 10.8258
	199 11.0059
	200 11.2181
	9 11.4608
LINE 8 11 294.51 27
	201 11.4751
	202 11.3475
	203 11.2289
	204 11.1195
	205 11.0195
	206 10.9293
	207 10.8491
	208 10.7791
	209 10.7195
	210 10.6705
	211 10.6322
	212 10.6048
	213 10.5883
	214 10.5828
	215 10.5883
	216 10.6048
	217 10.6322
	218 10.6705
	219 10.7195
	220 10.7791
	221 10.8491
	222 10.9293
	223 11.0195
	224 11.1195
	225 11.2289
	226 11.3475
	11 11.4751
LINE 8 12 167.114 15
	227 11.9363
	228 11.6057
	229 11.3184
	230 11.0778
	231 10.887
	232 10.7487
	233 10.6648
	234 10.6367
	235 10.6648
	236 10.7487
	237 10.887
	238 11.0778
	239 11.3184
	240 11.6057
	12 11.9363
LINE 10 15 88.7431 8
	241 11.8168
	242 11.2079
	243 10.7829
	244 10.564
	245 10.564
	246 10.7829
	247 11.2079
	15 11.8168
LINE 11 12 189.646 17
	248 11.2907
	249 11.2404
	250 11.1965
	251 11.1593
	252 11.1287
	253 11.1049
	254 11.0879
	255 11.0776
	256 11.0742
	257 11.0776
	258 11.0879
	259 11.1049
	260 11.1287
	261 11.1593
	262 11.1965
	263 11.2404
	12 11.2907
LINE 11 16 208.123 19
	264 11.0056
	265 10.9884
	266 10.9732
	267 10.96
	268 10.9488
	269 10.9397
	270 10.9326
	271 10.9275
	272 10.9244
	273 10.9234
	274 10.9244
	275 10.9275
	276 10.9326
	277 10.9397
	278 10.9488
	279 10.96
	280 10.9732
	281 10.9884
	16 11.0056
LINE 12 13 130.336 12
	282 11.5732
	283 11.1947
	284 10.8825
	285 10.6423
	286 10.4791
	287 10.3965
	288 10.3965
	289 10.4791
	290 10.6423
	291 10.8825
	292 11.1947
	13 11.5732
LINE 14 20 70.2955 7
	293 10.046
	294 10.0422
	295 10.04
	296 10.0392
	297 10.04
	298 10.0422
	20 10.046
LINE 15 20 170.257 16
	299 10.8079
	300 10.7416
	301 10.6845
	302 10.6366
	303 10.5982
	304 10.5693
	305 10.55
	306 10.5403
	307 10.5403
	308 10.55
	309 10.5693
	310 10.5982
	311 10.6366
	312 10.6845
	313 10.7416
	20 10.8079
LINE 15 21 186.055 17
	314 11.1905
	315 11.0992
	316 11.0194
	317 10.9514
	318 10.8955
	319 10.8518
	320 10.8205
	321 10.8016
	322 10.7954
	323 10.8016
	324 10.8205
	325 10.8518
	326 10.8955
	327 10.9514
	328 11.0194
	329 11.0992
	21 11.1905
LINE 17 23 175.949 16
	330 11.0002
	331 10.9988
	332 10.9977
	333 10.9967
	334 10.9959
	335 10.9953
	336 10.995
	337 10.9948
	338 10.9948
	339 10.995
	340 10.9953
	341 10.9959
	342 10.9967
	343 10.9977
	344 10.9988
	23 11.0002
LINE 18 24 143.96 13
	345 11.1232
	346 11.0986
	347 11.0784
	348 11.0626
	349 11.0514
	350 11.0446
	351 11.0424
	352 11.0446
	353 11.0514
	354 11.0626
	355 11.0784
	356 11.0986
	24 11.1232
LINE 19 25 174.714 16
	357 10.9525
	358 10.9394
	359 10.9281
	360 10.9187
	361 10.9112
	362 10.9055
	363 10.9018
	364 10.8999
	365 10.8999
	366 10.9018
	367 10.9055
	368 10.9112
	369 10.9187
	370 10.9281
	371 10.9394
	25 10.9525
LINE 20 26 230.135 21
	372 11.1157
	373 11.0689
	374 11.0269
	375 10.9898
	376 10.9575
	377 10.93
	378 10.9076
	379 10.89
	380 10.8775
	381 10.87
	382 10.8675
	383 10.87
	384 10.8775
	385 10.89
	386 10.9076
	387 10.93
	388 10.9575
	389 10.9898
	390 11.0269
	391 11.0689
	26 11.1157
LINE 20 27 214.834 20
	392 10.7629
	393 10.7562
	394 10.7502
	395 10.745
	396 10.7406
	397 10.7368
	398 10.7339
	399 10.7316
	400 10.7301
	401 10.7294
	402 10.7294
	403 10.7301
	404 10.7316
	405 10.7339
	406 10.7368
	407 10.7406
	408 10.745
	409 10.7502
	410 10.7562
	27 10.7629
LINE 22 23 204.91 18
	411 12.4545
	412 12.0923
	413 11.7663
	414 11.4794
	415 11.2348
	416 11.0352
	417 10.8831
	418 10.7805
	419 10.7288
	420 10.7288
	421 10.7805
	422 10.8831
	423 11.0352
	424 11.2348
	425 11.4794
	426 11.7663
	427 12.0923
	23 12.4545
LINE 23 24 124.93 12
	428 10.4561
	429 10.4315
	430 10.4117
	431 10.3969
	432 10.387
	433 10.3821
	434 10.3821
	435 10.387
	436 10.3969
	437 10.4117
	438 10.4315
	24 10.4561
LINE 24 30 120.648 11
	439 10.9923
	440 10.9777
	441 10.9664
	442 10.9582
	443 10.9534
	444 10.9517
	445 10.9534
	446 10.9582
	447 10.9664
	448 10.9777
	30 10.9923
LINE 27 28 139.564 13
	449 11.0602
	450 10.8999
	451 10.767
	452 10.6625
	453 10.5872
	454 10.5418
	455 10.5266
	456 10.5418
	457 10.5872
	458 10.6625
	459 10.767
	460 10.8999
	28 11.0602
LINE 28 29 152.233 13
	461 12.6607
	462 12.2008
	463 11.8112
	464 11.4991
	465 11.2709
	466 11.1317
	467 11.0849
	468 11.1317
	469 11.2709
	470 11.4991
	471 11.8112
	472 12.2008
	29 12.6607
LINE 30 31 168.7 15
	473 11.9393
	474 11.6502
	475 11.3999
	476 11.1909
	477 11.0256
	478 10.906
	479 10.8336
	480 10.8094
	481 10.8336
	482 10.906
	483 11.0256
	484 11.1909
	485 11.3999
	486 11.6502
	31 11.9393
COORDENADAS :
1	73.3474	555.796
2	164.138	547.682
3	364.516	521.976
4	584.708	534.065
5	154.73	462.269
6	273.892	407.729
7	355.93	404.582
8	481.762	461.989
9	572.572	397.317
10	152.822	299.282
11	374.478	304.582
12	489.028	355.871
13	571.514	345.883
14	89.5106	196.396
15	138.586	244.922
16	272.933	210.598
17	334.349	207.193
18	473.42	219.237
19	552.091	221.098
20	76.0028	151.536
21	186.214	132.226
22	272.51	151.241
23	392.775	105.505
24	473.845	123.538
25	547.492	104.926
26	89.5961	0
27	159.679	35.5031
28	250.893	33.7321
29	345.522	17.163
30	437.477	51.9312
31	539.162	15.266
32	3.64391	517.004
33	361.974	445.262
34	295.926	599.111
35	0	195.352
36	51.8387	619.437
37	80.613	558.323
38	87.8315	560.326
39	95.0032	561.803
40	102.128	562.754
41	109.206	563.181
42	116.236	563.082
43	123.22	562.458
44	130.157	561.308
45	137.047	559.634
46	143.89	557.434
47	150.686	554.708
48	157.436	551.458
49	79.6966	551.653
50	85.8506	547.341
51	91.8093	542.859
52	97.5727	538.207
53	103.141	533.385
54	108.514	528.393
55	113.692	523.231
56	118.674	517.899
57	123.461	512.398
58	128.053	506.726
59	132.45	500.885
60	136.651	494.874
61	140.657	488.692
62	144.468	482.341
63	148.084	475.82
64	151.504	469.13
65	360.893	515.543
66	357.175	509.186
67	353.362	502.904
68	349.452	496.699
69	345.447	490.569
70	341.346	484.515
71	337.15	478.537
72	332.858	472.635
73	328.47	466.809
74	323.987	461.059
75	319.408	455.384
76	314.733	449.786
77	309.963	444.263
78	305.097	438.816
79	300.135	433.446
80	295.078	428.151
81	289.925	422.931
82	284.676	417.788
83	279.332	412.721
84	586.398	526.661
85	587.828	519.281
86	589	511.923
87	589.914	504.587
88	590.568	497.275
89	590.964	489.986
90	591.102	482.72
91	590.98	475.477
92	590.6	468.257
93	589.961	461.059
94	589.064	453.885
95	587.908	446.734
96	586.493	439.605
97	584.82	432.5
98	582.887	425.417
99	580.697	418.358
100	578.247	411.321
101	575.539	404.307
102	160.374	457.107
103	166.134	452.197
104	172.008	447.537
105	177.997	443.128
106	184.1	438.969
107	190.319	435.062
108	196.652	431.405
109	203.1	427.999
110	209.663	424.843
111	216.34	421.939
112	223.133	419.285
113	230.04	416.882
114	237.062	414.73
115	244.198	412.828
116	251.449	411.177
117	258.816	409.777
118	266.297	408.628
119	154.294	455.187
120	153.89	448.104
121	153.518	441.021
122	153.179	433.938
123	152.871	426.854
124	152.596	419.77
125	152.352	412.685
126	152.141	405.6
127	151.962	398.515
128	151.815	391.429
129	151.7	384.343
130	151.617	377.257
131	151.566	370.17
132	151.547	363.083
133	151.561	355.996
134	151.606	348.908
135	151.683	341.82
136	151.793	334.731
137	151.935	327.642
138	152.108	320.553
139	152.314	313.463
140	152.552	306.373
141	281.198	403.477
142	288.534	400.018
143	295.901	397.353
144	303.298	395.48
145	310.726	394.401
146	318.184	394.115
147	325.672	394.622
148	333.191	395.923
149	340.74	398.016
150	348.32	400.903
151	268.486	403.173
152	263.092	398.603
153	257.712	394.018
154	252.344	389.418
155	246.989	384.805
156	241.648	380.176
157	236.319	375.534
158	231.003	370.876
159	225.701	366.205
160	220.411	361.519
161	215.134	356.818
162	209.87	352.103
163	204.619	347.373
164	199.381	342.629
165	194.156	337.871
166	188.944	333.098
167	183.745	328.31
168	178.558	323.509
169	173.385	318.692
170	168.225	313.861
171	163.078	309.016
172	157.943	304.156
173	354.023	396.84
174	352.612	389.19
175	351.699	381.632
176	351.284	374.166
177	351.365	366.793
178	351.944	359.512
179	353.02	352.323
180	354.594	345.226
181	356.665	338.221
182	359.233	331.309
183	362.298	324.489
184	365.861	317.761
185	369.92	311.126
186	489.256	460.5
187	496.508	458.671
188	503.517	456.502
189	510.284	453.992
190	516.808	451.142
191	523.09	447.951
192	529.129	444.419
193	534.926	440.548
194	540.48	436.335
195	545.792	431.783
196	550.862	426.89
197	555.689	421.656
198	560.273	416.082
199	564.615	410.167
200	568.715	403.912
201	480.233	454.493
202	478.515	447.126
203	476.61	439.886
204	474.516	432.775
205	472.234	425.792
206	469.765	418.937
207	467.107	412.21
208	464.262	405.612
209	461.228	399.141
210	458.007	392.799
211	454.597	386.585
212	451	380.498
213	447.214	374.54
214	443.241	368.711
215	439.079	363.009
216	434.73	357.435
217	430.192	351.99
218	425.467	346.672
219	420.553	341.483
220	415.452	336.422
221	410.162	331.489
222	404.685	326.684
223	399.019	322.008
224	393.166	317.459
225	387.124	313.039
226	380.895	308.746
227	485.849	455.161
228	489.421	448.298
229	492.479	441.399
230	495.021	434.466
231	497.05	427.497
232	498.563	420.493
233	499.562	413.454
234	500.047	406.379
235	500.016	399.269
236	499.472	392.124
237	498.412	384.944
238	496.838	377.728
239	494.749	370.478
240	492.146	363.192
241	154.493	291.584
242	155.178	284.143
243	154.877	276.961
244	153.59	270.037
245	151.318	263.371
246	148.06	256.963
247	143.816	250.813
248	381.815	306.26
249	389.078	308.106
250	396.266	310.119
251	403.379	312.299
252	410.417	314.646
253	417.38	317.161
254	424.268	319.844
255	431.081	322.693
256	437.819	325.71
257	444.483	328.894
258	451.071	332.246
259	457.585	335.765
260	464.023	339.451
261	470.387	343.305
262	476.675	347.326
263	482.889	351.515
264	369.741	298.979
265	364.937	293.449
266	360.065	287.991
267	355.126	282.607
268	350.119	277.296
269	345.045	272.057
270	339.903	266.892
271	334.694	261.799
272	329.417	256.78
273	324.072	251.833
274	318.66	246.96
275	313.181	242.159
276	307.634	237.432
277	302.019	232.777
278	296.337	228.195
279	290.587	223.686
280	284.77	219.251
281	278.885	214.888
282	496.311	358.417
283	503.519	360.35
284	510.654	361.668
285	517.714	362.372
286	524.699	362.461
287	531.61	361.936
288	538.447	360.796
289	545.209	359.042
290	551.897	356.674
291	558.511	353.692
292	565.05	350.095
293	87.3457	190.058
294	85.2592	183.697
295	83.2511	177.312
296	81.3214	170.903
297	79.4701	164.471
298	77.6973	158.015
299	133.348	239.974
300	128.286	234.908
301	123.402	229.724
302	118.695	224.421
303	114.164	218.999
304	109.81	213.459
305	105.634	207.8
306	101.634	202.022
307	97.8108	196.126
308	94.1647	190.112
309	90.6955	183.979
310	87.4032	177.728
311	84.2878	171.357
312	81.3492	164.869
313	78.5876	158.262
314	139.577	237.528
315	140.795	230.229
316	142.239	223.026
317	143.91	215.919
318	145.807	208.908
319	147.93	201.992
320	150.279	195.171
321	152.854	188.446
322	155.656	181.817
323	158.684	175.284
324	161.938	168.846
325	165.418	162.503
326	169.125	156.257
327	173.058	150.106
328	177.217	144.05
329	181.603	138.09
330	338.202	200.953
331	342.027	194.697
332	345.826	188.426
333	349.598	182.14
334	353.343	175.838
335	357.062	169.521
336	360.754	163.189
337	364.419	156.841
338	368.057	150.478
339	371.668	144.099
340	375.253	137.705
341	378.811	131.296
342	382.342	124.872
343	385.846	118.431
344	389.324	111.976
345	472.56	211.872
346	471.849	204.507
347	471.287	197.143
348	470.873	189.779
349	470.608	182.417
350	470.492	175.054
351	470.525	167.693
352	470.707	160.332
353	471.037	152.972
354	471.516	145.612
355	472.143	138.253
356	472.92	130.895
357	551.088	213.866
358	550.18	206.63
359	549.367	199.39
360	548.65	192.146
361	548.028	184.898
362	547.502	177.647
363	547.071	170.392
364	546.736	163.133
365	546.496	155.871
366	546.352	148.604
367	546.303	141.334
368	546.35	134.06
369	546.492	126.782
370	546.73	119.501
371	547.063	112.215
372	78.2011	144.459
373	80.2443	137.368
374	82.1324	130.264
375	83.8654	123.145
376	85.4433	116.013
377	86.8661	108.866
378	88.1338	101.706
379	89.2464	94.5315
380	90.2039	87.3433
381	91.0063	80.1412
382	91.6536	72.9252
383	92.1458	65.6953
384	92.4829	58.4515
385	92.6649	51.1937
386	92.6918	43.9221
387	92.5636	36.6365
388	92.2803	29.337
389	91.8419	22.0236
390	91.2484	14.6963
391	90.4998	7.35513
392	79.7273	145.403
393	83.5001	139.305
394	87.3212	133.242
395	91.1907	127.213
396	95.1086	121.22
397	99.0748	115.261
398	103.089	109.338
399	107.152	103.449
400	111.264	97.595
401	115.423	91.7759
402	119.631	85.9917
403	123.888	80.2424
404	128.192	74.5279
405	132.545	68.8483
406	136.947	63.2036
407	141.397	57.5938
408	145.895	52.0188
409	150.441	46.4787
410	155.036	40.9735
411	277.69	144.752
412	283.046	138.727
413	288.58	133.167
414	294.289	128.072
415	300.176	123.441
416	306.239	119.274
417	312.479	115.572
418	318.895	112.334
419	325.488	109.561
420	332.258	107.252
421	339.204	105.408
422	346.327	104.029
423	353.627	103.113
424	361.103	102.663
425	368.756	102.677
426	376.586	103.155
427	384.592	104.098
428	399.35	107.819
429	405.958	109.986
430	412.599	112.005
431	419.273	113.877
432	425.98	115.601
433	432.719	117.177
434	439.492	118.606
435	446.297	119.888
436	453.135	121.021
437	460.005	122.008
438	466.909	122.846
439	469.978	117.313
440	466.223	111.031
441	462.58	104.693
442	459.049	98.2969
443	455.631	91.8442
444	452.325	85.3345
445	449.131	78.7678
446	446.049	72.1442
447	443.079	65.4635
448	440.222	58.7259
449	166.652	33.1047
450	173.632	31.0833
451	180.619	29.4389
452	187.613	28.1716
453	194.615	27.2813
454	201.624	26.768
455	208.641	26.6318
456	215.664	26.8726
457	222.695	27.4904
458	229.734	28.4853
459	236.779	29.8572
460	243.832	31.6061
461	257.469	28.4407
462	264.162	23.8187
463	270.972	19.8662
464	277.9	16.5833
465	284.944	13.9697
466	292.106	12.0257
467	299.385	10.7512
468	306.782	10.1461
469	314.295	10.2105
470	321.926	10.9444
471	329.674	12.3478
472	337.54	14.4207
473	443.109	46.3074
474	448.906	41.1377
475	454.866	36.4223
476	460.99	32.1611
477	467.278	28.3541
478	473.729	25.0013
479	480.344	22.1027
480	487.123	19.6584
481	494.066	17.6683
482	501.173	16.1323
483	508.443	15.0506
484	515.877	14.4231
485	523.475	14.2499
486	531.237	14.5308
