NOMBRE : MTLARP7_10_3_1.dat
VERTICES ORIGINALES : 59
VERTICES TOTALES : 804
DEPOTS : 3
57
58
59
LINEAS ORIGINALES : 50
LINE 1 2 150.967 15
	60 10.0651
	61 10.0648
	62 10.0646
	63 10.0644
	64 10.0643
	65 10.0642
	66 10.0641
	67 10.0641
	68 10.0641
	69 10.0642
	70 10.0643
	71 10.0644
	72 10.0646
	73 10.0648
	2 10.0651
LINE 2 3 241.385 23
	74 10.4951
	75 10.4951
	76 10.495
	77 10.495
	78 10.495
	79 10.495
	80 10.495
	81 10.495
	82 10.495
	83 10.495
	84 10.495
	85 10.495
	86 10.495
	87 10.495
	88 10.495
	89 10.495
	90 10.495
	91 10.495
	92 10.495
	93 10.495
	94 10.495
	95 10.4951
	3 10.4951
LINE 3 4 153.38 14
	96 11.5228
	97 11.2667
	98 11.0487
	99 10.8712
	100 10.7362
	101 10.6452
	102 10.5994
	103 10.5994
	104 10.6452
	105 10.7362
	106 10.8712
	107 11.0487
	108 11.2667
	4 11.5228
LINE 3 9 95.9424 9
	109 10.7865
	110 10.6922
	111 10.6243
	112 10.5834
	113 10.5697
	114 10.5834
	115 10.6243
	116 10.6922
	9 10.7865
LINE 4 5 95.3401 9
	117 10.7324
	118 10.6286
	119 10.5537
	120 10.5086
	121 10.4935
	122 10.5086
	123 10.5537
	124 10.6286
	5 10.7324
LINE 4 10 94.2334 9
	125 10.5805
	126 10.4982
	127 10.439
	128 10.4033
	129 10.3914
	130 10.4033
	131 10.439
	132 10.4982
	10 10.5805
LINE 5 6 184.704 17
	133 11.3723
	134 11.186
	135 11.022
	136 10.8813
	137 10.7648
	138 10.6733
	139 10.6075
	140 10.5678
	141 10.5545
	142 10.5678
	143 10.6075
	144 10.6733
	145 10.7648
	146 10.8813
	147 11.022
	148 11.186
	6 11.3723
LINE 7 12 175.39 17
	149 10.4362
	150 10.3918
	151 10.3531
	152 10.3203
	153 10.2933
	154 10.2723
	155 10.2573
	156 10.2483
	157 10.2452
	158 10.2483
	159 10.2573
	160 10.2723
	161 10.2933
	162 10.3203
	163 10.3531
	164 10.3918
	12 10.4362
LINE 8 15 183.444 18
	165 10.467
	166 10.3709
	167 10.2861
	168 10.2128
	169 10.1514
	170 10.102
	171 10.0647
	172 10.0398
	173 10.0274
	174 10.0274
	175 10.0398
	176 10.0647
	177 10.102
	178 10.1514
	179 10.2128
	180 10.2861
	181 10.3709
	15 10.467
LINE 9 18 210.719 20
	182 10.7257
	183 10.6663
	184 10.6132
	185 10.5665
	186 10.5264
	187 10.4928
	188 10.4658
	189 10.4456
	190 10.432
	191 10.4253
	192 10.4253
	193 10.432
	194 10.4456
	195 10.4658
	196 10.4928
	197 10.5264
	198 10.5665
	199 10.6132
	200 10.6663
	18 10.7257
LINE 9 19 237.742 22
	201 11.8047
	202 11.5317
	203 11.2803
	204 11.0521
	205 10.8484
	206 10.6708
	207 10.5205
	208 10.3986
	209 10.3063
	210 10.2443
	211 10.2132
	212 10.2132
	213 10.2443
	214 10.3063
	215 10.3986
	216 10.5205
	217 10.6708
	218 10.8484
	219 11.0521
	220 11.2803
	221 11.5317
	19 11.8047
LINE 11 12 149.018 14
	222 10.7242
	223 10.6874
	224 10.6566
	225 10.6319
	226 10.6133
	227 10.6009
	228 10.5947
	229 10.5947
	230 10.6009
	231 10.6133
	232 10.6319
	233 10.6566
	234 10.6874
	12 10.7242
LINE 12 21 225.596 21
	235 11.6633
	236 11.398
	237 11.1553
	238 10.9367
	239 10.7436
	240 10.5774
	241 10.4396
	242 10.331
	243 10.2528
	244 10.2056
	245 10.1898
	246 10.2056
	247 10.2528
	248 10.331
	249 10.4396
	250 10.5774
	251 10.7436
	252 10.9367
	253 11.1553
	254 11.398
	21 11.6633
LINE 13 14 204.38 18
	255 12.6579
	256 12.2209
	257 11.8254
	258 11.4754
	259 11.1755
	260 10.9295
	261 10.7414
	262 10.6142
	263 10.5499
	264 10.5499
	265 10.6142
	266 10.7414
	267 10.9295
	268 11.1755
	269 11.4754
	270 11.8254
	271 12.2209
	14 12.6579
LINE 13 23 280.623 27
	272 10.5064
	273 10.4805
	274 10.4566
	275 10.4347
	276 10.4149
	277 10.3971
	278 10.3814
	279 10.3677
	280 10.3562
	281 10.3467
	282 10.3394
	283 10.3341
	284 10.331
	285 10.3299
	286 10.331
	287 10.3341
	288 10.3394
	289 10.3467
	290 10.3562
	291 10.3677
	292 10.3814
	293 10.3971
	294 10.4149
	295 10.4347
	296 10.4566
	297 10.4805
	23 10.5064
LINE 16 24 237.385 21
	298 12.7225
	299 12.321
	300 11.9504
	301 11.6135
	302 11.3134
	303 11.0531
	304 10.8355
	305 10.6632
	306 10.5384
	307 10.4628
	308 10.4374
	309 10.4628
	310 10.5384
	311 10.6632
	312 10.8355
	313 11.0531
	314 11.3134
	315 11.6135
	316 11.9504
	317 12.321
	24 12.7225
LINE 17 25 85.4317 8
	318 10.7836
	319 10.6942
	320 10.6341
	321 10.6039
	322 10.6039
	323 10.6341
	324 10.6942
	25 10.7836
LINE 18 26 166.452 16
	325 10.64
	326 10.5462
	327 10.4652
	328 10.3972
	329 10.3425
	330 10.3013
	331 10.2737
	332 10.2599
	333 10.2599
	334 10.2737
	335 10.3013
	336 10.3425
	337 10.3972
	338 10.4652
	339 10.5462
	26 10.64
LINE 19 20 139.145 13
	340 10.8874
	341 10.796
	342 10.7207
	343 10.6618
	344 10.6195
	345 10.5941
	346 10.5856
	347 10.5941
	348 10.6195
	349 10.6618
	350 10.7207
	351 10.796
	20 10.8874
LINE 20 21 186.415 17
	352 11.7061
	353 11.4366
	354 11.1979
	355 10.9918
	356 10.8203
	357 10.685
	358 10.5872
	359 10.5282
	360 10.5084
	361 10.5282
	362 10.5872
	363 10.685
	364 10.8203
	365 10.9918
	366 11.1979
	367 11.4366
	21 11.7061
LINE 21 28 104.833 10
	368 10.5619
	369 10.5097
	370 10.4703
	371 10.444
	372 10.4308
	373 10.4308
	374 10.444
	375 10.4703
	376 10.5097
	28 10.5619
LINE 22 29 177.437 16
	377 12.265
	378 11.8161
	379 11.4172
	380 11.0739
	381 10.7914
	382 10.5745
	383 10.4274
	384 10.3531
	385 10.3531
	386 10.4274
	387 10.5745
	388 10.7914
	389 11.0739
	390 11.4172
	391 11.8161
	29 12.265
LINE 23 30 198.622 19
	392 10.6021
	393 10.553
	394 10.5095
	395 10.4716
	396 10.4395
	397 10.4131
	398 10.3925
	399 10.3778
	400 10.369
	401 10.366
	402 10.369
	403 10.3778
	404 10.3925
	405 10.4131
	406 10.4395
	407 10.4716
	408 10.5095
	409 10.553
	30 10.6021
LINE 24 32 70.7743 7
	410 10.4169
	411 10.1129
	412 9.92597
	413 9.86288
	414 9.92597
	415 10.1129
	32 10.4169
LINE 27 28 157.474 14
	416 12.2405
	417 11.799
	418 11.418
	419 11.1038
	420 10.8622
	421 10.6981
	422 10.6151
	423 10.6151
	424 10.6981
	425 10.8622
	426 11.1038
	427 11.418
	428 11.799
	28 12.2405
LINE 27 35 117.178 11
	429 10.6978
	430 10.6707
	431 10.6495
	432 10.6344
	433 10.6254
	434 10.6223
	435 10.6254
	436 10.6344
	437 10.6495
	438 10.6707
	35 10.6978
LINE 28 36 210.806 20
	439 10.8304
	440 10.7399
	441 10.6589
	442 10.5875
	443 10.526
	444 10.4744
	445 10.4329
	446 10.4017
	447 10.3809
	448 10.3704
	449 10.3704
	450 10.3809
	451 10.4017
	452 10.4329
	453 10.4744
	454 10.526
	455 10.5875
	456 10.6589
	457 10.7399
	36 10.8304
LINE 30 31 148.988 14
	458 11.1472
	459 10.9186
	460 10.7244
	461 10.5665
	462 10.4465
	463 10.3657
	464 10.3251
	465 10.3251
	466 10.3657
	467 10.4465
	468 10.5665
	469 10.7244
	470 10.9186
	31 11.1472
LINE 31 39 124.317 11
	471 12.2808
	472 11.7118
	473 11.2494
	474 10.9071
	475 10.6965
	476 10.6253
	477 10.6965
	478 10.9071
	479 11.2494
	480 11.7118
	39 12.2808
LINE 32 40 150.209 14
	481 11.6797
	482 11.2569
	483 10.892
	484 10.5911
	485 10.3596
	486 10.2024
	487 10.1229
	488 10.1229
	489 10.2024
	490 10.3596
	491 10.5911
	492 10.892
	493 11.2569
	40 11.6797
LINE 33 34 141.564 13
	494 11.475
	495 11.1886
	496 10.9487
	497 10.7584
	498 10.6204
	499 10.5367
	500 10.5087
	501 10.5367
	502 10.6204
	503 10.7584
	504 10.9487
	505 11.1886
	34 11.475
LINE 34 35 164.057 15
	506 11.6409
	507 11.3475
	508 11.0932
	509 10.8806
	510 10.7124
	511 10.5907
	512 10.5169
	513 10.4922
	514 10.5169
	515 10.5907
	516 10.7124
	517 10.8806
	518 11.0932
	519 11.3475
	35 11.6409
LINE 34 43 84.1739 8
	520 10.6051
	521 10.5338
	522 10.486
	523 10.4621
	524 10.4621
	525 10.486
	526 10.5338
	43 10.6051
LINE 36 44 97.2167 9
	527 11.537
	528 10.9976
	529 10.5956
	530 10.3469
	531 10.2626
	532 10.3469
	533 10.5956
	534 10.9976
	44 11.537
LINE 37 44 252.021 23
	535 11.9828
	536 11.7154
	537 11.468
	538 11.2421
	539 11.039
	540 10.8598
	541 10.7059
	542 10.5783
	543 10.4779
	544 10.4057
	545 10.3621
	546 10.3475
	547 10.3621
	548 10.4057
	549 10.4779
	550 10.5783
	551 10.7059
	552 10.8598
	553 11.039
	554 11.2421
	555 11.468
	556 11.7154
	44 11.9828
LINE 38 46 308.708 29
	557 11.1683
	558 11.0589
	559 10.9567
	560 10.8618
	561 10.7744
	562 10.6947
	563 10.623
	564 10.5592
	565 10.5036
	566 10.4564
	567 10.4176
	568 10.3873
	569 10.3656
	570 10.3526
	571 10.3482
	572 10.3526
	573 10.3656
	574 10.3873
	575 10.4176
	576 10.4564
	577 10.5036
	578 10.5592
	579 10.623
	580 10.6947
	581 10.7744
	582 10.8618
	583 10.9567
	584 11.0589
	46 11.1683
LINE 38 47 250.299 22
	585 12.9599
	586 12.5361
	587 12.142
	588 11.7806
	589 11.4551
	590 11.1685
	591 10.9239
	592 10.7243
	593 10.5721
	594 10.4693
	595 10.4176
	596 10.4176
	597 10.4693
	598 10.5721
	599 10.7243
	600 10.9239
	601 11.1685
	602 11.4551
	603 11.7806
	604 12.142
	605 12.5361
	47 12.9599
LINE 38 48 273.176 24
	606 12.9536
	607 12.5696
	608 12.2101
	609 11.8772
	610 11.5733
	611 11.3007
	612 11.0617
	613 10.8585
	614 10.6931
	615 10.5674
	616 10.4828
	617 10.4402
	618 10.4402
	619 10.4828
	620 10.5674
	621 10.6931
	622 10.8585
	623 11.0617
	624 11.3007
	625 11.5733
	626 11.8772
	627 12.2101
	628 12.5696
	48 12.9536
LINE 39 48 168.71 16
	629 10.5837
	630 10.568
	631 10.5545
	632 10.5433
	633 10.5342
	634 10.5275
	635 10.523
	636 10.5207
	637 10.5207
	638 10.523
	639 10.5275
	640 10.5342
	641 10.5433
	642 10.5545
	643 10.568
	48 10.5837
LINE 41 42 231.055 22
	644 11.0255
	645 10.8796
	646 10.7466
	647 10.627
	648 10.5212
	649 10.4297
	650 10.3528
	651 10.2909
	652 10.2442
	653 10.213
	654 10.1973
	655 10.1973
	656 10.213
	657 10.2442
	658 10.2909
	659 10.3528
	660 10.4297
	661 10.5212
	662 10.627
	663 10.7466
	664 10.8796
	42 11.0255
LINE 41 49 161.024 15
	665 11.3294
	666 11.0806
	667 10.8656
	668 10.6865
	669 10.5451
	670 10.443
	671 10.3812
	672 10.3605
	673 10.3812
	674 10.443
	675 10.5451
	676 10.6865
	677 10.8656
	678 11.0806
	49 11.3294
LINE 42 43 148.441 14
	679 11.6208
	680 11.1694
	681 10.7788
	682 10.4558
	683 10.2069
	684 10.0375
	685 9.9517
	686 9.9517
	687 10.0375
	688 10.2069
	689 10.4558
	690 10.7788
	691 11.1694
	43 11.6208
LINE 42 50 183.16 16
	692 12.9162
	693 12.3604
	694 11.8633
	695 11.4325
	696 11.0759
	697 10.8006
	698 10.6132
	699 10.5182
	700 10.5182
	701 10.6132
	702 10.8006
	703 11.0759
	704 11.4325
	705 11.8633
	706 12.3604
	50 12.9162
LINE 44 45 241.025 21
	707 13.1831
	708 12.7052
	709 12.2618
	710 11.8568
	711 11.4943
	712 11.1784
	713 10.9131
	714 10.7023
	715 10.5491
	716 10.4561
	717 10.4249
	718 10.4561
	719 10.5491
	720 10.7023
	721 10.9131
	722 11.1784
	723 11.4943
	724 11.8568
	725 12.2618
	726 12.7052
	45 13.1831
LINE 45 46 100.992 9
	727 12.2227
	728 11.4931
	729 10.9422
	730 10.5979
	731 10.4806
	732 10.5979
	733 10.9422
	734 11.4931
	46 12.2227
LINE 46 47 164.713 16
	735 10.3274
	736 10.3143
	737 10.3031
	738 10.2937
	739 10.2861
	740 10.2805
	741 10.2767
	742 10.2749
	743 10.2749
	744 10.2767
	745 10.2805
	746 10.2861
	747 10.2937
	748 10.3031
	749 10.3143
	47 10.3274
LINE 46 55 136.889 13
	750 11.4361
	751 10.9985
	752 10.627
	753 10.3289
	754 10.1106
	755 9.97726
	756 9.93243
	757 9.97726
	758 10.1106
	759 10.3289
	760 10.627
	761 10.9985
	55 11.4361
LINE 47 56 187.237 17
	762 11.826
	763 11.5313
	764 11.2697
	765 11.0435
	766 10.8549
	767 10.706
	768 10.5983
	769 10.5331
	770 10.5113
	771 10.5331
	772 10.5983
	773 10.706
	774 10.8549
	775 11.0435
	776 11.2697
	777 11.5313
	56 11.826
LINE 51 52 158.072 15
	778 10.6171
	779 10.5834
	780 10.5548
	781 10.5313
	782 10.513
	783 10.4999
	784 10.492
	785 10.4894
	786 10.492
	787 10.4999
	788 10.513
	789 10.5313
	790 10.5548
	791 10.5834
	52 10.6171
LINE 53 54 156.805 14
	792 12.7811
	793 12.0927
	794 11.4876
	795 10.9795
	796 10.5824
	797 10.3092
	798 10.1698
	799 10.1698
	800 10.3092
	801 10.5824
	802 10.9795
	803 11.4876
	804 12.0927
	54 12.7811
COORDENADAS :
1	64.6536	635.744
2	164.436	622.623
3	323.034	595.373
4	420.452	612.284
5	473.739	645.817
6	586.578	606.12
7	701.793	634.273
8	989.441	624.627
9	299.676	536.413
10	417.664	549.998
11	601.562	542.446
12	697.431	518.242
13	770.727	543.636
14	896.687	555.339
15	974.829	505.208
16	100.159	440.878
17	198.751	416.573
18	292.44	397.609
19	409.68	434.826
20	501.255	440.361
21	614.145	402.42
22	798.151	452.724
23	921.637	435.012
24	108.766	295.007
25	204.572	360.34
26	379.879	331.827
27	479.236	304.157
28	565.427	352.816
29	817.414	344.085
30	868.67	314.866
31	963.383	297.345
32	102.697	249.383
33	295.985	223.36
34	386.457	212.895
35	490.417	227.067
36	568.514	214.595
37	709.488	213.954
38	915.696	259.118
39	1018.96	242.734
40	78.8322	158.062
41	166.734	96.5841
42	312.776	128.703
43	400.503	158.91
44	562.887	153.277
45	703.598	114.531
46	765.164	127.336
47	873.724	112.303
48	1022.23	130.564
49	204.224	0
50	292.306	18.5217
51	392.605	47.5176
52	493.477	18.7481
53	605.999	29.2331
54	700.268	19.6454
55	758.24	41.5339
56	964.872	35.5971
57	518.418	695.344
58	676.84	688.679
59	0	685.667
60	71.2936	634.778
61	77.9354	633.824
62	84.5789	632.883
63	91.2241	631.956
64	97.871	631.041
65	104.52	630.14
66	111.17	629.252
67	117.822	628.378
68	124.476	627.516
69	131.132	626.668
70	137.789	625.833
71	144.448	625.01
72	151.109	624.202
73	157.771	623.406
74	171.325	621.405
75	178.216	620.189
76	185.107	618.976
77	191.998	617.767
78	198.89	616.56
79	205.782	615.357
80	212.675	614.157
81	219.569	612.959
82	226.463	611.765
83	233.357	610.574
84	240.252	609.386
85	247.148	608.202
86	254.044	607.02
87	260.941	605.841
88	267.838	604.666
89	274.735	603.493
90	281.634	602.324
91	288.532	601.158
92	295.432	599.994
93	302.332	598.834
94	309.232	597.677
95	316.133	596.524
96	329.476	599.558
97	335.997	603.286
98	342.597	606.555
99	349.277	609.366
100	356.037	611.719
101	362.876	613.614
102	369.795	615.051
103	376.793	616.03
104	383.87	616.551
105	391.028	616.614
106	398.264	616.218
107	405.581	615.365
108	412.976	614.053
109	321.773	588.293
110	320.178	581.346
111	318.249	574.531
112	315.987	567.847
113	313.392	561.296
114	310.463	554.877
115	307.201	548.591
116	303.605	542.436
117	425.573	617.28
118	430.894	621.959
119	436.415	626.321
120	442.136	630.364
121	448.057	634.09
122	454.177	637.498
123	460.498	640.589
124	467.019	643.362
125	421.468	605.304
126	422.153	598.338
127	422.507	591.388
128	422.529	584.453
129	422.219	577.532
130	421.578	570.626
131	420.605	563.735
132	419.3	556.859
133	481.314	646.145
134	488.771	646.14
135	496.111	645.802
136	503.334	645.131
137	510.44	644.128
138	517.429	642.791
139	524.301	641.122
140	531.056	639.12
141	537.693	636.785
142	544.214	634.117
143	550.617	631.116
144	556.904	627.782
145	563.073	624.115
146	569.125	620.116
147	575.06	615.784
148	580.878	611.119
149	700.213	627.497
150	698.798	620.715
151	697.548	613.927
152	696.464	607.133
153	695.545	600.333
154	694.792	593.526
155	694.205	586.713
156	693.783	579.894
157	693.526	573.069
158	693.435	566.237
159	693.509	559.399
160	693.749	552.555
161	694.154	545.705
162	694.725	538.849
163	695.462	531.986
164	696.363	525.117
165	990.619	617.749
166	991.563	610.9
167	992.273	604.08
168	992.748	597.288
169	992.99	590.524
170	992.998	583.79
171	992.771	577.084
172	992.31	570.406
173	991.616	563.758
174	990.687	557.138
175	989.524	550.546
176	988.127	543.983
177	986.496	537.449
178	984.63	530.944
179	982.531	524.467
180	980.198	518.019
181	977.63	511.599
182	297.634	529.561
183	295.768	522.699
184	294.079	515.828
185	292.568	508.948
186	291.233	502.058
187	290.075	495.159
188	289.094	488.251
189	288.29	481.334
190	287.663	474.408
191	287.213	467.472
192	286.939	460.528
193	286.843	453.574
194	286.923	446.61
195	287.181	439.638
196	287.615	432.656
197	288.226	425.665
198	289.014	418.665
199	289.98	411.656
200	291.122	404.637
201	307.357	534.698
202	314.782	532.707
203	321.952	530.439
204	328.867	527.894
205	335.526	525.074
206	341.931	521.976
207	348.08	518.603
208	353.973	514.953
209	359.612	511.026
210	364.995	506.823
211	370.123	502.344
212	374.995	497.588
213	379.613	492.556
214	383.975	487.247
215	388.081	481.662
216	391.933	475.8
217	395.529	469.662
218	398.87	463.248
219	401.955	456.557
220	404.786	449.59
221	407.361	442.346
222	608.682	541.794
223	615.76	540.977
224	622.796	539.994
225	629.79	538.845
226	636.742	537.53
227	643.653	536.05
228	650.522	534.404
229	657.348	532.592
230	664.133	530.615
231	670.877	528.472
232	677.578	526.163
233	684.237	523.688
234	690.855	521.048
235	690.393	514.935
236	683.663	511.408
237	677.24	507.659
238	671.124	503.69
239	665.315	499.5
240	659.814	495.089
241	654.619	490.457
242	649.732	485.604
243	645.151	480.531
244	640.878	475.236
245	636.912	469.721
246	633.253	463.985
247	629.902	458.028
248	626.857	451.85
249	624.12	445.451
250	621.689	438.831
251	619.566	431.991
252	617.75	424.93
253	616.241	417.647
254	615.04	410.144
255	778.157	539.635
256	785.536	536.181
257	792.864	533.275
258	800.142	530.916
259	807.368	529.104
260	814.544	527.839
261	821.669	527.121
262	828.743	526.95
263	835.766	527.327
264	842.738	528.25
265	849.66	529.721
266	856.531	531.739
267	863.351	534.305
268	870.12	537.417
269	876.838	541.077
270	883.505	545.284
271	890.122	550.037
272	777.063	540.65
273	783.342	537.585
274	789.563	534.44
275	795.727	531.215
276	801.833	527.91
277	807.882	524.525
278	813.873	521.061
279	819.807	517.516
280	825.684	513.892
281	831.503	510.189
282	837.264	506.405
283	842.968	502.541
284	848.615	498.598
285	854.204	494.575
286	859.736	490.472
287	865.211	486.289
288	870.627	482.027
289	875.987	477.684
290	881.289	473.262
291	886.534	468.76
292	891.721	464.178
293	896.85	459.517
294	901.923	454.775
295	906.937	449.954
296	911.895	445.053
297	916.795	440.072
298	95.7273	433.646
299	91.7798	426.443
300	88.3165	419.268
301	85.3374	412.122
302	82.8424	405.004
303	80.8315	397.915
304	79.3048	390.855
305	78.2622	383.823
306	77.7038	376.819
307	77.6295	369.845
308	78.0394	362.898
309	78.9334	355.981
310	80.3115	349.092
311	82.1738	342.231
312	84.5203	335.399
313	87.3508	328.596
314	90.6656	321.821
315	94.4645	315.075
316	98.7475	308.357
317	103.515	301.668
318	200.792	409.68
319	202.458	402.748
320	203.749	395.777
321	204.664	388.767
322	205.204	381.719
323	205.369	374.631
324	205.158	367.505
325	296.773	391.993
326	301.257	386.578
327	305.892	381.363
328	310.677	376.349
329	315.614	371.535
330	320.702	366.922
331	325.94	362.51
332	331.33	358.298
333	336.87	354.287
334	342.561	350.476
335	348.404	346.866
336	354.397	343.457
337	360.541	340.249
338	366.836	337.241
339	373.282	334.433
340	416.622	436.946
341	423.581	438.783
342	430.557	440.338
343	437.55	441.611
344	444.56	442.602
345	451.587	443.31
346	458.631	443.735
347	465.693	443.879
348	472.771	443.74
349	479.866	443.319
350	486.979	442.615
351	494.108	441.629
352	508.991	441.389
353	516.59	442.009
354	524.052	442.222
355	531.378	442.027
356	538.566	441.425
357	545.617	440.416
358	552.532	438.999
359	559.309	437.175
360	565.95	434.943
361	572.454	432.304
362	578.82	429.257
363	585.05	425.803
364	591.143	421.941
365	597.099	417.672
366	602.918	412.996
367	608.6	407.912
368	608.479	398.24
369	602.99	393.886
370	597.677	389.358
371	592.541	384.658
372	587.581	379.784
373	582.797	374.737
374	578.19	369.517
375	573.759	364.123
376	569.505	358.556
377	803.681	446.701
378	808.634	440.576
379	813.011	434.348
380	816.811	428.019
381	820.033	421.587
382	822.679	415.052
383	824.749	408.416
384	826.241	401.677
385	827.157	394.836
386	827.495	387.893
387	827.257	380.847
388	826.442	373.699
389	825.05	366.449
390	823.082	359.096
391	820.536	351.642
392	917.492	429.287
393	913.498	423.495
394	909.654	417.637
395	905.962	411.713
396	902.42	405.722
397	899.029	399.664
398	895.789	393.54
399	892.699	387.35
400	889.761	381.093
401	886.973	374.769
402	884.336	368.379
403	881.85	361.923
404	879.515	355.4
405	877.33	348.811
406	875.296	342.155
407	873.414	335.433
408	871.681	328.644
409	870.1	321.788
410	110.114	288.195
411	110.724	281.481
412	110.595	274.865
413	109.728	268.347
414	108.123	261.927
415	105.779	255.606
416	483.389	311.182
417	487.85	317.66
418	492.62	323.593
419	497.697	328.979
420	503.083	333.82
421	508.777	338.114
422	514.78	341.863
423	521.09	345.066
424	527.709	347.722
425	534.636	349.833
426	541.872	351.398
427	549.415	352.416
428	557.267	352.889
429	479.416	297.028
430	479.763	289.922
431	480.277	282.841
432	480.959	275.785
433	481.808	268.752
434	482.825	261.744
435	484.009	254.76
436	485.36	247.8
437	486.878	240.865
438	488.564	233.954
439	563.497	345.858
440	561.787	338.905
441	560.296	331.958
442	559.024	325.015
443	557.972	318.077
444	557.139	311.144
445	556.526	304.216
446	556.131	297.292
447	555.957	290.374
448	556.001	283.46
449	556.265	276.552
450	556.749	269.648
451	557.452	262.749
452	558.374	255.856
453	559.515	248.967
454	560.876	242.082
455	562.457	235.203
456	564.256	228.329
457	566.275	221.46
458	874.924	310.852
459	881.257	307.263
460	887.668	304.099
461	894.158	301.36
462	900.727	299.046
463	907.374	297.157
464	914.1	295.693
465	920.904	294.654
466	927.788	294.04
467	934.749	293.851
468	941.79	294.087
469	948.909	294.748
470	956.106	295.834
471	965.558	289.452
472	968.309	282.144
473	971.635	275.423
474	975.537	269.287
475	980.014	263.737
476	985.067	258.772
477	990.695	254.393
478	996.899	250.6
479	1003.68	247.393
480	1011.03	244.771
481	104.761	241.875
482	106.246	234.519
483	107.15	227.314
484	107.475	220.261
485	107.22	213.359
486	106.385	206.609
487	104.971	200.01
488	102.976	193.563
489	100.402	187.267
490	97.2475	181.123
491	93.5134	175.131
492	89.1995	169.29
493	84.3058	163.6
494	303.297	225.608
495	310.551	227.346
496	317.745	228.576
497	324.881	229.297
498	331.958	229.509
499	338.977	229.213
500	345.936	228.408
501	352.837	227.094
502	359.678	225.272
503	366.461	222.941
504	373.185	220.101
505	379.85	216.752
506	392.933	217.17
507	399.475	220.97
508	406.081	224.294
509	412.753	227.142
510	419.489	229.514
511	426.29	231.41
512	433.155	232.831
513	440.086	233.776
514	447.082	234.245
515	454.142	234.238
516	461.267	233.755
517	468.458	232.797
518	475.713	231.363
519	483.033	229.453
520	389.344	206.441
521	391.908	199.903
522	394.149	193.282
523	396.066	186.576
524	397.66	179.785
525	398.931	172.911
526	399.879	165.953
527	564.39	208.103
528	561.14	201.531
529	558.765	194.878
530	557.265	188.145
531	556.64	181.332
532	556.89	174.439
533	558.014	167.465
534	560.013	160.411
535	701.573	215.038
536	693.799	215.784
537	686.164	216.192
538	678.67	216.261
539	671.316	215.991
540	664.101	215.384
541	657.027	214.437
542	650.093	213.153
543	643.299	211.53
544	636.645	209.569
545	630.131	207.269
546	623.757	204.631
547	617.523	201.654
548	611.429	198.339
549	605.475	194.686
550	599.661	190.694
551	593.988	186.364
552	588.454	181.696
553	583.061	176.689
554	577.807	171.343
555	572.694	165.66
556	567.72	159.638
557	912.35	252.466
558	908.872	245.966
559	905.262	239.616
560	901.521	233.416
561	897.648	227.367
562	893.643	221.468
563	889.506	215.72
564	885.238	210.122
565	880.837	204.675
566	876.305	199.378
567	871.642	194.232
568	866.846	189.236
569	861.919	184.391
570	856.86	179.696
571	851.669	175.152
572	846.347	170.758
573	840.892	166.515
574	835.306	162.422
575	829.589	158.48
576	823.739	154.689
577	817.758	151.047
578	811.645	147.557
579	805.4	144.217
580	799.023	141.027
581	792.515	137.988
582	785.875	135.099
583	779.103	132.361
584	772.2	129.773
585	908.841	253.859
586	902.457	248.465
587	896.545	242.936
588	891.103	237.273
589	886.133	231.475
590	881.634	225.543
591	877.606	219.475
592	874.049	213.273
593	870.963	206.937
594	868.349	200.465
595	866.205	193.859
596	864.533	187.119
597	863.332	180.243
598	862.602	173.233
599	862.343	166.088
600	862.556	158.809
601	863.239	151.394
602	864.394	143.846
603	866.02	136.162
604	868.117	128.344
605	870.685	120.391
606	916.195	250.496
607	917.037	242.159
608	918.221	234.106
609	919.747	226.336
610	921.617	218.85
611	923.829	211.648
612	926.383	204.731
613	929.28	198.097
614	932.52	191.747
615	936.102	185.68
616	940.027	179.898
617	944.295	174.4
618	948.905	169.185
619	953.857	164.255
620	959.153	159.608
621	964.79	155.245
622	970.771	151.167
623	977.094	147.372
624	983.76	143.861
625	990.768	140.633
626	998.119	137.69
627	1005.81	135.031
628	1013.85	132.655
629	1018.4	235.701
630	1017.93	228.671
631	1017.57	221.644
632	1017.31	214.62
633	1017.16	207.599
634	1017.11	200.581
635	1017.16	193.566
636	1017.31	186.554
637	1017.56	179.544
638	1017.92	172.538
639	1018.38	165.535
640	1018.95	158.535
641	1019.61	151.538
642	1020.38	144.543
643	1021.25	137.552
644	173.974	95.3113
645	181.156	94.2987
646	188.28	93.5465
647	195.348	93.0545
648	202.358	92.8227
649	209.311	92.8512
650	216.207	93.14
651	223.046	93.6891
652	229.827	94.4984
653	236.551	95.5679
654	243.218	96.8978
655	249.828	98.4879
656	256.38	100.338
657	262.875	102.449
658	269.313	104.82
659	275.694	107.451
660	282.017	110.342
661	288.283	113.494
662	294.492	116.906
663	300.644	120.578
664	306.739	124.511
665	166.385	89.0392
666	166.442	81.6523
667	166.906	74.4235
668	167.777	67.3526
669	169.056	60.4397
670	170.741	53.6848
671	172.833	47.0878
672	175.332	40.6489
673	178.239	34.368
674	181.552	28.245
675	185.273	22.28
676	189.4	16.473
677	193.934	10.824
678	198.876	5.33302
679	320.348	127.067
680	327.72	126.015
681	334.89	125.546
682	341.86	125.661
683	348.629	126.36
684	355.196	127.642
685	361.563	129.508
686	367.729	131.957
687	373.693	134.991
688	379.457	138.607
689	385.02	142.808
690	390.382	147.592
691	395.543	152.959
692	316.421	120.902
693	319.409	113.223
694	321.741	105.666
695	323.417	98.2302
696	324.435	90.917
697	324.797	83.7256
698	324.503	76.6563
699	323.552	69.709
700	321.944	62.8836
701	319.68	56.1802
702	316.759	49.5989
703	313.182	43.1395
704	308.947	36.802
705	304.057	30.5866
706	298.51	24.4931
707	568.159	146.245
708	573.574	139.733
709	579.133	133.738
710	584.833	128.263
711	590.677	123.306
712	596.663	118.867
713	602.793	114.948
714	609.065	111.547
715	615.48	108.664
716	622.037	106.301
717	628.738	104.456
718	635.581	103.129
719	642.568	102.321
720	649.697	102.032
721	656.968	102.262
722	664.383	103.01
723	671.94	104.277
724	679.641	106.063
725	687.484	108.367
726	695.47	111.19
727	709.585	120.059
728	715.785	124.56
729	722.199	128.035
730	728.826	130.484
731	735.667	131.907
732	742.721	132.304
733	749.989	131.674
734	757.47	130.018
735	771.854	125.708
736	778.556	124.171
737	785.271	122.727
738	791.999	121.374
739	798.74	120.113
740	805.493	118.944
741	812.259	117.867
742	819.037	116.881
743	825.829	115.988
744	832.633	115.186
745	839.45	114.476
746	846.279	113.858
747	853.121	113.331
748	859.976	112.897
749	866.844	112.554
750	760.865	121.04
751	757.193	114.693
752	754.15	108.295
753	751.734	101.847
754	749.945	95.3484
755	748.785	88.7989
756	748.252	82.1987
757	748.348	75.5479
758	749.071	68.8464
759	750.421	62.0942
760	752.4	55.2914
761	755.006	48.438
762	881.412	110.555
763	888.809	108.461
764	895.915	106.022
765	902.731	103.238
766	909.256	100.108
767	915.489	96.6324
768	921.433	92.8113
769	927.085	88.6447
770	932.447	84.1326
771	937.517	79.275
772	942.297	74.0718
773	946.787	68.5232
774	950.985	62.629
775	954.893	56.3893
776	958.51	49.8041
777	961.836	42.8733
778	399.029	44.547
779	405.497	41.7267
780	412.007	39.0568
781	418.56	36.5373
782	425.156	34.1682
783	431.795	31.9494
784	438.477	29.8811
785	445.202	27.9631
786	451.97	26.1955
787	458.78	24.5783
788	465.634	23.1115
789	472.53	21.7951
790	479.469	20.6291
791	486.452	19.6134
792	612.209	23.3984
793	618.499	18.3561
794	624.87	14.106
795	631.322	10.6482
796	637.854	7.98264
797	644.466	6.10938
798	651.159	5.02841
799	657.933	4.73971
800	664.787	5.24329
801	671.722	6.53915
802	678.738	8.62729
803	685.834	11.5077
804	693.011	15.1804
