NOMBRE : MTLARP10_10_3_2.dat
VERTICES ORIGINALES : 90
VERTICES TOTALES : 1408
DEPOTS : 3
88
89
90
LINEAS ORIGINALES : 88
LINE 1 12 257.63 24
	91 11.647
	92 11.4186
	93 11.2068
	94 11.0128
	95 10.8374
	96 10.6816
	97 10.5462
	98 10.432
	99 10.3397
	100 10.27
	101 10.2233
	102 10.1998
	103 10.1998
	104 10.2233
	105 10.27
	106 10.3397
	107 10.432
	108 10.5462
	109 10.6816
	110 10.8374
	111 11.0128
	112 11.2068
	113 11.4186
	12 11.647
LINE 2 3 183.28 17
	114 11.0855
	115 10.9728
	116 10.8742
	117 10.7901
	118 10.7207
	119 10.6665
	120 10.6276
	121 10.6042
	122 10.5964
	123 10.6042
	124 10.6276
	125 10.6665
	126 10.7207
	127 10.7901
	128 10.8742
	129 10.9728
	3 11.0855
LINE 3 13 69.5985 6
	130 12.0698
	131 11.5099
	132 11.2195
	133 11.2195
	134 11.5099
	13 12.0698
LINE 4 14 141.549 13
	135 11.1696
	136 11.0304
	137 10.9153
	138 10.8249
	139 10.7599
	140 10.7207
	141 10.7076
	142 10.7207
	143 10.7599
	144 10.8249
	145 10.9153
	146 11.0304
	14 11.1696
LINE 5 16 194.962 19
	147 10.3434
	148 10.3161
	149 10.2919
	150 10.2709
	151 10.2531
	152 10.2386
	153 10.2272
	154 10.2191
	155 10.2142
	156 10.2126
	157 10.2142
	158 10.2191
	159 10.2272
	160 10.2386
	161 10.2531
	162 10.2709
	163 10.2919
	164 10.3161
	16 10.3434
LINE 6 7 125.851 12
	165 10.6358
	166 10.5554
	167 10.4907
	168 10.4418
	169 10.4091
	170 10.3928
	171 10.3928
	172 10.4091
	173 10.4418
	174 10.4907
	175 10.5554
	7 10.6358
LINE 6 16 157.829 15
	176 10.5219
	177 10.5219
	178 10.5219
	179 10.5219
	180 10.5219
	181 10.5219
	182 10.5219
	183 10.5219
	184 10.5219
	185 10.5219
	186 10.5219
	187 10.5219
	188 10.5219
	189 10.5219
	16 10.5219
LINE 8 9 237.346 23
	190 10.5554
	191 10.4918
	192 10.4338
	193 10.3817
	194 10.3355
	195 10.2953
	196 10.2612
	197 10.2332
	198 10.2113
	199 10.1957
	200 10.1863
	201 10.1832
	202 10.1863
	203 10.1957
	204 10.2113
	205 10.2332
	206 10.2612
	207 10.2953
	208 10.3355
	209 10.3817
	210 10.4338
	211 10.4918
	9 10.5554
LINE 8 18 159.259 15
	212 10.7116
	213 10.6713
	214 10.6371
	215 10.6091
	216 10.5872
	217 10.5716
	218 10.5622
	219 10.559
	220 10.5622
	221 10.5716
	222 10.5872
	223 10.6091
	224 10.6371
	225 10.6713
	18 10.7116
LINE 9 10 74.2586 7
	226 10.7786
	227 10.609
	228 10.506
	229 10.4714
	230 10.506
	231 10.609
	10 10.7786
LINE 9 19 156.386 15
	232 10.4328
	233 10.4298
	234 10.4272
	235 10.4251
	236 10.4235
	237 10.4224
	238 10.4217
	239 10.4214
	240 10.4217
	241 10.4224
	242 10.4235
	243 10.4251
	244 10.4272
	245 10.4298
	19 10.4328
LINE 10 20 163.03 16
	246 10.2805
	247 10.2442
	248 10.213
	249 10.1869
	250 10.166
	251 10.1503
	252 10.1398
	253 10.1345
	254 10.1345
	255 10.1398
	256 10.1503
	257 10.166
	258 10.1869
	259 10.213
	260 10.2442
	20 10.2805
LINE 11 12 171.022 17
	261 10.0628
	262 10.0618
	263 10.0609
	264 10.0602
	265 10.0596
	266 10.0592
	267 10.0588
	268 10.0586
	269 10.0586
	270 10.0586
	271 10.0588
	272 10.0592
	273 10.0596
	274 10.0602
	275 10.0609
	276 10.0618
	12 10.0628
LINE 12 13 175.826 17
	277 10.381
	278 10.3667
	279 10.3542
	280 10.3437
	281 10.335
	282 10.3283
	283 10.3235
	284 10.3206
	285 10.3197
	286 10.3206
	287 10.3235
	288 10.3283
	289 10.335
	290 10.3437
	291 10.3542
	292 10.3667
	13 10.381
LINE 12 21 260.414 24
	293 11.7552
	294 11.5285
	295 11.3185
	296 11.1261
	297 10.9523
	298 10.7979
	299 10.6637
	300 10.5506
	301 10.4593
	302 10.3903
	303 10.344
	304 10.3208
	305 10.3208
	306 10.344
	307 10.3903
	308 10.4593
	309 10.5506
	310 10.6637
	311 10.7979
	312 10.9523
	313 11.1261
	314 11.3185
	315 11.5285
	21 11.7552
LINE 12 22 177.511 17
	316 10.4819
	317 10.4669
	318 10.4539
	319 10.4428
	320 10.4338
	321 10.4268
	322 10.4217
	323 10.4187
	324 10.4177
	325 10.4187
	326 10.4217
	327 10.4268
	328 10.4338
	329 10.4428
	330 10.4539
	331 10.4669
	22 10.4819
LINE 13 14 79.5862 8
	332 9.96431
	333 9.95057
	334 9.94141
	335 9.93682
	336 9.93682
	337 9.94141
	338 9.95057
	14 9.96431
LINE 13 23 155.052 15
	339 10.3993
	340 10.3726
	341 10.3499
	342 10.3313
	343 10.3169
	344 10.3065
	345 10.3003
	346 10.2982
	347 10.3003
	348 10.3065
	349 10.3169
	350 10.3313
	351 10.3499
	352 10.3726
	23 10.3993
LINE 15 16 240.943 22
	353 11.9065
	354 11.6448
	355 11.4042
	356 11.1859
	357 10.9914
	358 10.8218
	359 10.6785
	360 10.5625
	361 10.4746
	362 10.4156
	363 10.3859
	364 10.3859
	365 10.4156
	366 10.4746
	367 10.5625
	368 10.6785
	369 10.8218
	370 10.9914
	371 11.1859
	372 11.4042
	373 11.6448
	16 11.9065
LINE 16 17 72.1023 7
	374 10.7408
	375 10.3049
	376 10.0342
	377 9.94239
	378 10.0342
	379 10.3049
	17 10.7408
LINE 18 19 185.988 18
	380 10.4951
	381 10.4382
	382 10.3881
	383 10.345
	384 10.309
	385 10.2801
	386 10.2583
	387 10.2438
	388 10.2365
	389 10.2365
	390 10.2438
	391 10.2583
	392 10.2801
	393 10.309
	394 10.345
	395 10.3881
	396 10.4382
	19 10.4951
LINE 19 20 99.7832 10
	397 10.0149
	398 9.99056
	399 9.97223
	400 9.95999
	401 9.95386
	402 9.95386
	403 9.95999
	404 9.97223
	405 9.99056
	20 10.0149
LINE 21 22 168.089 16
	406 10.5202
	407 10.5144
	408 10.5093
	409 10.5051
	410 10.5018
	411 10.4993
	412 10.4976
	413 10.4967
	414 10.4967
	415 10.4976
	416 10.4993
	417 10.5018
	418 10.5051
	419 10.5093
	420 10.5144
	22 10.5202
LINE 23 29 258.451 25
	421 10.4134
	422 10.3946
	423 10.3775
	424 10.3619
	425 10.348
	426 10.3356
	427 10.3249
	428 10.3159
	429 10.3085
	430 10.3027
	431 10.2986
	432 10.2961
	433 10.2953
	434 10.2961
	435 10.2986
	436 10.3027
	437 10.3085
	438 10.3159
	439 10.3249
	440 10.3356
	441 10.348
	442 10.3619
	443 10.3775
	444 10.3946
	29 10.4134
LINE 24 25 150.214 14
	445 11.4667
	446 11.1361
	447 10.8529
	448 10.6209
	449 10.4435
	450 10.3236
	451 10.2631
	452 10.2631
	453 10.3236
	454 10.4435
	455 10.6209
	456 10.8529
	457 11.1361
	25 11.4667
LINE 24 33 160.847 15
	458 11.587
	459 11.2293
	460 10.9175
	461 10.6556
	462 10.4474
	463 10.296
	464 10.2042
	465 10.1734
	466 10.2042
	467 10.296
	468 10.4474
	469 10.6556
	470 10.9175
	471 11.2293
	33 11.587
LINE 25 34 139.223 13
	472 10.7379
	473 10.7237
	474 10.7121
	475 10.703
	476 10.6965
	477 10.6927
	478 10.6914
	479 10.6927
	480 10.6965
	481 10.703
	482 10.7121
	483 10.7237
	34 10.7379
LINE 26 27 225.446 22
	484 10.2894
	485 10.2775
	486 10.2667
	487 10.2572
	488 10.2488
	489 10.2416
	490 10.2356
	491 10.2308
	492 10.2272
	493 10.2248
	494 10.2236
	495 10.2236
	496 10.2248
	497 10.2272
	498 10.2308
	499 10.2356
	500 10.2416
	501 10.2488
	502 10.2572
	503 10.2667
	504 10.2775
	27 10.2894
LINE 27 35 263.983 26
	505 10.1532
	506 10.1532
	507 10.1532
	508 10.1532
	509 10.1532
	510 10.1532
	511 10.1532
	512 10.1532
	513 10.1532
	514 10.1532
	515 10.1532
	516 10.1532
	517 10.1532
	518 10.1532
	519 10.1532
	520 10.1532
	521 10.1532
	522 10.1532
	523 10.1532
	524 10.1532
	525 10.1532
	526 10.1532
	527 10.1532
	528 10.1532
	529 10.1532
	35 10.1532
LINE 27 36 153.043 14
	530 11.5419
	531 11.2667
	532 11.0322
	533 10.8409
	534 10.6952
	535 10.597
	536 10.5475
	537 10.5475
	538 10.597
	539 10.6952
	540 10.8409
	541 11.0322
	542 11.2667
	36 11.5419
LINE 28 29 189.055 18
	543 10.8314
	544 10.7172
	545 10.6162
	546 10.5289
	547 10.4556
	548 10.3966
	549 10.3521
	550 10.3223
	551 10.3074
	552 10.3074
	553 10.3223
	554 10.3521
	555 10.3966
	556 10.4556
	557 10.5289
	558 10.6162
	559 10.7172
	29 10.8314
LINE 29 30 146.871 14
	560 10.5266
	561 10.5101
	562 10.4963
	563 10.4853
	564 10.477
	565 10.4715
	566 10.4687
	567 10.4687
	568 10.4715
	569 10.477
	570 10.4853
	571 10.4963
	572 10.5101
	30 10.5266
LINE 29 37 159.751 15
	573 10.8572
	574 10.7692
	575 10.6941
	576 10.6324
	577 10.5841
	578 10.5494
	579 10.5286
	580 10.5216
	581 10.5286
	582 10.5494
	583 10.5841
	584 10.6324
	585 10.6941
	586 10.7692
	37 10.8572
LINE 29 38 195.044 18
	587 11.4008
	588 11.206
	589 11.0328
	590 10.8822
	591 10.755
	592 10.6522
	593 10.5745
	594 10.5223
	595 10.4961
	596 10.4961
	597 10.5223
	598 10.5745
	599 10.6522
	600 10.755
	601 10.8822
	602 11.0328
	603 11.206
	38 11.4008
LINE 30 31 136.638 13
	604 10.6693
	605 10.5904
	606 10.5255
	607 10.4747
	608 10.4382
	609 10.4163
	610 10.409
	611 10.4163
	612 10.4382
	613 10.4747
	614 10.5255
	615 10.5904
	31 10.6693
LINE 30 38 226.676 21
	616 11.3674
	617 11.1997
	618 11.0475
	619 10.9114
	620 10.7921
	621 10.6901
	622 10.6059
	623 10.54
	624 10.4926
	625 10.4641
	626 10.4546
	627 10.4641
	628 10.4926
	629 10.54
	630 10.6059
	631 10.6901
	632 10.7921
	633 10.9114
	634 11.0475
	635 11.1997
	38 11.3674
LINE 31 39 108.36 10
	636 11.1929
	637 10.9577
	638 10.778
	639 10.6565
	640 10.5952
	641 10.5952
	642 10.6565
	643 10.778
	644 10.9577
	39 11.1929
LINE 32 41 173.953 16
	645 11.4702
	646 11.2366
	647 11.0325
	648 10.8595
	649 10.7191
	650 10.6125
	651 10.5409
	652 10.5049
	653 10.5049
	654 10.5409
	655 10.6125
	656 10.7191
	657 10.8595
	658 11.0325
	659 11.2366
	41 11.4702
LINE 33 34 112.364 10
	660 12.0041
	661 11.5044
	662 11.1149
	663 10.8474
	664 10.7112
	665 10.7112
	666 10.8474
	667 11.1149
	668 11.5044
	34 12.0041
LINE 33 41 268.592 25
	669 11.6733
	670 11.4504
	671 11.2431
	672 11.0522
	673 10.8785
	674 10.723
	675 10.5863
	676 10.4693
	677 10.3725
	678 10.2967
	679 10.2421
	680 10.2093
	681 10.1983
	682 10.2093
	683 10.2421
	684 10.2967
	685 10.3725
	686 10.4693
	687 10.5863
	688 10.723
	689 10.8785
	690 11.0522
	691 11.2431
	692 11.4504
	41 11.6733
LINE 34 42 220.245 21
	693 10.7375
	694 10.6634
	695 10.5968
	696 10.5376
	697 10.486
	698 10.4422
	699 10.4062
	700 10.3781
	701 10.358
	702 10.3459
	703 10.3419
	704 10.3459
	705 10.358
	706 10.3781
	707 10.4062
	708 10.4422
	709 10.486
	710 10.5376
	711 10.5968
	712 10.6634
	42 10.7375
LINE 35 42 265.249 25
	713 11.2628
	714 11.1045
	715 10.9579
	716 10.8235
	717 10.7019
	718 10.5934
	719 10.4985
	720 10.4175
	721 10.3508
	722 10.2986
	723 10.2611
	724 10.2386
	725 10.2311
	726 10.2386
	727 10.2611
	728 10.2986
	729 10.3508
	730 10.4175
	731 10.4985
	732 10.5934
	733 10.7019
	734 10.8235
	735 10.9579
	736 11.1045
	42 11.2628
LINE 37 38 144.97 14
	737 10.3551
	738 10.3551
	739 10.355
	740 10.355
	741 10.3549
	742 10.3549
	743 10.3549
	744 10.3549
	745 10.3549
	746 10.3549
	747 10.355
	748 10.355
	749 10.3551
	38 10.3551
LINE 37 45 133.764 12
	750 12.0008
	751 11.5488
	752 11.174
	753 10.8845
	754 10.6871
	755 10.587
	756 10.587
	757 10.6871
	758 10.8845
	759 11.174
	760 11.5488
	45 12.0008
LINE 38 45 159.08 15
	761 10.7269
	762 10.675
	763 10.631
	764 10.5948
	765 10.5666
	766 10.5464
	767 10.5342
	768 10.5302
	769 10.5342
	770 10.5464
	771 10.5666
	772 10.5948
	773 10.631
	774 10.675
	45 10.7269
LINE 39 46 235.486 23
	775 10.2396
	776 10.2393
	777 10.239
	778 10.2388
	779 10.2386
	780 10.2384
	781 10.2383
	782 10.2381
	783 10.238
	784 10.238
	785 10.2379
	786 10.2379
	787 10.2379
	788 10.238
	789 10.238
	790 10.2381
	791 10.2383
	792 10.2384
	793 10.2386
	794 10.2388
	795 10.239
	796 10.2393
	46 10.2396
LINE 40 41 147.611 14
	797 10.5745
	798 10.5602
	799 10.5484
	800 10.5389
	801 10.5317
	802 10.527
	803 10.5246
	804 10.5246
	805 10.527
	806 10.5317
	807 10.5389
	808 10.5484
	809 10.5602
	41 10.5745
LINE 42 49 169.537 16
	810 10.6445
	811 10.6251
	812 10.6086
	813 10.5947
	814 10.5836
	815 10.5753
	816 10.5698
	817 10.567
	818 10.567
	819 10.5698
	820 10.5753
	821 10.5836
	822 10.5947
	823 10.6086
	824 10.6251
	49 10.6445
LINE 43 49 207.085 20
	825 10.3568
	826 10.356
	827 10.3553
	828 10.3546
	829 10.3541
	830 10.3536
	831 10.3533
	832 10.353
	833 10.3528
	834 10.3527
	835 10.3527
	836 10.3528
	837 10.353
	838 10.3533
	839 10.3536
	840 10.3541
	841 10.3546
	842 10.3553
	843 10.356
	49 10.3568
LINE 44 51 148.346 14
	844 11.3359
	845 11.0043
	846 10.7201
	847 10.4872
	848 10.3091
	849 10.1886
	850 10.1278
	851 10.1278
	852 10.1886
	853 10.3091
	854 10.4872
	855 10.7201
	856 11.0043
	51 11.3359
LINE 47 48 180.221 17
	857 11.0454
	858 10.882
	859 10.7383
	860 10.6152
	861 10.5134
	862 10.4335
	863 10.3761
	864 10.3415
	865 10.3299
	866 10.3415
	867 10.3761
	868 10.4335
	869 10.5134
	870 10.6152
	871 10.7383
	872 10.882
	48 11.0454
LINE 49 58 165.789 16
	873 10.7353
	874 10.5883
	875 10.4606
	876 10.353
	877 10.2661
	878 10.2005
	879 10.1565
	880 10.1344
	881 10.1344
	882 10.1565
	883 10.2005
	884 10.2661
	885 10.353
	886 10.4606
	887 10.5883
	58 10.7353
LINE 50 51 152.33 14
	888 11.4098
	889 11.1705
	890 10.9671
	891 10.8017
	892 10.6759
	893 10.5912
	894 10.5487
	895 10.5487
	896 10.5912
	897 10.6759
	898 10.8017
	899 10.9671
	900 11.1705
	51 11.4098
LINE 50 59 145.494 13
	901 11.9339
	902 11.5727
	903 11.2686
	904 11.0262
	905 10.8498
	906 10.7426
	907 10.7066
	908 10.7426
	909 10.8498
	910 11.0262
	911 11.2686
	912 11.5727
	59 11.9339
LINE 52 60 225.628 21
	913 11.5508
	914 11.3172
	915 11.1041
	916 10.9125
	917 10.7438
	918 10.5989
	919 10.4788
	920 10.3845
	921 10.3166
	922 10.2757
	923 10.262
	924 10.2757
	925 10.3166
	926 10.3845
	927 10.4788
	928 10.5989
	929 10.7438
	930 10.9125
	931 11.1041
	932 11.3172
	60 11.5508
LINE 53 61 212.215 20
	933 11.1849
	934 11.0082
	935 10.8486
	936 10.707
	937 10.5842
	938 10.4807
	939 10.3972
	940 10.3341
	941 10.2918
	942 10.2706
	943 10.2706
	944 10.2918
	945 10.3341
	946 10.3972
	947 10.4807
	948 10.5842
	949 10.707
	950 10.8486
	951 11.0082
	61 11.1849
LINE 54 55 163.713 16
	952 10.2352
	953 10.234
	954 10.2329
	955 10.232
	956 10.2313
	957 10.2307
	958 10.2304
	959 10.2302
	960 10.2302
	961 10.2304
	962 10.2307
	963 10.2313
	964 10.232
	965 10.2329
	966 10.234
	55 10.2352
LINE 55 56 149.859 14
	967 11.5693
	968 11.1832
	969 10.851
	970 10.5778
	971 10.3681
	972 10.2259
	973 10.1541
	974 10.1541
	975 10.2259
	976 10.3681
	977 10.5778
	978 10.851
	979 11.1832
	56 11.5693
LINE 55 64 141.058 14
	980 10.0848
	981 10.0805
	982 10.077
	983 10.0742
	984 10.072
	985 10.0706
	986 10.0699
	987 10.0699
	988 10.0706
	989 10.072
	990 10.0742
	991 10.077
	992 10.0805
	64 10.0848
LINE 56 57 158.809 15
	993 11.1383
	994 10.9074
	995 10.7081
	996 10.5422
	997 10.4114
	998 10.3169
	999 10.2598
	1000 10.2407
	1001 10.2598
	1002 10.3169
	1003 10.4114
	1004 10.5422
	1005 10.7081
	1006 10.9074
	57 11.1383
LINE 56 65 136.562 13
	1007 10.8712
	1008 10.6906
	1009 10.5405
	1010 10.4223
	1011 10.337
	1012 10.2855
	1013 10.2683
	1014 10.2855
	1015 10.337
	1016 10.4223
	1017 10.5405
	1018 10.6906
	65 10.8712
LINE 57 58 202.645 19
	1019 11.0555
	1020 10.9277
	1021 10.8137
	1022 10.7139
	1023 10.6287
	1024 10.5585
	1025 10.5036
	1026 10.4642
	1027 10.4405
	1028 10.4326
	1029 10.4405
	1030 10.4642
	1031 10.5036
	1032 10.5585
	1033 10.6287
	1034 10.7139
	1035 10.8137
	1036 10.9277
	58 11.0555
LINE 58 66 118.367 11
	1037 10.8612
	1038 10.8011
	1039 10.754
	1040 10.7203
	1041 10.7001
	1042 10.6933
	1043 10.7001
	1044 10.7203
	1045 10.754
	1046 10.8011
	66 10.8612
LINE 59 67 109.778 10
	1047 11.2732
	1048 11.0781
	1049 10.9295
	1050 10.8293
	1051 10.7788
	1052 10.7788
	1053 10.8293
	1054 10.9295
	1055 11.0781
	67 11.2732
LINE 61 70 149.021 14
	1056 11.1473
	1057 10.9197
	1058 10.7264
	1059 10.5692
	1060 10.4497
	1061 10.3694
	1062 10.3289
	1063 10.3289
	1064 10.3694
	1065 10.4497
	1066 10.5692
	1067 10.7264
	1068 10.9197
	70 11.1473
LINE 61 71 229.973 22
	1069 10.4533
	1070 10.4533
	1071 10.4533
	1072 10.4533
	1073 10.4533
	1074 10.4533
	1075 10.4533
	1076 10.4533
	1077 10.4533
	1078 10.4533
	1079 10.4533
	1080 10.4533
	1081 10.4533
	1082 10.4533
	1083 10.4533
	1084 10.4533
	1085 10.4533
	1086 10.4533
	1087 10.4533
	1088 10.4533
	1089 10.4533
	71 10.4533
LINE 62 63 87.3771 8
	1090 11.5794
	1091 11.0257
	1092 10.6406
	1093 10.4427
	1094 10.4427
	1095 10.6406
	1096 11.0257
	63 11.5794
LINE 62 71 165.05 16
	1097 10.4132
	1098 10.3743
	1099 10.3409
	1100 10.3129
	1101 10.2905
	1102 10.2737
	1103 10.2624
	1104 10.2568
	1105 10.2568
	1106 10.2624
	1107 10.2737
	1108 10.2905
	1109 10.3129
	1110 10.3409
	1111 10.3743
	71 10.4132
LINE 67 68 105.616 10
	1112 10.5922
	1113 10.5719
	1114 10.5566
	1115 10.5464
	1116 10.5412
	1117 10.5412
	1118 10.5464
	1119 10.5566
	1120 10.5719
	68 10.5922
LINE 67 75 262.2 25
	1121 10.6784
	1122 10.6312
	1123 10.588
	1124 10.5487
	1125 10.5134
	1126 10.4822
	1127 10.4551
	1128 10.432
	1129 10.4132
	1130 10.3985
	1131 10.388
	1132 10.3817
	1133 10.3796
	1134 10.3817
	1135 10.388
	1136 10.3985
	1137 10.4132
	1138 10.432
	1139 10.4551
	1140 10.4822
	1141 10.5134
	1142 10.5487
	1143 10.588
	1144 10.6312
	75 10.6784
LINE 69 70 134.243 13
	1145 10.5671
	1146 10.4479
	1147 10.3493
	1148 10.272
	1149 10.2164
	1150 10.1829
	1151 10.1717
	1152 10.1829
	1153 10.2164
	1154 10.272
	1155 10.3493
	1156 10.4479
	70 10.5671
LINE 70 78 239.224 22
	1157 11.7347
	1158 11.4978
	1159 11.2803
	1160 11.0835
	1161 10.9083
	1162 10.7559
	1163 10.6272
	1164 10.5231
	1165 10.4444
	1166 10.3916
	1167 10.3651
	1168 10.3651
	1169 10.3916
	1170 10.4444
	1171 10.5231
	1172 10.6272
	1173 10.7559
	1174 10.9083
	1175 11.0835
	1176 11.2803
	1177 11.4978
	78 11.7347
LINE 71 72 109.562 11
	1178 10.0302
	1179 9.98833
	1180 9.95561
	1181 9.93217
	1182 9.91808
	1183 9.91338
	1184 9.91808
	1185 9.93217
	1186 9.95561
	1187 9.98833
	72 10.0302
LINE 71 80 150.062 14
	1188 11.1938
	1189 10.9786
	1190 10.7959
	1191 10.6476
	1192 10.535
	1193 10.4592
	1194 10.4211
	1195 10.4211
	1196 10.4592
	1197 10.535
	1198 10.6476
	1199 10.7959
	1200 10.9786
	80 11.1938
LINE 71 81 122.733 11
	1201 11.7158
	1202 11.387
	1203 11.1246
	1204 10.9333
	1205 10.8169
	1206 10.7778
	1207 10.8169
	1208 10.9333
	1209 11.1246
	1210 11.387
	81 11.7158
LINE 72 73 179.504 17
	1211 11.029
	1212 10.8563
	1213 10.7043
	1214 10.574
	1215 10.4662
	1216 10.3816
	1217 10.3207
	1218 10.284
	1219 10.2718
	1220 10.284
	1221 10.3207
	1222 10.3816
	1223 10.4662
	1224 10.574
	1225 10.7043
	1226 10.8563
	73 11.029
LINE 73 74 105.573 10
	1227 10.7951
	1228 10.6378
	1229 10.5183
	1230 10.4379
	1231 10.3975
	1232 10.3975
	1233 10.4379
	1234 10.5183
	1235 10.6378
	74 10.7951
LINE 75 76 155.395 15
	1236 10.453
	1237 10.4132
	1238 10.3793
	1239 10.3516
	1240 10.33
	1241 10.3145
	1242 10.3052
	1243 10.3021
	1244 10.3052
	1245 10.3145
	1246 10.33
	1247 10.3516
	1248 10.3793
	1249 10.4132
	76 10.453
LINE 76 77 163.057 16
	1250 10.2985
	1251 10.2558
	1252 10.2189
	1253 10.1882
	1254 10.1635
	1255 10.1449
	1256 10.1325
	1257 10.1263
	1258 10.1263
	1259 10.1325
	1260 10.1449
	1261 10.1635
	1262 10.1882
	1263 10.2189
	1264 10.2558
	77 10.2985
LINE 76 87 206.306 19
	1265 11.6701
	1266 11.4086
	1267 11.1728
	1268 10.9644
	1269 10.7848
	1270 10.6357
	1271 10.5182
	1272 10.4335
	1273 10.3824
	1274 10.3653
	1275 10.3824
	1276 10.4335
	1277 10.5182
	1278 10.6357
	1279 10.7848
	1280 10.9644
	1281 11.1728
	1282 11.4086
	87 11.6701
LINE 77 87 239.495 22
	1283 11.6232
	1284 11.4193
	1285 11.2326
	1286 11.0641
	1287 10.9144
	1288 10.7845
	1289 10.6751
	1290 10.5867
	1291 10.5199
	1292 10.4751
	1293 10.4527
	1294 10.4527
	1295 10.4751
	1296 10.5199
	1297 10.5867
	1298 10.6751
	1299 10.7845
	1300 10.9144
	1301 11.0641
	1302 11.2326
	1303 11.4193
	87 11.6232
LINE 78 79 173.684 17
	1304 10.2316
	1305 10.226
	1306 10.2212
	1307 10.2171
	1308 10.2137
	1309 10.2111
	1310 10.2092
	1311 10.2081
	1312 10.2077
	1313 10.2081
	1314 10.2092
	1315 10.2111
	1316 10.2137
	1317 10.2171
	1318 10.2212
	1319 10.226
	79 10.2316
LINE 79 80 155.323 14
	1320 11.7372
	1321 11.4477
	1322 11.2007
	1323 10.9991
	1324 10.8454
	1325 10.7418
	1326 10.6896
	1327 10.6896
	1328 10.7418
	1329 10.8454
	1330 10.9991
	1331 11.2007
	1332 11.4477
	80 11.7372
LINE 81 82 180.984 17
	1333 11.2606
	1334 11.036
	1335 10.8377
	1336 10.6669
	1337 10.5252
	1338 10.4136
	1339 10.3332
	1340 10.2846
	1341 10.2684
	1342 10.2846
	1343 10.3332
	1344 10.4136
	1345 10.5252
	1346 10.6669
	1347 10.8377
	1348 11.036
	82 11.2606
LINE 83 84 181.235 17
	1349 10.7177
	1350 10.6964
	1351 10.678
	1352 10.6624
	1353 10.6496
	1354 10.6396
	1355 10.6325
	1356 10.6282
	1357 10.6268
	1358 10.6282
	1359 10.6325
	1360 10.6396
	1361 10.6496
	1362 10.6624
	1363 10.678
	1364 10.6964
	84 10.7177
LINE 84 85 156.936 15
	1365 10.5806
	1366 10.5302
	1367 10.4873
	1368 10.4521
	1369 10.4247
	1370 10.405
	1371 10.3932
	1372 10.3893
	1373 10.3932
	1374 10.405
	1375 10.4247
	1376 10.4521
	1377 10.4873
	1378 10.5302
	85 10.5806
LINE 85 86 132.142 13
	1379 10.3421
	1380 10.2541
	1381 10.1815
	1382 10.1246
	1383 10.0838
	1384 10.0593
	1385 10.0511
	1386 10.0593
	1387 10.0838
	1388 10.1246
	1389 10.1815
	1390 10.2541
	86 10.3421
LINE 86 87 208.856 19
	1391 12.0307
	1392 11.6993
	1393 11.3988
	1394 11.1318
	1395 10.9008
	1396 10.7081
	1397 10.5558
	1398 10.4456
	1399 10.379
	1400 10.3567
	1401 10.379
	1402 10.4456
	1403 10.5558
	1404 10.7081
	1405 10.9008
	1406 11.1318
	1407 11.3988
	1408 11.6993
	87 12.0307
COORDENADAS :
1	14.9109	893.732
2	155.022	943.768
3	262.713	890.62
4	332.444	920.342
5	457.148	922.79
6	535.68	942.952
7	617.735	929.654
8	707.532	955.037
9	863.608	950.487
10	905.214	924.858
11	45.2826	842.801
12	153.965	808.398
13	264.734	845.935
14	315.013	829.195
15	404.627	827.048
16	556.366	839.786
17	602.723	841.718
18	739.775	854.49
19	862.328	846.281
20	922.42	818.141
21	34.7721	694.176
22	146.678	690.555
23	254.84	743.429
24	616.421	701.329
25	705.067	737.439
26	803.328	714.706
27	949.891	746.366
28	31.5783	659.216
29	145.528	611.166
30	234.428	651.7
31	306.59	597.565
32	511.066	600.506
33	665.3	612.106
34	727.207	647.464
35	804.304	647.49
36	917.84	653.348
37	118.996	509.351
38	215.601	506.552
39	360.271	551.735
40	463.178	549.63
41	543.689	493.358
42	713.187	503.358
43	825.953	521.944
44	913.994	553.108
45	144.652	428.74
46	264.858	427.078
47	452.185	460.449
48	568.893	451.216
49	759.854	400.763
50	827.248	410.402
51	913.007	458.658
52	52.9669	340.658
53	103.202	335.648
54	357.93	342.01
55	458.312	299.22
56	551.363	316.751
57	646.528	354.576
58	763.317	292.747
59	855.184	321.916
60	1.56976	206.499
61	130.333	201.457
62	265.372	225.614
63	318.041	243.309
64	464.496	205.439
65	603.287	244.478
66	717.017	229.457
67	857.487	250.137
68	924.253	228.22
69	70.4653	151.35
70	146.321	106.437
71	257.936	116.469
72	326.723	92.9438
73	440.331	118.347
74	509.425	113.241
75	763.971	104.599
76	866.853	99.2502
77	960.493	153.072
78	32.2299	6.04358
79	145.473	29.7009
80	244.723	20.1517
81	302.194	50.9848
82	410.814	9.21384
83	521.478	38.2119
84	640.341	57.6138
85	743.546	45.6719
86	830.63	47.7825
87	952.802	0
88	423.39	380.823
89	627.834	973.645
90	607.172	1008.07
91	18.7423	886.979
92	22.7443	880.503
93	26.9169	874.306
94	31.2603	868.386
95	35.7742	862.745
96	40.4589	857.382
97	45.3142	852.297
98	50.3401	847.49
99	55.5367	842.961
100	60.904	838.71
101	66.4419	834.737
102	72.1505	831.043
103	78.0297	827.626
104	84.0796	824.488
105	90.3001	821.627
106	96.6913	819.045
107	103.253	816.741
108	109.986	814.715
109	116.889	812.967
110	123.963	811.497
111	131.207	810.305
112	138.622	809.391
113	146.208	808.755
114	162.318	942.589
115	169.493	941.166
116	176.549	939.5
117	183.484	937.59
118	190.299	935.437
119	196.994	933.041
120	203.569	930.401
121	210.024	927.518
122	216.359	924.392
123	222.573	921.022
124	228.668	917.409
125	234.642	913.553
126	240.497	909.453
127	246.231	905.109
128	251.845	900.523
129	257.339	895.693
130	266.074	883.309
131	268.226	875.943
132	269.168	868.523
133	268.9	861.048
134	267.422	853.519
135	329.021	913.729
136	325.945	907.049
137	323.217	900.303
138	320.835	893.491
139	318.801	886.612
140	317.113	879.667
141	315.772	872.656
142	314.778	865.578
143	314.131	858.434
144	313.831	851.224
145	313.878	843.947
146	314.273	836.604
147	463.071	919.26
148	468.917	915.637
149	474.684	911.92
150	480.374	908.111
151	485.986	904.208
152	491.519	900.212
153	496.975	896.123
154	502.353	891.94
155	507.653	887.665
156	512.875	883.296
157	518.019	878.835
158	523.085	874.28
159	528.073	869.632
160	532.984	864.89
161	537.816	860.056
162	542.57	855.128
163	547.247	850.107
164	551.845	844.993
165	542.76	943.338
166	549.796	943.452
167	556.788	943.295
168	563.736	942.865
169	570.64	942.165
170	577.5	941.192
171	584.316	939.948
172	591.088	938.433
173	597.816	936.645
174	604.499	934.587
175	611.139	932.256
176	537.063	936.075
177	538.445	929.198
178	539.827	922.321
179	541.208	915.444
180	542.588	908.566
181	543.969	901.689
182	545.348	894.811
183	546.727	887.933
184	548.106	881.056
185	549.484	874.178
186	550.861	867.3
187	552.238	860.421
188	553.615	853.543
189	554.99	846.665
190	714.264	952.988
191	721.001	951.107
192	727.743	949.394
193	734.489	947.85
194	741.241	946.474
195	747.997	945.266
196	754.759	944.227
197	761.525	943.356
198	768.296	942.653
199	775.072	942.118
200	781.853	941.752
201	788.639	941.554
202	795.43	941.525
203	802.226	941.664
204	809.026	941.971
205	815.832	942.446
206	822.642	943.09
207	829.457	943.902
208	836.278	944.882
209	843.103	946.031
210	849.933	947.348
211	856.768	948.833
212	710.825	948.701
213	713.955	942.312
214	716.921	935.871
215	719.724	929.377
216	722.364	922.831
217	724.84	916.233
218	727.153	909.582
219	729.303	902.879
220	731.289	896.124
221	733.112	889.316
222	734.771	882.456
223	736.267	875.543
224	737.6	868.578
225	738.769	861.56
226	868.658	945.376
227	874.007	940.748
228	879.653	936.603
229	885.596	932.942
230	891.838	929.764
231	898.377	927.069
232	863.847	943.536
233	864.04	936.585
234	864.186	929.636
235	864.287	922.686
236	864.34	915.737
237	864.348	908.789
238	864.309	901.841
239	864.224	894.894
240	864.092	887.948
241	863.914	881.002
242	863.689	874.057
243	863.419	867.112
244	863.102	860.167
245	862.738	853.224
246	905.151	918.005
247	905.239	911.176
248	905.48	904.371
249	905.872	897.591
250	906.416	890.836
251	907.111	884.105
252	907.959	877.398
253	908.959	870.716
254	910.11	864.059
255	911.413	857.426
256	912.868	850.817
257	914.475	844.233
258	916.233	837.673
259	918.144	831.138
260	920.206	824.628
261	51.6171	840.592
262	57.9589	838.406
263	64.308	836.244
264	70.6645	834.104
265	77.0282	831.988
266	83.3993	829.895
267	89.7777	827.825
268	96.1635	825.778
269	102.557	823.755
270	108.957	821.754
271	115.365	819.777
272	121.78	817.822
273	128.202	815.891
274	134.632	813.983
275	141.069	812.098
276	147.513	810.236
277	160.721	809.894
278	167.448	811.48
279	174.145	813.154
280	180.811	814.918
281	187.448	816.77
282	194.054	818.711
283	200.63	820.742
284	207.176	822.861
285	213.692	825.069
286	220.178	827.366
287	226.633	829.752
288	233.059	832.226
289	239.454	834.79
290	245.819	837.443
291	252.154	840.185
292	258.459	843.015
293	151.596	800.927
294	149.002	793.693
295	146.182	786.694
296	143.136	779.931
297	139.864	773.404
298	136.366	767.112
299	132.642	761.056
300	128.692	755.236
301	124.517	749.652
302	120.115	744.303
303	115.488	739.19
304	110.634	734.313
305	105.555	729.672
306	100.25	725.266
307	94.7187	721.096
308	88.9616	717.162
309	82.9787	713.464
310	76.7698	710.001
311	70.3349	706.774
312	63.6742	703.783
313	56.7875	701.028
314	49.675	698.508
315	42.3365	696.225
316	152.765	801.514
317	151.662	794.623
318	150.656	787.727
319	149.745	780.825
320	148.932	773.917
321	148.214	767.003
322	147.593	760.083
323	147.068	753.157
324	146.639	746.225
325	146.307	739.287
326	146.071	732.343
327	145.931	725.394
328	145.888	718.438
329	145.941	711.476
330	146.09	704.509
331	146.336	697.535
332	270.861	843.369
333	277.034	840.939
334	283.251	838.644
335	289.514	836.484
336	295.821	834.459
337	302.174	832.569
338	308.571	830.814
339	265.034	839.008
340	265.197	832.095
341	265.224	825.195
342	265.113	818.309
343	264.865	811.435
344	264.479	804.575
345	263.957	797.728
346	263.297	790.894
347	262.501	784.074
348	261.567	777.266
349	260.496	770.472
350	259.288	763.692
351	257.942	756.924
352	256.46	750.17
353	411.849	823.754
354	419.04	820.83
355	426.201	818.275
356	433.33	816.088
357	440.429	814.27
358	447.496	812.82
359	454.533	811.74
360	461.538	811.028
361	468.513	810.685
362	475.457	810.711
363	482.369	811.106
364	489.251	811.869
365	496.102	813.001
366	502.922	814.502
367	509.711	816.372
368	516.468	818.611
369	523.195	821.218
370	529.891	824.194
371	536.556	827.539
372	543.19	831.253
373	549.794	835.335
374	562.875	842.769
375	569.423	844.849
376	576.008	846.028
377	582.63	846.304
378	589.29	845.677
379	595.988	844.148
380	746.687	855.577
381	753.587	856.482
382	760.474	857.206
383	767.35	857.748
384	774.213	858.108
385	781.064	858.287
386	787.903	858.285
387	794.73	858.101
388	801.544	857.736
389	808.347	857.189
390	815.137	856.461
391	821.915	855.551
392	828.681	854.459
393	835.435	853.187
394	842.176	851.732
395	848.906	850.097
396	855.623	848.279
397	868.652	844.138
398	874.905	841.846
399	881.089	839.404
400	887.203	836.814
401	893.247	834.075
402	899.221	831.186
403	905.126	828.149
404	910.96	824.962
405	916.725	821.626
406	41.7813	694.419
407	48.7886	694.599
408	55.7938	694.717
409	62.797	694.772
410	69.7982	694.765
411	76.7974	694.695
412	83.7945	694.562
413	90.7896	694.367
414	97.7827	694.11
415	104.774	693.79
416	111.763	693.407
417	118.75	692.962
418	125.735	692.454
419	132.718	691.884
420	139.699	691.251
421	251.272	737.474
422	247.636	731.575
423	243.933	725.731
424	240.164	719.942
425	236.327	714.209
426	232.423	708.531
427	228.453	702.908
428	224.415	697.341
429	220.31	691.829
430	216.139	686.372
431	211.9	680.971
432	207.595	675.625
433	203.222	670.335
434	198.783	665.1
435	194.276	659.92
436	189.703	654.795
437	185.063	649.726
438	180.355	644.713
439	175.581	639.754
440	170.74	634.851
441	165.831	630.003
442	160.856	625.211
443	155.814	620.474
444	150.705	615.793
445	621.463	707.075
446	626.703	712.334
447	632.142	717.106
448	637.779	721.39
449	643.615	725.188
450	649.649	728.498
451	655.882	731.321
452	662.313	733.656
453	668.942	735.505
454	675.77	736.866
455	682.797	737.74
456	690.022	738.127
457	697.445	738.026
458	622.923	697.157
459	628.961	692.732
460	634.536	688.052
461	639.647	683.119
462	644.295	677.933
463	648.48	672.492
464	652.202	666.798
465	655.461	660.849
466	658.256	654.647
467	660.588	648.192
468	662.457	641.482
469	663.863	634.519
470	664.805	627.302
471	665.284	619.831
472	707.417	730.677
473	709.658	723.888
474	711.793	717.073
475	713.819	710.231
476	715.738	703.363
477	717.548	696.469
478	719.252	689.548
479	720.847	682.6
480	722.335	675.626
481	723.714	668.625
482	724.986	661.598
483	726.151	654.544
484	810.154	715.387
485	816.964	716.14
486	823.758	716.965
487	830.537	717.862
488	837.301	718.832
489	844.049	719.873
490	850.781	720.988
491	857.497	722.174
492	864.198	723.432
493	870.884	724.763
494	877.553	726.166
495	884.207	727.641
496	890.846	729.189
497	897.469	730.808
498	904.076	732.5
499	910.668	734.264
500	917.244	736.101
501	923.805	738.009
502	930.35	739.99
503	936.879	742.043
504	943.393	744.169
505	944.297	742.554
506	938.704	738.742
507	933.11	734.932
508	927.515	731.122
509	921.92	727.312
510	916.324	723.504
511	910.728	719.696
512	905.131	715.889
513	899.534	712.083
514	893.936	708.277
515	888.338	704.473
516	882.739	700.668
517	877.14	696.865
518	871.54	693.063
519	865.94	689.261
520	860.339	685.46
521	854.738	681.659
522	849.136	677.86
523	843.534	674.061
524	837.931	670.263
525	832.328	666.465
526	826.724	662.669
527	821.12	658.873
528	815.515	655.078
529	809.91	651.283
530	944.638	740.743
531	939.842	734.962
532	935.502	729.025
533	931.617	722.931
534	928.188	716.679
535	925.215	710.27
536	922.698	703.705
537	920.636	696.982
538	919.031	690.102
539	917.881	683.065
540	917.187	675.872
541	916.949	668.521
542	917.166	661.013
543	38.7725	658.595
544	45.865	657.732
545	52.856	656.629
546	59.7453	655.285
547	66.5331	653.7
548	73.2192	651.873
549	79.8038	649.806
550	86.2867	647.498
551	92.6681	644.949
552	98.9479	642.16
553	105.126	639.129
554	111.203	635.857
555	117.178	632.344
556	123.051	628.591
557	128.823	624.596
558	134.493	620.36
559	140.061	615.884
560	151.572	614.733
561	157.664	618.196
562	163.802	621.555
563	169.987	624.812
564	176.219	627.965
565	182.499	631.016
566	188.825	633.962
567	195.199	636.806
568	201.619	639.547
569	208.087	642.184
570	214.602	644.718
571	221.163	647.149
572	227.772	649.476
573	145.487	603.928
574	145.2	596.755
575	144.665	589.645
576	143.883	582.6
577	142.855	575.62
578	141.58	568.703
579	140.058	561.851
580	138.289	555.064
581	136.273	548.34
582	134.011	541.681
583	131.501	535.086
584	128.745	528.556
585	125.742	522.09
586	122.492	515.688
587	151.891	607.009
588	157.963	602.656
589	163.744	598.109
590	169.235	593.368
591	174.435	588.431
592	179.345	583.301
593	183.964	577.975
594	188.293	572.455
595	192.331	566.741
596	196.079	560.831
597	199.536	554.728
598	202.702	548.429
599	205.579	541.936
600	208.164	535.249
601	210.459	528.366
602	212.464	521.289
603	214.178	514.018
604	239.042	646.287
605	243.812	641.082
606	248.738	636.085
607	253.82	631.296
608	259.059	626.715
609	264.454	622.342
610	270.004	618.178
611	275.712	614.222
612	281.575	610.474
613	287.594	606.934
614	293.77	603.603
615	300.102	600.48
616	230.581	645.171
617	227.029	638.604
618	223.772	631.998
619	220.81	625.354
620	218.143	618.672
621	215.771	611.952
622	213.694	605.193
623	211.912	598.396
624	210.426	591.561
625	209.234	584.687
626	208.337	577.775
627	207.736	570.825
628	207.43	563.837
629	207.418	556.81
630	207.702	549.745
631	208.281	542.642
632	209.155	535.501
633	210.324	528.321
634	211.788	521.103
635	213.547	513.847
636	310.386	591.141
637	314.532	585.126
638	319.027	579.52
639	323.871	574.323
640	329.064	569.536
641	334.607	565.157
642	340.499	561.188
643	346.74	557.628
644	353.331	554.477
645	516.048	594.706
646	520.639	588.786
647	524.836	582.746
648	528.642	576.587
649	532.054	570.309
650	535.075	563.911
651	537.702	557.394
652	539.938	550.757
653	541.78	544
654	543.23	537.124
655	544.288	530.128
656	544.953	523.013
657	545.226	515.779
658	545.106	508.425
659	544.594	500.951
660	673.294	612.485
661	680.887	613.566
662	688.079	615.348
663	694.871	617.831
664	701.262	621.016
665	707.252	624.903
666	712.842	629.491
667	718.031	634.78
668	722.82	640.772
669	663.081	604.647
670	660.641	597.414
671	657.981	590.406
672	655.101	583.625
673	652	577.069
674	648.679	570.738
675	645.137	564.634
676	641.375	558.755
677	637.392	553.102
678	633.189	547.675
679	628.766	542.473
680	624.122	537.498
681	619.257	532.748
682	614.172	528.224
683	608.867	523.925
684	603.341	519.853
685	597.595	516.006
686	591.628	512.385
687	585.441	508.989
688	579.034	505.82
689	572.406	502.876
690	565.557	500.158
691	558.488	497.666
692	551.199	495.399
693	728.456	640.416
694	729.513	633.386
695	730.378	626.374
696	731.051	619.382
697	731.533	612.408
698	731.824	605.452
699	731.923	598.515
700	731.83	591.597
701	731.545	584.698
702	731.069	577.817
703	730.402	570.955
704	729.542	564.111
705	728.491	557.286
706	727.249	550.48
707	725.815	543.693
708	724.189	536.924
709	722.372	530.173
710	720.363	523.441
711	718.163	516.728
712	715.771	510.034
713	803.313	640.047
714	802.101	632.744
715	800.668	625.581
716	799.013	618.557
717	797.138	611.673
718	795.041	604.93
719	792.723	598.326
720	790.184	591.861
721	787.424	585.537
722	784.443	579.352
723	781.24	573.307
724	777.817	567.402
725	774.172	561.637
726	770.306	556.011
727	766.219	550.526
728	761.911	545.18
729	757.382	539.974
730	752.632	534.908
731	747.66	529.981
732	742.467	525.195
733	737.054	520.548
734	731.419	516.041
735	725.563	511.673
736	719.485	507.446
737	125.895	509.11
738	132.794	508.876
739	139.694	508.648
740	146.593	508.427
741	153.493	508.211
742	160.394	508.002
743	167.294	507.799
744	174.194	507.602
745	181.095	507.412
746	187.996	507.227
747	194.897	507.049
748	201.798	506.877
749	208.699	506.712
750	117.529	501.486
751	116.717	493.829
752	116.562	486.382
753	117.061	479.142
754	118.216	472.112
755	120.026	465.29
756	122.492	458.677
757	125.613	452.272
758	129.39	446.076
759	133.822	440.089
760	138.91	434.31
761	211.878	500.446
762	208.012	494.471
763	204.001	488.628
764	199.847	482.916
765	195.549	477.334
766	191.107	471.884
767	186.521	466.566
768	181.791	461.378
769	176.917	456.322
770	171.899	451.397
771	166.738	446.603
772	161.432	441.94
773	155.983	437.409
774	150.39	433.009
775	356.024	546.39
776	351.786	541.039
777	347.557	535.681
778	343.337	530.315
779	339.126	524.944
780	334.924	519.565
781	330.731	514.179
782	326.547	508.787
783	322.371	503.387
784	318.205	497.981
785	314.048	492.568
786	309.899	487.148
787	305.76	481.722
788	301.629	476.288
789	297.508	470.848
790	293.395	465.4
791	289.292	459.946
792	285.197	454.485
793	281.111	449.017
794	277.034	443.543
795	272.966	438.061
796	268.907	432.573
797	468.536	545.049
798	473.955	540.554
799	479.433	536.145
800	484.972	531.823
801	490.572	527.587
802	496.232	523.438
803	501.953	519.375
804	507.734	515.399
805	513.575	511.51
806	519.477	507.706
807	525.439	503.99
808	531.462	500.359
809	537.545	496.816
810	716.883	497.301
811	720.476	491.196
812	723.964	485.044
813	727.349	478.844
814	730.629	472.597
815	733.806	466.303
816	736.879	459.962
817	739.847	453.574
818	742.712	447.138
819	745.473	440.655
820	748.13	434.124
821	750.682	427.546
822	753.131	420.921
823	755.476	414.249
824	757.717	407.53
825	822.819	515.792
826	819.666	509.65
827	816.495	503.518
828	813.307	497.395
829	810.1	491.282
830	806.876	485.179
831	803.634	479.086
832	800.373	473.003
833	797.095	466.929
834	793.799	460.865
835	790.485	454.811
836	787.154	448.766
837	783.804	442.732
838	780.436	436.707
839	777.051	430.692
840	773.647	424.686
841	770.226	418.691
842	766.787	412.705
843	763.329	406.729
844	910.519	546.397
845	907.568	539.681
846	905.14	532.959
847	903.237	526.232
848	901.857	519.499
849	901	512.761
850	900.668	506.017
851	900.859	499.268
852	901.575	492.514
853	902.814	485.754
854	904.576	478.988
855	906.863	472.217
856	909.673	465.44
857	459.256	462.505
858	466.301	464.236
859	473.32	465.642
860	480.314	466.723
861	487.282	467.48
862	494.224	467.911
863	501.141	468.018
864	508.032	467.799
865	514.897	467.256
866	521.736	466.388
867	528.55	465.195
868	535.338	463.678
869	542.101	461.835
870	548.837	459.667
871	555.548	457.175
872	562.233	454.358
873	762.436	394.088
874	764.702	387.402
875	766.652	380.707
876	768.288	374.001
877	769.608	367.286
878	770.612	360.56
879	771.302	353.824
880	771.676	347.078
881	771.735	340.322
882	771.478	333.556
883	770.906	326.78
884	770.019	319.994
885	768.817	313.197
886	767.299	306.391
887	765.466	299.574
888	831.948	416.382
889	836.867	421.974
890	842.006	427.175
891	847.363	431.986
892	852.941	436.408
893	858.737	440.439
894	864.753	444.081
895	870.989	447.333
896	877.443	450.195
897	884.118	452.668
898	891.011	454.75
899	898.124	456.443
900	905.456	457.745
901	832.748	404.653
902	837.69	398.728
903	842.073	392.627
904	845.897	386.349
905	849.163	379.895
906	851.871	373.265
907	854.02	366.459
908	855.61	359.476
909	856.642	352.317
910	857.115	344.981
911	857.03	337.469
912	856.387	329.781
913	47.2186	335.534
914	41.8004	330.284
915	36.7122	324.907
916	31.9542	319.403
917	27.5262	313.774
918	23.4283	308.017
919	19.6605	302.135
920	16.2228	296.125
921	13.1151	289.99
922	10.3376	283.728
923	7.89009	277.339
924	5.77269	270.824
925	3.98537	264.183
926	2.52813	257.415
927	1.40098	250.52
928	0.603903	243.5
929	0.136911	236.352
930	0	229.079
931	0.193171	221.678
932	0.716424	214.152
933	101.66	328.353
934	100.424	321.119
935	99.4922	313.947
936	98.8658	306.836
937	98.5445	299.788
938	98.5282	292.8
939	98.817	285.875
940	99.4109	279.011
941	100.31	272.209
942	101.514	265.469
943	103.023	258.79
944	104.837	252.173
945	106.956	245.618
946	109.381	239.124
947	112.11	232.692
948	115.144	226.321
949	118.484	220.013
950	122.128	213.766
951	126.078	207.581
952	364.12	339.139
953	370.321	336.294
954	376.533	333.476
955	382.757	330.683
956	388.992	327.917
957	395.237	325.177
958	401.495	322.463
959	407.763	319.776
960	414.042	317.115
961	420.333	314.48
962	426.635	311.871
963	432.948	309.288
964	439.272	306.732
965	445.608	304.202
966	451.954	301.698
967	465.645	296.829
968	472.872	294.999
969	479.994	293.729
970	487.01	293.019
971	493.92	292.87
972	500.725	293.281
973	507.424	294.253
974	514.018	295.786
975	520.506	297.879
976	526.889	300.532
977	533.165	303.746
978	539.337	307.52
979	545.402	311.855
980	458.389	292.498
981	458.521	285.778
982	458.71	279.063
983	458.956	272.352
984	459.257	265.644
985	459.614	258.939
986	460.028	252.239
987	460.498	245.542
988	461.024	238.849
989	461.606	232.16
990	462.244	225.474
991	462.939	218.792
992	463.69	212.114
993	558.786	316.558
994	566.055	316.754
995	573.169	317.337
996	580.13	318.308
997	586.937	319.667
998	593.589	321.413
999	600.088	323.547
1000	606.432	326.068
1001	612.623	328.978
1002	618.659	332.275
1003	624.541	335.96
1004	630.269	340.032
1005	635.843	344.492
1006	641.262	349.34
1007	553.424	309.803
1008	555.807	303.086
1009	558.513	296.601
1010	561.541	290.347
1011	564.891	284.325
1012	568.563	278.534
1013	572.557	272.974
1014	576.874	267.646
1015	581.512	262.55
1016	586.473	257.684
1017	591.755	253.051
1018	597.36	248.649
1019	653.816	353.477
1020	660.977	352.139
1021	668.012	350.562
1022	674.919	348.745
1023	681.7	346.688
1024	688.354	344.392
1025	694.881	341.856
1026	701.282	339.081
1027	707.555	336.067
1028	713.702	332.812
1029	719.722	329.319
1030	725.615	325.586
1031	731.382	321.613
1032	737.021	317.401
1033	742.534	312.949
1034	747.92	308.258
1035	753.179	303.327
1036	758.312	298.157
1037	758.085	287.743
1038	753.056	282.588
1039	748.233	277.284
1040	743.615	271.83
1041	739.201	266.226
1042	734.992	260.472
1043	730.987	254.569
1044	727.188	248.516
1045	723.593	242.313
1046	720.203	235.96
1047	857.629	314.809
1048	859.581	307.687
1049	861.041	300.548
1050	862.009	293.394
1051	862.486	286.224
1052	862.47	279.038
1053	861.962	271.836
1054	860.963	264.619
1055	859.471	257.386
1056	134.239	195.135
1057	137.72	188.741
1058	140.776	182.276
1059	143.406	175.739
1060	145.611	169.131
1061	147.391	162.451
1062	148.746	155.7
1063	149.675	148.877
1064	150.179	141.982
1065	150.258	135.016
1066	149.912	127.979
1067	149.14	120.87
1068	147.943	113.689
1069	136.127	197.585
1070	141.922	193.715
1071	147.718	189.845
1072	153.514	185.976
1073	159.311	182.107
1074	165.108	178.24
1075	170.906	174.373
1076	176.704	170.507
1077	182.503	166.642
1078	188.302	162.778
1079	194.102	158.914
1080	199.903	155.052
1081	205.703	151.19
1082	211.505	147.329
1083	217.307	143.468
1084	223.109	139.609
1085	228.913	135.75
1086	234.716	131.892
1087	240.52	128.035
1088	246.325	124.179
1089	252.13	120.323
1090	273.029	224.631
1091	280.379	224.561
1092	287.423	225.404
1093	294.16	227.16
1094	300.59	229.828
1095	306.713	233.409
1096	312.53	237.903
1097	266.106	218.711
1098	266.68	211.819
1099	267.094	204.937
1100	267.348	198.067
1101	267.443	191.207
1102	267.377	184.358
1103	267.152	177.52
1104	266.767	170.693
1105	266.223	163.877
1106	265.518	157.072
1107	264.654	150.277
1108	263.63	143.494
1109	262.446	136.721
1110	261.103	129.959
1111	259.599	123.209
1112	863.947	247.284
1113	870.454	244.578
1114	877.01	242.019
1115	883.615	239.606
1116	890.267	237.341
1117	896.968	235.223
1118	903.717	233.252
1119	910.514	231.428
1120	917.359	229.751
1121	855.154	243.411
1122	852.703	236.761
1123	850.134	230.186
1124	847.449	223.687
1125	844.646	217.262
1126	841.726	210.914
1127	838.689	204.64
1128	835.535	198.442
1129	832.263	192.319
1130	828.874	186.272
1131	825.368	180.299
1132	821.745	174.403
1133	818.004	168.581
1134	814.146	162.835
1135	810.171	157.164
1136	806.078	151.569
1137	801.869	146.048
1138	797.542	140.604
1139	793.098	135.234
1140	788.536	129.94
1141	783.858	124.721
1142	779.062	119.578
1143	774.149	114.51
1144	769.119	109.517
1145	77.2729	149.538
1146	83.9185	147.452
1147	90.4019	145.092
1148	96.7232	142.458
1149	102.882	139.551
1150	108.88	136.37
1151	114.715	132.915
1152	120.388	129.187
1153	125.898	125.184
1154	131.247	120.908
1155	136.434	116.358
1156	141.458	111.534
1157	143.561	99.1167
1158	140.569	92.0593
1159	137.347	85.2644
1160	133.894	78.732
1161	130.209	72.4622
1162	126.294	66.4549
1163	122.148	60.7102
1164	117.77	55.228
1165	113.162	50.0083
1166	108.322	45.0512
1167	103.252	40.3566
1168	97.9504	35.9246
1169	92.4179	31.7551
1170	86.6544	27.8481
1171	80.6599	24.2036
1172	74.4344	20.8217
1173	67.9779	17.7024
1174	61.2903	14.8455
1175	54.3717	12.2512
1176	47.2221	9.91948
1177	39.8415	7.85026
1178	263.86	113.367
1179	269.85	110.458
1180	275.905	107.742
1181	282.027	105.218
1182	288.215	102.887
1183	294.468	100.748
1184	300.787	98.8019
1185	307.172	97.0485
1186	313.623	95.4877
1187	320.14	94.1194
1188	259.699	109.218
1189	261.046	102.024
1190	261.977	94.8866
1191	262.491	87.8068
1192	262.588	80.7842
1193	262.269	73.8187
1194	261.534	66.9104
1195	260.381	60.0592
1196	258.813	53.2651
1197	256.828	46.5281
1198	254.426	39.8483
1199	251.608	33.2256
1200	248.374	26.6601
1201	259.422	108.801
1202	261.416	101.476
1203	263.917	94.494
1204	266.926	87.8551
1205	270.442	81.559
1206	274.465	75.6059
1207	278.996	69.9958
1208	284.034	64.7286
1209	289.58	59.8044
1210	295.633	55.2231
1211	333.99	91.8252
1212	341.184	91.0332
1213	348.305	90.5678
1214	355.353	90.429
1215	362.328	90.6168
1216	369.23	91.1312
1217	376.058	91.9723
1218	382.814	93.1399
1219	389.497	94.6342
1220	396.107	96.4551
1221	402.644	98.6026
1222	409.107	101.077
1223	415.498	103.877
1224	421.816	107.005
1225	428.06	110.459
1226	434.232	114.239
1227	447.097	115.894
1228	453.894	113.873
1229	460.724	112.283
1230	467.586	111.125
1231	474.479	110.399
1232	481.405	110.104
1233	488.362	110.241
1234	495.351	110.809
1235	502.372	111.809
1236	770.768	103.065
1237	777.575	101.698
1238	784.39	100.5
1239	791.214	99.4701
1240	798.046	98.6086
1241	804.887	97.9153
1242	811.737	97.3904
1243	818.596	97.0338
1244	825.464	96.8455
1245	832.34	96.8255
1246	839.225	96.9738
1247	846.119	97.2904
1248	853.021	97.7753
1249	859.933	98.4286
1250	872.081	103.7
1251	877.392	108.006
1252	882.787	112.166
1253	888.265	116.182
1254	893.826	120.053
1255	899.47	123.779
1256	905.198	127.36
1257	911.009	130.796
1258	916.903	134.088
1259	922.88	137.234
1260	928.941	140.236
1261	935.085	143.093
1262	941.312	145.805
1263	947.622	148.372
1264	954.016	150.795
1265	874.079	96.3666
1266	881.004	93.223
1267	887.63	89.8194
1268	893.955	86.1558
1269	899.98	82.2322
1270	905.705	78.0486
1271	911.129	73.6049
1272	916.253	68.9013
1273	921.077	63.9376
1274	925.601	58.7139
1275	929.824	53.2302
1276	933.747	47.4865
1277	937.37	41.4827
1278	940.693	35.219
1279	943.715	28.6952
1280	946.437	21.9114
1281	948.859	14.8676
1282	950.981	7.56383
1283	963.532	145.944
1284	966.248	138.832
1285	968.641	131.736
1286	970.712	124.657
1287	972.46	117.594
1288	973.885	110.547
1289	974.988	103.516
1290	975.768	96.5015
1291	976.225	89.5032
1292	976.359	82.521
1293	976.171	75.5551
1294	975.66	68.6054
1295	974.827	61.6719
1296	973.67	54.7546
1297	972.191	47.8535
1298	970.39	40.9687
1299	968.265	34.1
1300	965.818	27.2476
1301	963.048	20.4114
1302	959.956	13.5914
1303	956.54	6.78758
1304	38.796	7.89105
1305	45.374	9.68154
1306	51.9639	11.4151
1307	58.5658	13.0916
1308	65.1795	14.7111
1309	71.8051	16.2737
1310	78.4427	17.7792
1311	85.0921	19.2278
1312	91.7534	20.6194
1313	98.4267	21.9541
1314	105.112	23.2317
1315	111.809	24.4524
1316	118.518	25.616
1317	125.239	26.7227
1318	131.972	27.7724
1319	138.716	28.7652
1320	152.872	32.2449
1321	160.224	34.2926
1322	167.529	35.844
1323	174.785	36.899
1324	181.994	37.4577
1325	189.155	37.5201
1326	196.268	37.0862
1327	203.333	36.156
1328	210.351	34.7294
1329	217.321	32.8065
1330	224.243	30.3873
1331	231.117	27.4717
1332	237.944	24.0599
1333	309.689	51.4036
1334	317.046	51.4629
1335	324.265	51.1627
1336	331.346	50.503
1337	338.288	49.4839
1338	345.092	48.1052
1339	351.758	46.3671
1340	358.286	44.2694
1341	364.675	41.8123
1342	370.926	38.9957
1343	377.039	35.8196
1344	383.014	32.284
1345	388.85	28.389
1346	394.548	24.1344
1347	400.108	19.5204
1348	405.53	14.5469
1349	528.619	38.4367
1350	535.742	38.7761
1351	542.846	39.23
1352	549.932	39.7985
1353	556.999	40.4816
1354	564.047	41.2792
1355	571.076	42.1913
1356	578.087	43.2181
1357	585.079	44.3594
1358	592.052	45.6152
1359	599.007	46.9856
1360	605.943	48.4706
1361	612.86	50.0701
1362	619.758	51.7842
1363	626.638	53.6128
1364	633.499	55.556
1365	647.375	58.1439
1366	654.387	58.4845
1367	661.377	58.6357
1368	668.345	58.5974
1369	675.291	58.3696
1370	682.215	57.9524
1371	689.117	57.3458
1372	695.998	56.5496
1373	702.856	55.564
1374	709.692	54.389
1375	716.507	53.0245
1376	723.3	51.4705
1377	730.07	49.7271
1378	736.819	47.7942
1379	750.284	44.2106
1380	757.016	43.02
1381	763.741	42.0999
1382	770.459	41.4505
1383	777.171	41.0717
1384	783.876	40.9634
1385	790.575	41.1258
1386	797.267	41.5587
1387	803.953	42.2623
1388	810.632	43.2365
1389	817.304	44.4812
1390	823.97	45.9966
1391	838.547	49.0686
1392	846.298	49.9323
1393	853.884	50.3738
1394	861.306	50.3929
1395	868.562	49.9896
1396	875.652	49.1641
1397	882.578	47.9162
1398	889.339	46.246
1399	895.934	44.1534
1400	902.364	41.6385
1401	908.629	38.7013
1402	914.729	35.3418
1403	920.663	31.56
1404	926.433	27.3558
1405	932.037	22.7293
1406	937.476	17.6805
1407	942.75	12.2093
1408	947.859	6.31581
