NOMBRE : MTLARP9_9_6_2.dat
VERTICES ORIGINALES : 69
VERTICES TOTALES : 1147
DEPOTS : 6
64
65
66
67
68
69
LINEAS ORIGINALES : 72
LINE 1 2 107.354 11
	70 9.82396
	71 9.78536
	72 9.75523
	73 9.73366
	74 9.72069
	75 9.71636
	76 9.72069
	77 9.73366
	78 9.75523
	79 9.78536
	2 9.82396
LINE 1 9 229.942 22
	80 11.1676
	81 10.9697
	82 10.7885
	83 10.6248
	84 10.4795
	85 10.3533
	86 10.247
	87 10.1611
	88 10.0962
	89 10.0527
	90 10.0309
	91 10.0309
	92 10.0527
	93 10.0962
	94 10.1611
	95 10.247
	96 10.3533
	97 10.4795
	98 10.6248
	99 10.7885
	100 10.9697
	9 11.1676
LINE 2 9 182.216 18
	101 10.1321
	102 10.129
	103 10.1262
	104 10.1238
	105 10.1218
	106 10.1202
	107 10.119
	108 10.1182
	109 10.1179
	110 10.1179
	111 10.1182
	112 10.119
	113 10.1202
	114 10.1218
	115 10.1238
	116 10.1262
	117 10.129
	9 10.1321
LINE 3 10 287.839 27
	118 11.2971
	119 11.1545
	120 11.0217
	121 10.8991
	122 10.7869
	123 10.6855
	124 10.5953
	125 10.5165
	126 10.4493
	127 10.394
	128 10.3508
	129 10.3198
	130 10.3012
	131 10.295
	132 10.3012
	133 10.3198
	134 10.3508
	135 10.394
	136 10.4493
	137 10.5165
	138 10.5953
	139 10.6855
	140 10.7869
	141 10.8991
	142 11.0217
	143 11.1545
	10 11.2971
LINE 3 11 134.476 13
	144 11.1091
	145 10.738
	146 10.4245
	147 10.174
	148 9.9912
	149 9.87992
	150 9.84254
	151 9.87992
	152 9.9912
	153 10.174
	154 10.4245
	155 10.738
	11 11.1091
LINE 4 5 226.501 21
	156 11.5485
	157 11.3272
	158 11.1254
	159 10.9443
	160 10.7849
	161 10.6482
	162 10.5349
	163 10.446
	164 10.3821
	165 10.3435
	166 10.3306
	167 10.3435
	168 10.3821
	169 10.446
	170 10.5349
	171 10.6482
	172 10.7849
	173 10.9443
	174 11.1254
	175 11.3272
	5 11.5485
LINE 4 11 107.899 10
	176 11.2379
	177 10.9436
	178 10.7175
	179 10.564
	180 10.4865
	181 10.4865
	182 10.564
	183 10.7175
	184 10.9436
	11 11.2379
LINE 4 12 57.3982 5
	185 11.8629
	186 11.29
	187 11.0924
	188 11.29
	12 11.8629
LINE 5 6 117.142 11
	189 11.1625
	190 10.86
	191 10.6188
	192 10.4432
	193 10.3363
	194 10.3004
	195 10.3363
	196 10.4432
	197 10.6188
	198 10.86
	6 11.1625
LINE 6 7 194.401 19
	199 10.2585
	200 10.2495
	201 10.2416
	202 10.2348
	203 10.229
	204 10.2242
	205 10.2205
	206 10.2179
	207 10.2163
	208 10.2158
	209 10.2163
	210 10.2179
	211 10.2205
	212 10.2242
	213 10.229
	214 10.2348
	215 10.2416
	216 10.2495
	7 10.2585
LINE 6 13 147.059 14
	217 10.718
	218 10.6202
	219 10.538
	220 10.4717
	221 10.4218
	222 10.3883
	223 10.3716
	224 10.3716
	225 10.3883
	226 10.4218
	227 10.4717
	228 10.538
	229 10.6202
	13 10.718
LINE 6 14 135.074 13
	230 10.5154
	231 10.4532
	232 10.4019
	233 10.3619
	234 10.3333
	235 10.316
	236 10.3103
	237 10.316
	238 10.3333
	239 10.3619
	240 10.4019
	241 10.4532
	14 10.5154
LINE 7 15 156.661 15
	242 10.8201
	243 10.6614
	244 10.5253
	245 10.4126
	246 10.3241
	247 10.2605
	248 10.2221
	249 10.2092
	250 10.2221
	251 10.2605
	252 10.3241
	253 10.4126
	254 10.5253
	255 10.6614
	15 10.8201
LINE 8 17 226.907 21
	256 11.7742
	257 11.4955
	258 11.2402
	259 11.01
	260 10.8066
	261 10.6314
	262 10.4859
	263 10.3713
	264 10.2886
	265 10.2387
	266 10.2221
	267 10.2387
	268 10.2886
	269 10.3713
	270 10.4859
	271 10.6314
	272 10.8066
	273 11.01
	274 11.2402
	275 11.4955
	17 11.7742
LINE 9 17 161.215 16
	276 10.4223
	277 10.2859
	278 10.1674
	279 10.0677
	280 9.98713
	281 9.92631
	282 9.88555
	283 9.86511
	284 9.86511
	285 9.88555
	286 9.92631
	287 9.98713
	288 10.0677
	289 10.1674
	290 10.2859
	17 10.4223
LINE 12 13 217.99 21
	291 10.438
	292 10.4208
	293 10.4054
	294 10.3917
	295 10.3799
	296 10.3699
	297 10.3617
	298 10.3553
	299 10.3507
	300 10.348
	301 10.3471
	302 10.348
	303 10.3507
	304 10.3553
	305 10.3617
	306 10.3699
	307 10.3799
	308 10.3917
	309 10.4054
	310 10.4208
	13 10.438
LINE 12 19 220.531 22
	311 10.0535
	312 10.0451
	313 10.0376
	314 10.0309
	315 10.025
	316 10.0199
	317 10.0157
	318 10.0124
	319 10.0098
	320 10.0082
	321 10.0073
	322 10.0073
	323 10.0082
	324 10.0098
	325 10.0124
	326 10.0157
	327 10.0199
	328 10.025
	329 10.0309
	330 10.0376
	331 10.0451
	19 10.0535
LINE 13 14 92.0593 9
	332 10.911
	333 10.4102
	334 10.0373
	335 9.80676
	336 9.72869
	337 9.80676
	338 10.0373
	339 10.4102
	14 10.911
LINE 13 21 230.355 23
	340 10.0779
	341 10.0609
	342 10.0455
	343 10.0317
	344 10.0195
	345 10.009
	346 10
	347 9.99271
	348 9.98701
	349 9.98294
	350 9.98049
	351 9.97967
	352 9.98049
	353 9.98294
	354 9.98701
	355 9.99271
	356 10
	357 10.009
	358 10.0195
	359 10.0317
	360 10.0455
	361 10.0609
	21 10.0779
LINE 14 15 200.474 19
	362 11.133
	363 10.9439
	364 10.7744
	365 10.6253
	366 10.4975
	367 10.3917
	368 10.3087
	369 10.249
	370 10.213
	371 10.201
	372 10.213
	373 10.249
	374 10.3087
	375 10.3917
	376 10.4975
	377 10.6253
	378 10.7744
	379 10.9439
	15 11.133
LINE 14 21 168.874 16
	380 11.3621
	381 11.0497
	382 10.7748
	383 10.5402
	384 10.3487
	385 10.2027
	386 10.1042
	387 10.0546
	388 10.0546
	389 10.1042
	390 10.2027
	391 10.3487
	392 10.5402
	393 10.7748
	394 11.0497
	21 11.3621
LINE 15 16 205.545 20
	395 10.5675
	396 10.477
	397 10.396
	398 10.3246
	399 10.2629
	400 10.2113
	401 10.1698
	402 10.1385
	403 10.1177
	404 10.1072
	405 10.1072
	406 10.1177
	407 10.1385
	408 10.1698
	409 10.2113
	410 10.2629
	411 10.3246
	412 10.396
	413 10.477
	16 10.5675
LINE 15 22 164.817 15
	414 11.9999
	415 11.5828
	416 11.2179
	417 10.9102
	418 10.6647
	419 10.4859
	420 10.3771
	421 10.3406
	422 10.3771
	423 10.4859
	424 10.6647
	425 10.9102
	426 11.2179
	427 11.5828
	22 11.9999
LINE 16 23 86.6712 9
	428 9.64744
	429 9.63447
	430 9.62519
	431 9.61962
	432 9.61777
	433 9.61962
	434 9.62519
	435 9.63447
	23 9.64744
LINE 17 24 206.117 20
	436 10.3126
	437 10.3105
	438 10.3086
	439 10.3069
	440 10.3055
	441 10.3043
	442 10.3034
	443 10.3027
	444 10.3022
	445 10.3019
	446 10.3019
	447 10.3022
	448 10.3027
	449 10.3034
	450 10.3043
	451 10.3055
	452 10.3069
	453 10.3086
	454 10.3105
	24 10.3126
LINE 18 25 136.343 13
	455 10.7237
	456 10.6069
	457 10.5104
	458 10.4347
	459 10.3803
	460 10.3475
	461 10.3365
	462 10.3475
	463 10.3803
	464 10.4347
	465 10.5104
	466 10.6069
	25 10.7237
LINE 19 26 117.346 12
	467 9.79209
	468 9.78486
	469 9.77907
	470 9.77472
	471 9.77182
	472 9.77037
	473 9.77037
	474 9.77182
	475 9.77472
	476 9.77907
	477 9.78486
	26 9.79209
LINE 20 21 219.333 21
	478 11.2185
	479 10.9942
	480 10.7896
	481 10.6058
	482 10.4439
	483 10.305
	484 10.1898
	485 10.0994
	486 10.0343
	487 9.99502
	488 9.9819
	489 9.99502
	490 10.0343
	491 10.0994
	492 10.1898
	493 10.305
	494 10.4439
	495 10.6058
	496 10.7896
	497 10.9942
	21 11.2185
LINE 20 26 124.875 12
	498 10.9093
	499 10.6401
	500 10.4196
	501 10.2512
	502 10.1373
	503 10.0799
	504 10.0799
	505 10.1373
	506 10.2512
	507 10.4196
	508 10.6401
	26 10.9093
LINE 20 27 124.684 12
	509 10.3907
	510 10.3905
	511 10.3904
	512 10.3903
	513 10.3902
	514 10.3901
	515 10.3901
	516 10.3902
	517 10.3903
	518 10.3904
	519 10.3905
	27 10.3907
LINE 21 27 207.247 20
	520 10.6157
	521 10.5366
	522 10.4658
	523 10.4035
	524 10.3497
	525 10.3047
	526 10.2686
	527 10.2414
	528 10.2232
	529 10.2141
	530 10.2141
	531 10.2232
	532 10.2414
	533 10.2686
	534 10.3047
	535 10.3497
	536 10.4035
	537 10.4658
	538 10.5366
	27 10.6157
LINE 21 28 116.696 11
	539 10.8374
	540 10.7013
	541 10.5943
	542 10.5171
	543 10.4706
	544 10.455
	545 10.4706
	546 10.5171
	547 10.5943
	548 10.7013
	28 10.8374
LINE 22 23 119.812 12
	549 10.3188
	550 10.1387
	551 9.99235
	552 9.88115
	553 9.80631
	554 9.76868
	555 9.76868
	556 9.80631
	557 9.88115
	558 9.99235
	559 10.1387
	23 10.3188
LINE 25 26 207.203 20
	560 10.3728
	561 10.3688
	562 10.3652
	563 10.3621
	564 10.3595
	565 10.3572
	566 10.3555
	567 10.3541
	568 10.3532
	569 10.3528
	570 10.3528
	571 10.3532
	572 10.3541
	573 10.3555
	574 10.3572
	575 10.3595
	576 10.3621
	577 10.3652
	578 10.3688
	26 10.3728
LINE 27 35 184.435 18
	579 10.2487
	580 10.2479
	581 10.2472
	582 10.2465
	583 10.246
	584 10.2456
	585 10.2453
	586 10.2451
	587 10.245
	588 10.245
	589 10.2451
	590 10.2453
	591 10.2456
	592 10.246
	593 10.2465
	594 10.2472
	595 10.2479
	35 10.2487
LINE 28 29 82.9296 8
	596 10.5074
	597 10.3869
	598 10.3057
	599 10.2648
	600 10.2648
	601 10.3057
	602 10.3869
	29 10.5074
LINE 28 35 150.246 15
	603 10.2547
	604 10.1536
	605 10.0673
	606 9.99611
	607 9.94038
	608 9.90038
	609 9.87631
	610 9.86827
	611 9.87631
	612 9.90038
	613 9.94038
	614 9.99611
	615 10.0673
	616 10.1536
	35 10.2547
LINE 29 30 156.03 15
	617 11.0311
	618 10.7684
	619 10.541
	620 10.3512
	621 10.2012
	622 10.0926
	623 10.0269
	624 10.0049
	625 10.0269
	626 10.0926
	627 10.2012
	628 10.3512
	629 10.541
	630 10.7684
	30 11.0311
LINE 29 36 118.69 11
	631 11.1464
	632 10.9352
	633 10.768
	634 10.647
	635 10.5737
	636 10.5491
	637 10.5737
	638 10.647
	639 10.768
	640 10.9352
	36 11.1464
LINE 31 32 135.464 13
	641 10.4643
	642 10.4424
	643 10.4243
	644 10.4103
	645 10.4003
	646 10.3943
	647 10.3923
	648 10.3943
	649 10.4003
	650 10.4103
	651 10.4243
	652 10.4424
	32 10.4643
LINE 32 33 202.37 19
	653 11.4239
	654 11.1748
	655 10.9502
	656 10.7518
	657 10.581
	658 10.4392
	659 10.3275
	660 10.247
	661 10.1984
	662 10.1822
	663 10.1984
	664 10.247
	665 10.3275
	666 10.4392
	667 10.581
	668 10.7518
	669 10.9502
	670 11.1748
	33 11.4239
LINE 33 40 190.169 18
	671 11.4997
	672 11.1827
	673 10.8978
	674 10.6475
	675 10.4343
	676 10.2606
	677 10.1284
	678 10.0392
	679 9.99438
	680 9.99438
	681 10.0392
	682 10.1284
	683 10.2606
	684 10.4343
	685 10.6475
	686 10.8978
	687 11.1827
	40 11.4997
LINE 34 42 201.882 20
	688 10.3688
	689 10.2832
	690 10.2065
	691 10.1388
	692 10.0805
	693 10.0317
	694 9.9924
	695 9.96285
	696 9.9431
	697 9.93322
	698 9.93322
	699 9.9431
	700 9.96285
	701 9.9924
	702 10.0317
	703 10.0805
	704 10.1388
	705 10.2065
	706 10.2832
	42 10.3688
LINE 36 37 103.496 10
	707 10.7705
	708 10.4939
	709 10.2815
	710 10.1375
	711 10.0647
	712 10.0647
	713 10.1375
	714 10.2815
	715 10.4939
	37 10.7705
LINE 36 44 190.836 19
	716 10.1789
	717 10.1342
	718 10.0946
	719 10.0602
	720 10.031
	721 10.007
	722 9.98832
	723 9.97495
	724 9.96692
	725 9.96424
	726 9.96692
	727 9.97495
	728 9.98832
	729 10.007
	730 10.031
	731 10.0602
	732 10.0946
	733 10.1342
	44 10.1789
LINE 37 45 150.733 15
	734 10.1562
	735 10.1104
	736 10.0715
	737 10.0396
	738 10.0147
	739 9.99683
	740 9.98612
	741 9.98254
	742 9.98612
	743 9.99683
	744 10.0147
	745 10.0396
	746 10.0715
	747 10.1104
	45 10.1562
LINE 38 47 203.686 20
	748 10.546
	749 10.4337
	750 10.3328
	751 10.2437
	752 10.1668
	753 10.1022
	754 10.0502
	755 10.0111
	756 9.98489
	757 9.97177
	758 9.97177
	759 9.98489
	760 10.0111
	761 10.0502
	762 10.1022
	763 10.1668
	764 10.2437
	765 10.3328
	766 10.4337
	47 10.546
LINE 39 48 121.446 11
	767 11.849
	768 11.3769
	769 10.9958
	770 10.7153
	771 10.5434
	772 10.4855
	773 10.5434
	774 10.7153
	775 10.9958
	776 11.3769
	48 11.849
LINE 40 49 176.515 17
	777 10.5545
	778 10.4908
	779 10.4352
	780 10.388
	781 10.3491
	782 10.3188
	783 10.2972
	784 10.2841
	785 10.2798
	786 10.2841
	787 10.2972
	788 10.3188
	789 10.3491
	790 10.388
	791 10.4352
	792 10.4908
	49 10.5545
LINE 41 42 108.154 10
	793 11.3003
	794 10.9821
	795 10.7372
	796 10.5709
	797 10.4867
	798 10.4867
	799 10.5709
	800 10.7372
	801 10.9821
	42 11.3003
LINE 42 50 165.577 16
	802 11.0153
	803 10.756
	804 10.5287
	805 10.3355
	806 10.1783
	807 10.0587
	808 9.97825
	809 9.93777
	810 9.93777
	811 9.97825
	812 10.0587
	813 10.1783
	814 10.3355
	815 10.5287
	816 10.756
	50 11.0153
LINE 43 44 235.193 22
	817 11.2639
	818 11.1043
	819 10.9586
	820 10.8275
	821 10.7114
	822 10.6109
	823 10.5264
	824 10.4584
	825 10.407
	826 10.3726
	827 10.3554
	828 10.3554
	829 10.3726
	830 10.407
	831 10.4584
	832 10.5264
	833 10.6109
	834 10.7114
	835 10.8275
	836 10.9586
	837 11.1043
	44 11.2639
LINE 44 53 181.38 18
	838 10.2415
	839 10.1838
	840 10.133
	841 10.0892
	842 10.0526
	843 10.0232
	844 10.0011
	845 9.98636
	846 9.97897
	847 9.97897
	848 9.98636
	849 10.0011
	850 10.0232
	851 10.0526
	852 10.0892
	853 10.133
	854 10.1838
	53 10.2415
LINE 45 54 150.754 15
	855 10.4169
	856 10.2622
	857 10.1295
	858 10.0196
	859 9.93329
	860 9.87118
	861 9.83372
	862 9.82121
	863 9.83372
	864 9.87118
	865 9.93329
	866 10.0196
	867 10.1295
	868 10.2622
	54 10.4169
LINE 46 47 209.362 20
	869 10.9297
	870 10.7869
	871 10.6584
	872 10.5447
	873 10.4462
	874 10.3634
	875 10.2967
	876 10.2464
	877 10.2127
	878 10.1958
	879 10.1958
	880 10.2127
	881 10.2464
	882 10.2967
	883 10.3634
	884 10.4462
	885 10.5447
	886 10.6584
	887 10.7869
	47 10.9297
LINE 47 55 155.735 15
	888 10.9916
	889 10.737
	890 10.5167
	891 10.333
	892 10.1878
	893 10.0829
	894 10.0193
	895 9.99808
	896 10.0193
	897 10.0829
	898 10.1878
	899 10.333
	900 10.5167
	901 10.737
	55 10.9916
LINE 48 55 248.695 24
	902 10.5968
	903 10.5363
	904 10.481
	905 10.431
	906 10.3863
	907 10.3471
	908 10.3133
	909 10.2851
	910 10.2625
	911 10.2455
	912 10.2342
	913 10.2285
	914 10.2285
	915 10.2342
	916 10.2455
	917 10.2625
	918 10.2851
	919 10.3133
	920 10.3471
	921 10.3863
	922 10.431
	923 10.481
	924 10.5363
	55 10.5968
LINE 49 50 151.552 15
	925 10.3954
	926 10.2718
	927 10.1661
	928 10.0788
	929 10.0103
	930 9.96116
	931 9.93154
	932 9.92164
	933 9.93154
	934 9.96116
	935 10.0103
	936 10.0788
	937 10.1661
	938 10.2718
	50 10.3954
LINE 49 57 222.717 21
	939 11.2202
	940 11.0408
	941 10.8778
	942 10.7319
	943 10.6038
	944 10.4942
	945 10.4037
	946 10.3327
	947 10.2817
	948 10.251
	949 10.2408
	950 10.251
	951 10.2817
	952 10.3327
	953 10.4037
	954 10.4942
	955 10.6038
	956 10.7319
	957 10.8778
	958 11.0408
	57 11.2202
LINE 50 51 221.341 21
	959 11.0751
	960 10.9184
	961 10.7763
	962 10.6493
	963 10.538
	964 10.4429
	965 10.3644
	966 10.303
	967 10.2589
	968 10.2323
	969 10.2235
	970 10.2323
	971 10.2589
	972 10.303
	973 10.3644
	974 10.4429
	975 10.538
	976 10.6493
	977 10.7763
	978 10.9184
	51 11.0751
LINE 50 58 138.638 13
	979 11.4195
	980 11.0526
	981 10.7432
	982 10.4962
	983 10.3161
	984 10.2066
	985 10.1698
	986 10.2066
	987 10.3161
	988 10.4962
	989 10.7432
	990 11.0526
	58 11.4195
LINE 51 58 240.222 23
	991 10.8879
	992 10.7694
	993 10.6611
	994 10.5632
	995 10.4761
	996 10.4
	997 10.3352
	998 10.2818
	999 10.2402
	1000 10.2103
	1001 10.1923
	1002 10.1863
	1003 10.1923
	1004 10.2103
	1005 10.2402
	1006 10.2818
	1007 10.3352
	1008 10.4
	1009 10.4761
	1010 10.5632
	1011 10.6611
	1012 10.7694
	58 10.8879
LINE 51 59 112.887 11
	1013 10.272
	1014 10.2663
	1015 10.2618
	1016 10.2586
	1017 10.2567
	1018 10.2561
	1019 10.2567
	1020 10.2586
	1021 10.2618
	1022 10.2663
	59 10.272
LINE 52 53 167.937 16
	1023 11.1239
	1024 10.8793
	1025 10.6651
	1026 10.4833
	1027 10.3356
	1028 10.2234
	1029 10.1479
	1030 10.1099
	1031 10.1099
	1032 10.1479
	1033 10.2234
	1034 10.3356
	1035 10.4833
	1036 10.6651
	1037 10.8793
	53 11.1239
LINE 52 59 214.936 21
	1038 10.2442
	1039 10.2415
	1040 10.239
	1041 10.2369
	1042 10.235
	1043 10.2334
	1044 10.2321
	1045 10.2311
	1046 10.2303
	1047 10.2299
	1048 10.2297
	1049 10.2299
	1050 10.2303
	1051 10.2311
	1052 10.2321
	1053 10.2334
	1054 10.235
	1055 10.2369
	1056 10.239
	1057 10.2415
	59 10.2442
LINE 53 54 132.824 13
	1058 10.2195
	1059 10.2184
	1060 10.2175
	1061 10.2168
	1062 10.2163
	1063 10.216
	1064 10.2159
	1065 10.216
	1066 10.2163
	1067 10.2168
	1068 10.2175
	1069 10.2184
	54 10.2195
LINE 54 60 146.669 14
	1070 11.3752
	1071 10.9749
	1072 10.6298
	1073 10.3454
	1074 10.1269
	1075 9.97856
	1076 9.90357
	1077 9.90357
	1078 9.97856
	1079 10.1269
	1080 10.3454
	1081 10.6298
	1082 10.9749
	60 11.3752
LINE 55 56 195.528 19
	1083 10.8983
	1084 10.7013
	1085 10.5244
	1086 10.3687
	1087 10.235
	1088 10.1244
	1089 10.0375
	1090 9.97496
	1091 9.93725
	1092 9.92465
	1093 9.93725
	1094 9.97496
	1095 10.0375
	1096 10.1244
	1097 10.235
	1098 10.3687
	1099 10.5244
	1100 10.7013
	56 10.8983
LINE 57 61 87.6799 8
	1101 11.3963
	1102 11.0266
	1103 10.773
	1104 10.644
	1105 10.644
	1106 10.773
	1107 11.0266
	61 11.3963
LINE 58 59 137.873 13
	1108 10.7874
	1109 10.6972
	1110 10.6227
	1111 10.5644
	1112 10.5226
	1113 10.4975
	1114 10.4891
	1115 10.4975
	1116 10.5226
	1117 10.5644
	1118 10.6227
	1119 10.6972
	59 10.7874
LINE 59 62 173.992 16
	1120 11.7822
	1121 11.4321
	1122 11.1233
	1123 10.8592
	1124 10.6432
	1125 10.4783
	1126 10.3669
	1127 10.3108
	1128 10.3108
	1129 10.3669
	1130 10.4783
	1131 10.6432
	1132 10.8592
	1133 11.1233
	1134 11.4321
	62 11.7822
LINE 60 63 144.731 14
	1135 10.5257
	1136 10.4397
	1137 10.3675
	1138 10.3094
	1139 10.2655
	1140 10.2362
	1141 10.2215
	1142 10.2215
	1143 10.2362
	1144 10.2655
	1145 10.3094
	1146 10.3675
	1147 10.4397
	63 10.5257
COORDENADAS :
1	94.7253	785.27
2	165.723	779.239
3	415.802	784.399
4	470.077	754.518
5	604.21	808.607
6	662.649	760.746
7	785.185	802.331
8	114.721	665.245
9	168.188	657.851
10	282.418	655.757
11	426.678	699.793
12	461.944	718.449
13	602.811	684.678
14	659.662	671.44
15	785.625	700.239
16	912.92	656.056
17	216.011	564.149
18	402.587	592.987
19	527.033	586.898
20	573.224	575.507
21	712.939	578.436
22	791.831	597.02
23	865.364	623.369
24	311.096	465.02
25	390.137	504.273
26	528.101	508.744
27	603.104	497.943
28	724.416	502.63
29	778.475	494.159
30	878.515	492.835
31	108.054	371.709
32	196.456	388.943
33	324.832	401.346
34	511.749	398.094
35	689.391	410.372
36	810.376	423.683
37	872.512	398.522
38	121.876	295.849
39	222.476	289.846
40	292.446	285.939
41	420.442	320.286
42	470.993	272.096
43	672.399	305.593
44	824.067	298.214
45	861.083	299.353
46	60.6044	193.403
47	196.302	185.702
48	262.484	224.181
49	367.131	196.522
50	461.713	166.554
51	604.405	177.729
52	680.305	200.209
53	786.926	184.384
54	873.702	201.955
55	169.84	89.2865
56	293.723	110.649
57	388.643	54.7746
58	481.952	80.7712
59	567.188	112.371
60	909.519	116.838
61	403.221	0
62	594.202	5.83636
63	909.79	21.4548
64	20.9845	569.994
65	729.542	101.632
66	640.193	327.024
67	793.896	18.4083
68	0	195.211
69	211.768	668.489
70	101.098	783.759
71	107.487	782.44
72	113.892	781.314
73	120.314	780.38
74	126.752	779.639
75	133.206	779.091
76	139.677	778.736
77	146.164	778.573
78	152.667	778.602
79	159.187	778.825
80	100.903	781.115
81	106.81	776.804
82	112.447	772.337
83	117.813	767.714
84	122.91	762.935
85	127.736	758
86	132.291	752.91
87	136.577	747.663
88	140.592	742.261
89	144.336	736.703
90	147.811	730.989
91	151.015	725.12
92	153.949	719.094
93	156.612	712.913
94	159.005	706.575
95	161.128	700.082
96	162.98	693.433
97	164.563	686.629
98	165.875	679.668
99	166.916	672.551
100	167.687	665.279
101	165.501	772.488
102	165.321	765.738
103	165.184	758.989
104	165.089	752.24
105	165.036	745.493
106	165.025	738.746
107	165.056	732
108	165.13	725.255
109	165.246	718.51
110	165.404	711.767
111	165.604	705.025
112	165.846	698.283
113	166.131	691.542
114	166.458	684.802
115	166.827	678.063
116	167.239	671.325
117	167.692	664.587
118	408.709	781.866
119	401.782	779.162
120	395.02	776.286
121	388.424	773.239
122	381.994	770.019
123	375.729	766.629
124	369.63	763.066
125	363.696	759.332
126	357.928	755.426
127	352.325	751.348
128	346.888	747.098
129	341.617	742.677
130	336.511	738.085
131	331.571	733.32
132	326.797	728.384
133	322.188	723.276
134	317.744	717.996
135	313.467	712.545
136	309.354	706.922
137	305.408	701.127
138	301.627	695.161
139	298.011	689.023
140	294.562	682.713
141	291.277	676.232
142	288.159	669.579
143	285.206	662.754
144	413.232	777.453
145	411.23	770.58
146	409.796	763.78
147	408.93	757.052
148	408.631	750.398
149	408.9	743.817
150	409.736	737.309
151	411.141	730.874
152	413.113	724.512
153	415.653	718.223
154	418.76	712.006
155	422.435	705.863
156	475.177	760.286
157	480.406	765.734
158	485.764	770.863
159	491.25	775.672
160	496.865	780.163
161	502.609	784.334
162	508.482	788.187
163	514.483	791.72
164	520.613	794.934
165	526.871	797.829
166	533.259	800.404
167	539.775	802.661
168	546.42	804.598
169	553.193	806.216
170	560.095	807.515
171	567.126	808.495
172	574.285	809.156
173	581.574	809.497
174	588.991	809.52
175	596.536	809.223
176	467.86	747.362
177	465.172	740.579
178	462.012	734.171
179	458.38	728.137
180	454.276	722.477
181	449.7	717.192
182	444.653	712.281
183	439.133	707.744
184	433.141	703.581
185	471.185	746.688
186	470.926	739.166
187	469.3	731.952
188	466.305	725.046
189	607.706	802.038
190	611.565	795.912
191	615.788	790.23
192	620.373	784.991
193	625.322	780.196
194	630.635	775.845
195	636.311	771.938
196	642.35	768.474
197	648.753	765.454
198	655.519	762.878
199	668.898	763.524
200	675.169	766.238
201	681.462	768.886
202	687.778	771.468
203	694.116	773.984
204	700.476	776.435
205	706.859	778.821
206	713.264	781.141
207	719.691	783.395
208	726.14	785.584
209	732.611	787.707
210	739.105	789.764
211	745.621	791.756
212	752.159	793.683
213	758.72	795.543
214	765.303	797.339
215	771.908	799.068
216	778.535	800.732
217	656.954	756.43
218	651.478	751.942
219	646.221	747.282
220	641.182	742.45
221	636.361	737.447
222	631.759	732.271
223	627.376	726.924
224	623.211	721.404
225	619.265	715.713
226	615.537	709.85
227	612.028	703.815
228	608.737	697.608
229	605.665	691.229
230	661.042	753.922
231	659.665	747.091
232	658.517	740.252
233	657.598	733.405
234	656.91	726.551
235	656.45	719.689
236	656.221	712.819
237	656.22	705.942
238	656.45	699.057
239	656.909	692.164
240	657.597	685.264
241	658.515	678.356
242	787.603	795.535
243	789.681	788.738
244	791.417	781.939
245	792.811	775.139
246	793.865	768.337
247	794.577	761.534
248	794.947	754.729
249	794.977	747.923
250	794.665	741.116
251	794.011	734.307
252	793.017	727.496
253	791.681	720.684
254	790.003	713.871
255	787.985	707.056
256	122.296	663.188
257	129.596	660.855
258	136.621	658.247
259	143.371	655.362
260	149.845	652.203
261	156.044	648.767
262	161.969	645.056
263	167.617	641.069
264	172.991	636.806
265	178.09	632.268
266	182.913	627.454
267	187.461	622.364
268	191.734	616.999
269	195.732	611.357
270	199.455	605.44
271	202.902	599.248
272	206.074	592.779
273	208.971	586.035
274	211.593	579.015
275	213.94	571.72
276	169.176	650.973
277	170.431	644.232
278	171.953	637.627
279	173.741	631.157
280	175.796	624.824
281	178.118	618.628
282	180.707	612.567
283	183.562	606.643
284	186.685	600.854
285	190.074	595.202
286	193.73	589.686
287	197.653	584.306
288	201.842	579.063
289	206.298	573.955
290	211.021	568.984
291	468.438	715.949
292	474.954	713.539
293	481.491	711.218
294	488.049	708.986
295	494.629	706.843
296	501.23	704.789
297	507.852	702.824
298	514.496	700.948
299	521.162	699.162
300	527.848	697.465
301	534.556	695.857
302	541.285	694.338
303	548.036	692.908
304	554.808	691.567
305	561.602	690.316
306	568.416	689.153
307	575.253	688.08
308	582.11	687.096
309	588.989	686.201
310	595.89	685.395
311	465.478	712.754
312	468.958	707.032
313	472.382	701.283
314	475.752	695.507
315	479.067	689.704
316	482.327	683.874
317	485.533	678.016
318	488.683	672.132
319	491.779	666.22
320	494.82	660.281
321	497.805	654.315
322	500.737	648.322
323	503.613	642.301
324	506.434	636.254
325	509.201	630.18
326	511.913	624.078
327	514.57	617.949
328	517.172	611.793
329	519.719	605.61
330	522.212	599.4
331	524.65	593.163
332	609.875	686.415
333	616.752	687.349
334	623.442	687.482
335	629.946	686.813
336	636.262	685.342
337	642.392	683.069
338	648.336	679.995
339	654.092	676.118
340	606.95	679.386
341	611.148	674.155
342	615.404	668.985
343	619.72	663.876
344	624.095	658.828
345	628.529	653.841
346	633.022	648.916
347	637.574	644.052
348	642.185	639.249
349	646.855	634.508
350	651.584	629.827
351	656.372	625.208
352	661.219	620.65
353	666.126	616.153
354	671.091	611.718
355	676.115	607.343
356	681.199	603.03
357	686.341	598.778
358	691.543	594.587
359	696.803	590.458
360	702.123	586.389
361	707.502	582.382
362	666.954	670.058
363	674.173	668.998
364	681.318	668.259
365	688.389	667.843
366	695.387	667.749
367	702.311	667.977
368	709.161	668.527
369	715.938	669.399
370	722.641	670.592
371	729.271	672.108
372	735.827	673.946
373	742.309	676.106
374	748.718	678.587
375	755.053	681.391
376	761.315	684.517
377	767.503	687.964
378	773.617	691.734
379	779.658	695.826
380	659.924	663.87
381	660.595	656.534
382	661.675	649.432
383	663.164	642.565
384	665.062	635.932
385	667.369	629.534
386	670.086	623.369
387	673.211	617.44
388	676.745	611.744
389	680.689	606.283
390	685.041	601.056
391	689.803	596.063
392	694.973	591.305
393	700.553	586.781
394	706.542	582.491
395	792.665	699.976
396	799.634	699.507
397	806.532	698.834
398	813.358	697.956
399	820.114	696.873
400	826.799	695.586
401	833.412	694.094
402	839.955	692.396
403	846.426	690.494
404	852.827	688.388
405	859.156	686.076
406	865.414	683.56
407	871.601	680.839
408	877.717	677.913
409	883.762	674.782
410	889.736	671.446
411	895.638	667.906
412	901.47	664.161
413	907.231	660.211
414	781.987	693.114
415	778.928	686.024
416	776.447	678.969
417	774.546	671.948
418	773.223	664.963
419	772.479	658.012
420	772.314	651.096
421	772.728	644.215
422	773.72	637.368
423	775.292	630.556
424	777.442	623.779
425	780.171	617.037
426	783.479	610.33
427	787.365	603.658
428	907.922	652.009
429	902.852	648.066
430	897.711	644.226
431	892.498	640.49
432	887.214	636.858
433	881.858	633.33
434	876.432	629.906
435	870.934	626.586
436	220.54	558.976
437	225.092	553.825
438	229.668	548.698
439	234.268	543.593
440	238.891	538.512
441	243.538	533.453
442	248.21	528.416
443	252.904	523.403
444	257.623	518.412
445	262.365	513.445
446	267.131	508.5
447	271.921	503.577
448	276.735	498.678
449	281.572	493.801
450	286.433	488.947
451	291.318	484.116
452	296.227	479.308
453	301.16	474.523
454	306.116	469.76
455	399.744	586.427
456	397.215	579.823
457	395.001	573.175
458	393.101	566.484
459	391.515	559.748
460	390.243	552.968
461	389.285	546.143
462	388.641	539.275
463	388.312	532.363
464	388.297	525.406
465	388.596	518.406
466	389.209	511.361
467	527.558	580.391
468	528.004	573.883
469	528.371	567.374
470	528.658	560.864
471	528.866	554.353
472	528.995	547.84
473	529.044	541.327
474	529.014	534.813
475	528.905	528.297
476	528.716	521.78
477	528.448	515.263
478	579.805	579.06
479	586.394	582.27
480	592.99	585.14
481	599.593	587.668
482	606.203	589.855
483	612.82	591.701
484	619.445	593.206
485	626.077	594.369
486	632.715	595.191
487	639.361	595.672
488	646.015	595.811
489	652.675	595.609
490	659.342	595.066
491	666.017	594.182
492	672.699	592.956
493	679.388	591.39
494	686.084	589.481
495	692.787	587.232
496	699.497	584.641
497	706.215	581.709
498	567.149	571.508
499	561.495	567.224
500	556.263	562.656
501	551.45	557.803
502	547.059	552.666
503	543.088	547.244
504	539.539	541.539
505	536.409	535.548
506	533.701	529.274
507	531.414	522.715
508	529.547	515.872
509	575.644	569.017
510	578.077	562.531
511	580.523	556.05
512	582.981	549.574
513	585.452	543.103
514	587.936	536.637
515	590.432	530.176
516	592.941	523.72
517	595.463	517.268
518	597.997	510.821
519	600.544	504.38
520	706.306	575.969
521	699.793	573.338
522	693.4	570.543
523	687.128	567.584
524	680.975	564.461
525	674.942	561.174
526	669.03	557.723
527	663.238	554.108
528	657.566	550.33
529	652.014	546.387
530	646.582	542.28
531	641.271	538.01
532	636.08	533.575
533	631.008	528.977
534	626.057	524.214
535	621.226	519.288
536	616.515	514.197
537	611.925	508.943
538	607.454	503.525
539	712.102	571.26
540	711.641	564.141
541	711.556	557.078
542	711.847	550.073
543	712.514	543.125
544	713.557	536.233
545	714.976	529.399
546	716.772	522.621
547	718.944	515.9
548	721.492	509.237
549	797.208	601.31
550	802.721	605.22
551	808.372	608.749
552	814.158	611.897
553	820.081	614.664
554	826.141	617.05
555	832.337	619.056
556	838.669	620.68
557	845.138	621.924
558	851.744	622.786
559	858.486	623.268
560	397.021	504.926
561	403.907	505.534
562	410.794	506.096
563	417.683	506.614
564	424.573	507.086
565	431.464	507.513
566	438.357	507.895
567	445.252	508.231
568	452.148	508.523
569	459.045	508.769
570	465.944	508.97
571	472.845	509.125
572	479.747	509.236
573	486.65	509.301
574	493.555	509.321
575	500.461	509.296
576	507.369	509.226
577	514.278	509.111
578	521.189	508.95
579	608.029	493.208
580	612.939	488.457
581	617.834	483.691
582	622.713	478.91
583	627.576	474.114
584	632.424	469.302
585	637.257	464.476
586	642.074	459.633
587	646.875	454.776
588	651.661	449.903
589	656.432	445.015
590	661.187	440.112
591	665.926	435.194
592	670.65	430.26
593	675.359	425.311
594	680.052	420.346
595	684.729	415.367
596	731.407	503.065
597	738.332	503.073
598	745.189	502.655
599	751.98	501.809
600	758.704	500.537
601	765.361	498.838
602	771.951	496.712
603	720.342	497.139
604	716.518	491.554
605	712.941	485.875
606	709.613	480.101
607	706.533	474.234
608	703.702	468.272
609	701.118	462.215
610	698.783	456.065
611	696.697	449.82
612	694.858	443.481
613	693.268	437.048
614	691.926	430.52
615	690.833	423.898
616	689.988	417.182
617	785.185	497.168
618	791.889	499.735
619	798.588	501.859
620	805.281	503.54
621	811.968	504.779
622	818.649	505.576
623	825.324	505.93
624	831.994	505.842
625	838.657	505.311
626	845.315	504.338
627	851.967	502.922
628	858.612	501.064
629	865.253	498.763
630	871.887	496.02
631	783.561	488.742
632	788.21	483.127
633	792.422	477.314
634	796.197	471.303
635	799.534	465.094
636	802.434	458.687
637	804.897	452.082
638	806.923	445.279
639	808.511	438.278
640	809.662	431.08
641	115.01	372.232
642	121.941	372.889
643	128.845	373.68
644	135.724	374.605
645	142.576	375.663
646	149.402	376.855
647	156.202	378.181
648	162.976	379.64
649	169.724	381.233
650	176.446	382.96
651	183.142	384.82
652	189.812	386.815
653	203.544	386.158
654	210.596	383.756
655	217.611	381.735
656	224.589	380.097
657	231.53	378.84
658	238.435	377.965
659	245.302	377.472
660	252.132	377.361
661	258.926	377.632
662	265.683	378.285
663	272.402	379.32
664	279.085	380.736
665	285.731	382.535
666	292.34	384.715
667	298.912	387.278
668	305.448	390.222
669	311.946	393.548
670	318.408	397.256
671	326.69	393.908
672	328.118	386.591
673	329.116	379.395
674	329.683	372.319
675	329.82	365.364
676	329.527	358.53
677	328.803	351.817
678	327.649	345.224
679	326.065	338.752
680	324.051	332.401
681	321.606	326.171
682	318.731	320.061
683	315.426	314.072
684	311.691	308.204
685	307.525	302.457
686	302.929	296.83
687	297.903	291.324
688	507.823	392.406
689	504.095	386.652
690	500.566	380.835
691	497.235	374.953
692	494.104	369.007
693	491.171	362.996
694	488.438	356.921
695	485.903	350.782
696	483.567	344.579
697	481.429	338.311
698	479.491	331.979
699	477.751	325.582
700	476.211	319.122
701	474.869	312.597
702	473.726	306.007
703	472.782	299.354
704	472.036	292.636
705	471.49	285.853
706	471.142	279.007
707	815.624	418.783
708	821.087	414.412
709	826.764	410.571
710	832.656	407.26
711	838.762	404.479
712	845.083	402.228
713	851.618	400.507
714	858.368	399.315
715	865.333	398.654
716	812.474	417.23
717	814.42	410.76
718	816.212	404.273
719	817.851	397.77
720	819.338	391.25
721	820.671	384.713
722	821.851	378.159
723	822.877	371.589
724	823.751	365.002
725	824.472	358.399
726	825.039	351.778
727	825.454	345.141
728	825.715	338.487
729	825.823	331.817
730	825.778	325.13
731	825.58	318.426
732	825.229	311.705
733	824.725	304.968
734	872.989	391.768
735	873.289	385.034
736	873.411	378.321
737	873.357	371.628
738	873.126	364.956
739	872.718	358.303
740	872.133	351.672
741	871.371	345.061
742	870.432	338.47
743	869.317	331.899
744	868.024	325.349
745	866.554	318.819
746	864.907	312.31
747	863.084	305.821
748	127.496	291.625
749	132.916	287.265
750	138.136	282.771
751	143.156	278.141
752	147.977	273.377
753	152.598	268.477
754	157.018	263.442
755	161.239	258.272
756	165.26	252.968
757	169.082	247.528
758	172.703	241.953
759	176.125	236.243
760	179.346	230.398
761	182.368	224.418
762	185.19	218.303
763	187.812	212.053
764	190.234	205.668
765	192.457	199.147
766	194.479	192.492
767	229.255	285.791
768	235.405	281.353
769	240.927	276.531
770	245.821	271.327
771	250.087	265.741
772	253.724	259.771
773	256.733	253.419
774	259.113	246.683
775	260.865	239.565
776	261.989	232.064
777	295.615	279.657
778	298.937	273.502
779	302.412	267.476
780	306.04	261.577
781	309.822	255.806
782	313.756	250.162
783	317.843	244.647
784	322.083	239.259
785	326.476	234
786	331.023	228.868
787	335.722	223.863
788	340.574	218.987
789	345.579	214.238
790	350.738	209.618
791	356.049	205.125
792	361.513	200.759
793	427.446	317.511
794	434.017	314.282
795	440.154	310.599
796	445.859	306.461
797	451.131	301.869
798	455.969	296.823
799	460.375	291.323
800	464.347	285.368
801	467.887	278.959
802	473.576	265.221
803	475.737	258.384
804	477.476	251.584
805	478.793	244.82
806	479.689	238.094
807	480.163	231.405
808	480.216	224.753
809	479.847	218.138
810	479.056	211.561
811	477.843	205.02
812	476.209	198.516
813	474.153	192.05
814	471.676	185.62
815	468.777	179.228
816	465.456	172.872
817	679.149	302.303
818	685.913	299.294
819	692.691	296.567
820	699.482	294.122
821	706.287	291.957
822	713.106	290.074
823	719.938	288.473
824	726.784	287.153
825	733.644	286.114
826	740.518	285.356
827	747.405	284.88
828	754.306	284.685
829	761.22	284.772
830	768.149	285.14
831	775.091	285.79
832	782.046	286.72
833	789.015	287.933
834	795.998	289.426
835	802.995	291.201
836	810.006	293.257
837	817.03	295.595
838	823.467	291.413
839	822.694	284.668
840	821.749	277.979
841	820.633	271.346
842	819.344	264.769
843	817.883	258.249
844	816.249	251.785
845	814.444	245.377
846	812.467	239.025
847	810.317	232.729
848	807.996	226.489
849	805.502	220.306
850	802.836	214.178
851	799.998	208.107
852	796.988	202.092
853	793.806	196.133
854	790.452	190.23
855	864.22	293.157
856	867.029	286.919
857	869.509	280.638
858	871.662	274.315
859	873.488	267.949
860	874.985	261.541
861	876.154	255.09
862	876.995	248.597
863	877.508	242.061
864	877.694	235.483
865	877.551	228.862
866	877.081	222.199
867	876.283	215.493
868	875.156	208.745
869	67.5382	195.643
870	74.4564	197.606
871	81.3589	199.293
872	88.2456	200.703
873	95.1168	201.838
874	101.972	202.696
875	108.812	203.278
876	115.636	203.583
877	122.444	203.612
878	129.237	203.366
879	136.014	202.842
880	142.776	202.043
881	149.521	200.967
882	156.251	199.615
883	162.966	197.987
884	169.664	196.082
885	176.347	193.902
886	183.014	191.445
887	189.666	188.711
888	191.602	180.08
889	187.321	174.343
890	183.46	168.491
891	180.018	162.523
892	176.996	156.441
893	174.393	150.244
894	172.21	143.931
895	170.445	137.503
896	169.101	130.961
897	168.175	124.303
898	167.669	117.53
899	167.583	110.642
900	167.916	103.638
901	168.668	96.5199
902	260.147	217.514
903	257.678	210.938
904	255.076	204.453
905	252.342	198.059
906	249.475	191.756
907	246.476	185.545
908	243.345	179.424
909	240.08	173.394
910	236.684	167.455
911	233.155	161.607
912	229.493	155.85
913	225.699	150.183
914	221.773	144.608
915	217.714	139.124
916	213.523	133.731
917	209.199	128.429
918	204.743	123.218
919	200.154	118.097
920	195.433	113.068
921	190.579	108.13
922	185.593	103.283
923	180.474	98.5262
924	175.223	93.8609
925	372.812	192.553
926	378.582	188.865
927	384.441	185.458
928	390.389	182.334
929	396.427	179.491
930	402.554	176.93
931	408.77	174.65
932	415.076	172.652
933	421.471	170.936
934	427.955	169.502
935	434.528	168.349
936	441.19	167.478
937	447.942	166.888
938	454.783	166.58
939	371.177	190.231
940	374.921	183.894
941	378.363	177.511
942	381.503	171.082
943	384.341	164.607
944	386.876	158.087
945	389.109	151.52
946	391.04	144.908
947	392.669	138.25
948	393.996	131.546
949	395.02	124.796
950	395.742	118
951	396.162	111.159
952	396.28	104.271
953	396.096	97.3377
954	395.609	90.3585
955	394.82	83.3335
956	393.729	76.2626
957	392.336	69.1458
958	390.641	61.9831
959	468.286	169.917
960	474.882	172.997
961	481.499	175.793
962	488.139	178.307
963	494.801	180.537
964	501.485	182.485
965	508.191	184.149
966	514.919	185.53
967	521.67	186.629
968	528.442	187.444
969	535.237	187.976
970	542.054	188.225
971	548.893	188.191
972	555.755	187.874
973	562.638	187.274
974	569.544	186.391
975	576.472	185.225
976	583.422	183.775
977	590.394	182.043
978	597.388	180.028
979	459.9	159.16
980	458.648	151.899
981	457.958	144.77
982	457.83	137.774
983	458.263	130.91
984	459.259	124.179
985	460.815	117.58
986	462.934	111.114
987	465.614	104.78
988	468.856	98.5794
989	472.66	92.5108
990	477.025	86.5747
991	600.672	171.504
992	596.795	165.461
993	592.773	159.601
994	588.606	153.924
995	584.295	148.43
996	579.839	143.118
997	575.238	137.989
998	570.493	133.043
999	565.603	128.279
1000	560.568	123.698
1001	555.388	119.3
1002	550.064	115.084
1003	544.596	111.051
1004	538.982	107.201
1005	533.224	103.534
1006	527.322	100.049
1007	521.274	96.7468
1008	515.082	93.6274
1009	508.746	90.6908
1010	502.264	87.9368
1011	495.638	85.3656
1012	488.868	82.977
1013	601.353	171.599
1014	598.235	165.506
1015	595.05	159.451
1016	591.799	153.434
1017	588.482	147.455
1018	585.099	141.513
1019	581.649	135.609
1020	578.134	129.743
1021	574.552	123.915
1022	570.903	118.124
1023	687.424	202.287
1024	694.483	203.956
1025	701.48	205.216
1026	708.417	206.066
1027	715.293	206.508
1028	722.109	206.542
1029	728.864	206.166
1030	735.558	205.381
1031	742.191	204.188
1032	748.764	202.585
1033	755.276	200.574
1034	761.727	198.154
1035	768.118	195.324
1036	774.448	192.086
1037	780.717	188.44
1038	674.696	196.313
1039	669.109	192.389
1040	663.544	188.436
1041	658.002	184.454
1042	652.482	180.443
1043	646.984	176.404
1044	641.508	172.336
1045	636.055	168.239
1046	630.624	164.113
1047	625.215	159.959
1048	619.829	155.777
1049	614.464	151.565
1050	609.122	147.325
1051	603.803	143.056
1052	598.505	138.759
1053	593.23	134.433
1054	587.977	130.078
1055	582.747	125.694
1056	577.538	121.282
1057	572.352	116.841
1058	793.565	185.913
1059	800.21	187.413
1060	806.861	188.883
1061	813.518	190.324
1062	820.181	191.735
1063	826.85	193.116
1064	833.525	194.468
1065	840.206	195.79
1066	846.894	197.082
1067	853.587	198.345
1068	860.286	199.578
1069	866.991	200.781
1070	879.709	197.326
1071	885.186	192.474
1072	890.132	187.399
1073	894.547	182.101
1074	898.432	176.58
1075	901.786	170.835
1076	904.61	164.867
1077	906.903	158.675
1078	908.665	152.261
1079	909.897	145.623
1080	910.599	138.761
1081	910.769	131.677
1082	910.41	124.369
1083	175.85	93.3689
1084	181.916	97.1227
1085	188.04	100.548
1086	194.22	103.644
1087	200.457	106.412
1088	206.75	108.851
1089	213.101	110.962
1090	219.507	112.743
1091	225.971	114.196
1092	232.491	115.321
1093	239.068	116.116
1094	245.702	116.583
1095	252.392	116.722
1096	259.139	116.531
1097	265.942	116.012
1098	272.803	115.165
1099	279.719	113.988
1100	286.693	112.483
1101	387.815	47.2224
1102	387.744	39.8716
1103	388.43	32.7225
1104	389.874	25.7749
1105	392.075	19.0288
1106	395.033	12.4843
1107	398.749	6.14139
1108	489.093	81.627
1109	496.136	82.7453
1110	503.082	84.126
1111	509.931	85.7693
1112	516.682	87.6751
1113	523.336	89.8434
1114	529.892	92.2742
1115	536.352	94.9674
1116	542.714	97.9232
1117	548.978	101.141
1118	555.146	104.622
1119	561.216	108.366
1120	572.57	106.649
1121	577.458	100.802
1122	581.855	94.8305
1123	585.758	88.7338
1124	589.17	82.5123
1125	592.089	76.166
1126	594.516	69.6949
1127	596.451	63.0989
1128	597.893	56.378
1129	598.843	49.5323
1130	599.3	42.5618
1131	599.265	35.4664
1132	598.738	28.2461
1133	597.718	20.9011
1134	596.206	13.4311
1135	911.218	110.03
1136	912.659	103.221
1137	913.841	96.4111
1138	914.765	89.6006
1139	915.431	82.7893
1140	915.838	75.9773
1141	915.986	69.1646
1142	915.876	62.3511
1143	915.508	55.5369
1144	914.881	48.7219
1145	913.996	41.9063
1146	912.853	35.0898
1147	911.451	28.2727
