NOMBRE : MTLARP6_6_6_1.dat
VERTICES ORIGINALES : 31
VERTICES TOTALES : 347
DEPOTS : 6
26
27
28
29
30
31
LINEAS ORIGINALES : 21
LINE 1 2 205.44 19
	32 11.4774
	33 11.262
	34 11.0685
	35 10.898
	36 10.7516
	37 10.6303
	38 10.535
	39 10.4664
	40 10.425
	41 10.4112
	42 10.425
	43 10.4664
	44 10.535
	45 10.6303
	46 10.7516
	47 10.898
	48 11.0685
	49 11.262
	2 11.4774
LINE 2 7 163.026 16
	50 10.3205
	51 10.2683
	52 10.2233
	53 10.1856
	54 10.1554
	55 10.1327
	56 10.1175
	57 10.1099
	58 10.1099
	59 10.1175
	60 10.1327
	61 10.1554
	62 10.1856
	63 10.2233
	64 10.2683
	7 10.3205
LINE 3 8 107.092 10
	65 11.2749
	66 10.9047
	67 10.6185
	68 10.4234
	69 10.3244
	70 10.3244
	71 10.4234
	72 10.6185
	73 10.9047
	8 11.2749
LINE 4 9 160.333 15
	74 11.7293
	75 11.3015
	76 10.9265
	77 10.6098
	78 10.3567
	79 10.1721
	80 10.0597
	81 10.022
	82 10.0597
	83 10.1721
	84 10.3567
	85 10.6098
	86 10.9265
	87 11.3015
	9 11.7293
LINE 5 12 237.356 22
	88 11.3254
	89 11.1758
	90 11.0393
	91 10.9166
	92 10.8081
	93 10.7142
	94 10.6353
	95 10.5718
	96 10.5239
	97 10.4919
	98 10.4758
	99 10.4758
	100 10.4919
	101 10.5239
	102 10.5718
	103 10.6353
	104 10.7142
	105 10.8081
	106 10.9166
	107 11.0393
	108 11.1758
	12 11.3254
LINE 6 12 135.099 12
	109 12.4926
	110 11.8473
	111 11.3047
	112 10.8799
	113 10.5873
	114 10.4379
	115 10.4379
	116 10.5873
	117 10.8799
	118 11.3047
	119 11.8473
	12 12.4926
LINE 7 13 201.708 19
	120 10.8279
	121 10.758
	122 10.6959
	123 10.6419
	124 10.5959
	125 10.5581
	126 10.5287
	127 10.5076
	128 10.4949
	129 10.4907
	130 10.4949
	131 10.5076
	132 10.5287
	133 10.5581
	134 10.5959
	135 10.6419
	136 10.6959
	137 10.758
	13 10.8279
LINE 8 9 161.161 15
	138 11.1918
	139 11.0034
	140 10.8413
	141 10.7069
	142 10.6012
	143 10.525
	144 10.479
	145 10.4637
	146 10.479
	147 10.525
	148 10.6012
	149 10.7069
	150 10.8413
	151 11.0034
	9 11.1918
LINE 9 10 89.669 9
	152 10.244
	153 10.0353
	154 9.88356
	155 9.79137
	156 9.76045
	157 9.79137
	158 9.88356
	159 10.0353
	10 10.244
LINE 9 14 167.128 16
	160 10.8697
	161 10.7031
	162 10.5581
	163 10.4358
	164 10.3369
	165 10.2621
	166 10.2119
	167 10.1867
	168 10.1867
	169 10.2119
	170 10.2621
	171 10.3369
	172 10.4358
	173 10.5581
	174 10.7031
	14 10.8697
LINE 9 16 213.94 20
	175 11.6269
	176 11.3448
	177 11.0881
	178 10.8585
	179 10.6578
	180 10.4875
	181 10.3494
	182 10.2445
	183 10.174
	184 10.1385
	185 10.1385
	186 10.174
	187 10.2445
	188 10.3494
	189 10.4875
	190 10.6578
	191 10.8585
	192 11.0881
	193 11.3448
	16 11.6269
LINE 10 11 251.573 22
	194 13.2202
	195 12.7458
	196 12.3032
	197 11.8959
	198 11.5277
	199 11.2025
	200 10.9241
	201 10.6962
	202 10.522
	203 10.4043
	204 10.3449
	205 10.3449
	206 10.4043
	207 10.522
	208 10.6962
	209 10.9241
	210 11.2025
	211 11.5277
	212 11.8959
	213 12.3032
	214 12.7458
	11 13.2202
LINE 13 14 234.82 22
	215 11.6375
	216 11.3736
	217 11.1308
	218 10.9104
	219 10.7139
	220 10.5425
	221 10.3975
	222 10.2801
	223 10.1911
	224 10.1313
	225 10.1013
	226 10.1013
	227 10.1313
	228 10.1911
	229 10.2801
	230 10.3975
	231 10.5425
	232 10.7139
	233 10.9104
	234 11.1308
	235 11.3736
	14 11.6375
LINE 15 16 151.251 14
	236 11.835
	237 11.3775
	238 10.9817
	239 10.6545
	240 10.4023
	241 10.2307
	242 10.1439
	243 10.1439
	244 10.2307
	245 10.4023
	246 10.6545
	247 10.9817
	248 11.3775
	16 11.835
LINE 17 21 135.399 12
	249 12.6846
	250 11.9561
	251 11.3397
	252 10.8544
	253 10.5184
	254 10.3463
	255 10.3463
	256 10.5184
	257 10.8544
	258 11.3397
	259 11.9561
	21 12.6846
LINE 18 21 203.106 20
	260 10.174
	261 10.1681
	262 10.1628
	263 10.1582
	264 10.1543
	265 10.151
	266 10.1484
	267 10.1464
	268 10.1451
	269 10.1445
	270 10.1445
	271 10.1451
	272 10.1464
	273 10.1484
	274 10.151
	275 10.1543
	276 10.1582
	277 10.1628
	278 10.1681
	21 10.174
LINE 19 20 129.588 12
	279 11.0539
	280 10.9161
	281 10.8046
	282 10.7203
	283 10.6637
	284 10.6352
	285 10.6352
	286 10.6637
	287 10.7203
	288 10.8046
	289 10.9161
	20 11.0539
LINE 20 21 102.04 9
	290 12.3688
	291 11.618
	292 11.0504
	293 10.6955
	294 10.5745
	295 10.6955
	296 11.0504
	297 11.618
	21 12.3688
LINE 21 22 229.019 21
	298 11.5576
	299 11.3675
	300 11.1946
	301 11.0399
	302 10.904
	303 10.7876
	304 10.6915
	305 10.6162
	306 10.562
	307 10.5294
	308 10.5185
	309 10.5294
	310 10.562
	311 10.6162
	312 10.6915
	313 10.7876
	314 10.904
	315 11.0399
	316 11.1946
	317 11.3675
	22 11.5576
LINE 21 25 232.499 22
	318 10.912
	319 10.8153
	320 10.7275
	321 10.6489
	322 10.5796
	323 10.5198
	324 10.4698
	325 10.4295
	326 10.3993
	327 10.3791
	328 10.3689
	329 10.3689
	330 10.3791
	331 10.3993
	332 10.4295
	333 10.4698
	334 10.5198
	335 10.5796
	336 10.6489
	337 10.7275
	338 10.8153
	25 10.912
LINE 23 24 103.876 10
	339 10.8153
	340 10.5343
	341 10.3185
	342 10.172
	343 10.098
	344 10.098
	345 10.172
	346 10.3185
	347 10.5343
	24 10.8153
COORDENADAS :
1	117.222	557.872
2	64.0136	437.208
3	119.891	408.917
4	263.7	429.733
5	417.385	431.739
6	557.737	424.856
7	26.0666	336.276
8	154.253	349.374
9	257.03	329.735
10	315.107	322.211
11	464.924	298.921
12	542.687	342.873
13	36.3315	203.792
14	172.95	260.961
15	244.964	220.684
16	339.517	222.713
17	465.785	218.646
18	538.423	215.497
19	275.304	117.31
20	358.239	136.174
21	420.215	149.756
22	565.257	124.3
23	241.559	58.7759
24	308.419	66.0884
25	446.577	0
26	243.977	609.29
27	358.953	586.346
28	48.5061	628.571
29	215.961	630.274
30	0	406.567
31	500.406	60.5242
32	117.369	550.222
33	117.188	542.716
34	116.679	535.355
35	115.843	528.138
36	114.68	521.065
37	113.189	514.137
38	111.371	507.353
39	109.226	500.713
40	106.753	494.218
41	103.952	487.867
42	100.824	481.661
43	97.369	475.599
44	93.5862	469.681
45	89.476	463.908
46	85.0384	458.279
47	80.2734	452.795
48	75.1809	447.455
49	69.761	442.259
50	60.3448	431.387
51	56.849	425.502
52	53.5261	419.551
53	50.3761	413.536
54	47.3991	407.455
55	44.595	401.309
56	41.9639	395.099
57	39.5057	388.823
58	37.2205	382.482
59	35.1083	376.076
60	33.1689	369.606
61	31.4026	363.07
62	29.8092	356.469
63	28.3887	349.803
64	27.1412	343.072
65	120.694	401.443
66	122.083	394.307
67	124.057	387.509
68	126.615	381.048
69	129.759	374.925
70	133.488	369.14
71	137.802	363.692
72	142.7	358.582
73	148.184	353.809
74	267.309	422.796
75	270.339	415.898
76	272.789	409.038
77	274.661	402.217
78	275.954	395.435
79	276.667	388.691
80	276.802	381.986
81	276.357	375.319
82	275.333	368.691
83	273.731	362.102
84	271.549	355.551
85	268.788	349.039
86	265.448	342.566
87	261.528	336.131
88	424.742	430.043
89	431.941	428.123
90	438.982	425.981
91	445.864	423.615
92	452.588	421.026
93	459.154	418.214
94	465.562	415.179
95	471.812	411.92
96	477.903	408.439
97	483.836	404.734
98	489.61	400.806
99	495.227	396.656
100	500.685	392.281
101	505.985	387.684
102	511.127	382.864
103	516.11	377.82
104	520.935	372.554
105	525.602	367.064
106	530.111	361.351
107	534.461	355.415
108	538.653	349.256
109	551.963	418.854
110	547.011	412.701
111	542.881	406.397
112	539.573	399.942
113	537.086	393.336
114	535.421	386.58
115	534.578	379.673
116	534.556	372.614
117	535.356	365.405
118	536.978	358.046
119	539.422	350.535
120	24.8246	329.165
121	23.7806	322.07
122	22.9347	314.99
123	22.2868	307.925
124	21.8369	300.875
125	21.585	293.841
126	21.5312	286.822
127	21.6754	279.818
128	22.0176	272.83
129	22.5579	265.857
130	23.2962	258.9
131	24.2325	251.958
132	25.3668	245.031
133	26.6992	238.119
134	28.2296	231.223
135	29.9581	224.342
136	31.8845	217.477
137	34.009	210.627
138	161.602	350.665
139	168.879	351.585
140	176.086	352.133
141	183.222	352.309
142	190.287	352.115
143	197.28	351.548
144	204.203	350.61
145	211.055	349.301
146	217.836	347.62
147	224.546	345.568
148	231.184	343.145
149	237.752	340.349
150	244.249	337.183
151	250.675	333.645
152	263.75	330.955
153	270.402	331.662
154	276.989	331.854
155	283.508	331.532
156	289.961	330.696
157	296.348	329.346
158	302.668	327.482
159	308.921	325.103
160	250.171	327.398
161	243.525	324.799
162	237.094	321.939
163	230.876	318.818
164	224.873	315.435
165	219.083	311.79
166	213.507	307.884
167	208.145	303.716
168	202.997	299.287
169	198.063	294.597
170	193.343	289.645
171	188.836	284.431
172	184.544	278.956
173	180.465	273.219
174	176.601	267.221
175	258.145	322.064
176	259.577	314.638
177	261.325	307.456
178	263.39	300.517
179	265.772	293.823
180	268.471	287.374
181	271.487	281.168
182	274.819	275.206
183	278.468	269.489
184	282.434	264.016
185	286.717	258.787
186	291.316	253.802
187	296.233	249.061
188	301.466	244.565
189	307.015	240.312
190	312.882	236.304
191	319.066	232.54
192	325.566	229.02
193	332.383	225.745
194	321.073	315.724
195	327.12	309.753
196	333.246	304.3
197	339.453	299.364
198	345.741	294.945
199	352.108	291.042
200	358.557	287.657
201	365.085	284.789
202	371.694	282.438
203	378.383	280.603
204	385.153	279.286
205	392.003	278.486
206	398.933	278.203
207	405.944	278.437
208	413.035	279.188
209	420.207	280.456
210	427.459	282.241
211	434.791	284.543
212	442.204	287.362
213	449.697	290.698
214	457.27	294.551
215	41.0526	209.948
216	45.9154	215.766
217	50.9201	221.245
218	56.0665	226.385
219	61.3548	231.186
220	66.7848	235.648
221	72.3567	239.772
222	78.0703	243.556
223	83.9257	247.002
224	89.923	250.109
225	96.062	252.877
226	102.343	255.306
227	108.765	257.397
228	115.33	259.148
229	122.036	260.561
230	128.884	261.635
231	135.874	262.369
232	143.005	262.766
233	150.279	262.823
234	157.694	262.541
235	165.251	261.921
236	251.806	216.753
237	258.633	213.449
238	265.448	210.773
239	272.248	208.723
240	279.036	207.301
241	285.81	206.505
242	292.57	206.337
243	299.317	206.795
244	306.051	207.881
245	312.771	209.593
246	319.478	211.933
247	326.171	214.899
248	332.85	218.493
249	466.085	210.195
250	465.639	202.236
251	464.449	194.771
252	462.514	187.798
253	459.834	181.318
254	456.409	175.331
255	452.239	169.837
256	447.325	164.835
257	441.665	160.326
258	435.26	156.31
259	428.11	152.787
260	532.764	211.758
261	527.078	208.067
262	521.366	204.423
263	515.628	200.827
264	509.863	197.278
265	504.071	193.777
266	498.254	190.324
267	492.409	186.918
268	486.539	183.56
269	480.642	180.249
270	474.718	176.986
271	468.768	173.77
272	462.791	170.602
273	456.788	167.481
274	450.759	164.408
275	444.703	161.383
276	438.621	158.405
277	432.512	155.474
278	426.377	152.592
279	281.768	120.849
280	288.313	124.031
281	294.94	126.854
282	301.648	129.32
283	308.437	131.429
284	315.307	133.18
285	322.259	134.573
286	329.293	135.608
287	336.407	136.286
288	343.603	136.606
289	350.881	136.569
290	366.041	133.505
291	373.614	131.88
292	380.958	131.3
293	388.073	131.765
294	394.96	133.274
295	401.617	135.828
296	408.045	139.426
297	414.245	144.069
298	426.57	145.399
299	432.98	141.357
300	439.445	137.628
301	445.966	134.215
302	452.541	131.115
303	459.172	128.331
304	465.858	125.861
305	472.599	123.705
306	479.395	121.864
307	486.247	120.337
308	493.154	119.125
309	500.116	118.227
310	507.133	117.644
311	514.205	117.375
312	521.333	117.421
313	528.515	117.781
314	535.753	118.456
315	543.046	119.445
316	550.395	120.749
317	557.798	122.368
318	419.179	142.556
319	418.355	135.393
320	417.745	128.267
321	417.347	121.179
322	417.162	114.129
323	417.19	107.116
324	417.43	100.14
325	417.883	93.2016
326	418.55	86.3009
327	419.429	79.4375
328	420.521	72.6117
329	421.825	65.8233
330	423.343	59.0724
331	425.073	52.359
332	427.016	45.683
333	429.172	39.0444
334	431.541	32.4434
335	434.123	25.8798
336	436.917	19.3536
337	439.924	12.865
338	443.144	6.41375
339	248.527	56.9244
340	255.433	55.6469
341	262.276	54.9433
342	269.056	54.8136
343	275.774	55.2579
344	282.428	56.2761
345	289.02	57.8683
346	295.549	60.0344
347	302.015	62.7744
