NOMBRE : MTLARP5_8_4_1.dat
VERTICES ORIGINALES : 34
VERTICES TOTALES : 411
DEPOTS : 4
31
32
33
34
LINEAS ORIGINALES : 25
LINE 1 2 192.012 17
	35 13.0923
	36 12.4634
	37 11.8915
	38 11.3852
	39 10.9536
	40 10.6057
	41 10.3501
	42 10.1936
	43 10.1409
	44 10.1936
	45 10.3501
	46 10.6057
	47 10.9536
	48 11.3852
	49 11.8915
	50 12.4634
	2 13.0923
LINE 3 4 142.701 13
	51 11.7682
	52 11.384
	53 11.0597
	54 10.8007
	55 10.6119
	56 10.4969
	57 10.4583
	58 10.4969
	59 10.6119
	60 10.8007
	61 11.0597
	62 11.384
	4 11.7682
LINE 4 5 163.952 16
	63 10.888
	64 10.6385
	65 10.42
	66 10.2343
	67 10.0833
	68 9.9685
	69 9.89125
	70 9.8524
	71 9.8524
	72 9.89125
	73 9.9685
	74 10.0833
	75 10.2343
	76 10.42
	77 10.6385
	5 10.888
LINE 4 11 158.107 16
	78 9.90549
	79 9.89598
	80 9.88782
	81 9.88102
	82 9.87557
	83 9.87148
	84 9.86876
	85 9.86739
	86 9.86739
	87 9.86876
	88 9.87148
	89 9.87557
	90 9.88102
	91 9.88782
	92 9.89598
	11 9.90549
LINE 6 13 112.585 10
	93 12.4434
	94 11.682
	95 11.0767
	96 10.654
	97 10.4363
	98 10.4363
	99 10.654
	100 11.0767
	101 11.682
	13 12.4434
LINE 7 8 109.428 11
	102 10.3256
	103 10.1022
	104 9.92499
	105 9.79643
	106 9.71847
	107 9.69235
	108 9.71847
	109 9.79643
	110 9.92499
	111 10.1022
	8 10.3256
LINE 7 14 123.358 12
	112 10.293
	113 10.2858
	114 10.28
	115 10.2757
	116 10.2728
	117 10.2714
	118 10.2714
	119 10.2728
	120 10.2757
	121 10.28
	122 10.2858
	14 10.293
LINE 8 9 239.984 24
	123 10.0375
	124 10.0276
	125 10.0185
	126 10.0104
	127 10.0031
	128 9.99679
	129 9.99134
	130 9.9868
	131 9.98316
	132 9.98044
	133 9.97862
	134 9.97771
	135 9.97771
	136 9.97862
	137 9.98044
	138 9.98316
	139 9.9868
	140 9.99134
	141 9.99679
	142 10.0031
	143 10.0104
	144 10.0185
	145 10.0276
	9 10.0375
LINE 8 16 277.027 27
	146 10.5825
	147 10.5093
	148 10.4415
	149 10.3792
	150 10.3225
	151 10.2716
	152 10.2264
	153 10.1871
	154 10.1537
	155 10.1263
	156 10.1049
	157 10.0896
	158 10.0804
	159 10.0774
	160 10.0804
	161 10.0896
	162 10.1049
	163 10.1263
	164 10.1537
	165 10.1871
	166 10.2264
	167 10.2716
	168 10.3225
	169 10.3792
	170 10.4415
	171 10.5093
	16 10.5825
LINE 9 10 90.1159 9
	172 10.0378
	173 10.0191
	174 10.0058
	175 9.99772
	176 9.99504
	177 9.99772
	178 10.0058
	179 10.0191
	10 10.0378
LINE 9 17 182.407 18
	180 10.1817
	181 10.1648
	182 10.15
	183 10.1373
	184 10.1267
	185 10.1182
	186 10.1118
	187 10.1076
	188 10.1054
	189 10.1054
	190 10.1076
	191 10.1118
	192 10.1182
	193 10.1267
	194 10.1373
	195 10.15
	196 10.1648
	17 10.1817
LINE 10 11 159.142 16
	197 10.0597
	198 10.0146
	199 9.97578
	200 9.94329
	201 9.91723
	202 9.89763
	203 9.88455
	204 9.878
	205 9.878
	206 9.88455
	207 9.89763
	208 9.91723
	209 9.94329
	210 9.97578
	211 10.0146
	11 10.0597
LINE 12 18 286.725 28
	212 10.2403
	213 10.2403
	214 10.2403
	215 10.2402
	216 10.2402
	217 10.2402
	218 10.2402
	219 10.2401
	220 10.2401
	221 10.2401
	222 10.2401
	223 10.2401
	224 10.2401
	225 10.2401
	226 10.2401
	227 10.2401
	228 10.2401
	229 10.2401
	230 10.2401
	231 10.2401
	232 10.2401
	233 10.2402
	234 10.2402
	235 10.2402
	236 10.2402
	237 10.2403
	238 10.2403
	18 10.2403
LINE 14 15 191.219 19
	239 10.4188
	240 10.3025
	241 10.1988
	242 10.1081
	243 10.0306
	244 9.96685
	245 9.91695
	246 9.88115
	247 9.8596
	248 9.85241
	249 9.8596
	250 9.88115
	251 9.91695
	252 9.96685
	253 10.0306
	254 10.1081
	255 10.1988
	256 10.3025
	15 10.4188
LINE 16 22 178.172 17
	257 11.2865
	258 10.9945
	259 10.735
	260 10.5104
	261 10.3231
	262 10.1749
	263 10.0678
	264 10.003
	265 9.98125
	266 10.003
	267 10.0678
	268 10.1749
	269 10.3231
	270 10.5104
	271 10.735
	272 10.9945
	22 11.2865
LINE 16 23 182.795 17
	273 11.4841
	274 11.218
	275 10.9822
	276 10.7786
	277 10.6091
	278 10.4754
	279 10.3789
	280 10.3205
	281 10.301
	282 10.3205
	283 10.3789
	284 10.4754
	285 10.6091
	286 10.7786
	287 10.9822
	288 11.218
	23 11.4841
LINE 18 19 171.027 17
	289 10.0785
	290 10.0718
	291 10.0659
	292 10.0609
	293 10.0568
	294 10.0536
	295 10.0514
	296 10.05
	297 10.0496
	298 10.05
	299 10.0514
	300 10.0536
	301 10.0568
	302 10.0609
	303 10.0659
	304 10.0718
	19 10.0785
LINE 19 20 55.5123 5
	305 11.9728
	306 10.6782
	307 10.2103
	308 10.6782
	20 11.9728
LINE 20 21 179.628 17
	309 11.6318
	310 11.2497
	311 10.9077
	312 10.6098
	313 10.3596
	314 10.1608
	315 10.0163
	316 9.92865
	317 9.89925
	318 9.92865
	319 10.0163
	320 10.1608
	321 10.3596
	322 10.6098
	323 10.9077
	324 11.2497
	21 11.6318
LINE 20 28 148.498 14
	325 11.7338
	326 11.2361
	327 10.8039
	328 10.4453
	329 10.168
	330 9.97885
	331 9.88293
	332 9.88293
	333 9.97885
	334 10.168
	335 10.4453
	336 10.8039
	337 11.2361
	28 11.7338
LINE 22 29 227.844 21
	338 12.1939
	339 11.8131
	340 11.4618
	341 11.1425
	342 10.8583
	343 10.6118
	344 10.4058
	345 10.2427
	346 10.1246
	347 10.0531
	348 10.0291
	349 10.0531
	350 10.1246
	351 10.2427
	352 10.4058
	353 10.6118
	354 10.8583
	355 11.1425
	356 11.4618
	357 11.8131
	29 12.1939
LINE 23 24 166.89 16
	358 10.9604
	359 10.7532
	360 10.5723
	361 10.4192
	362 10.295
	363 10.2009
	364 10.1377
	365 10.106
	366 10.106
	367 10.1377
	368 10.2009
	369 10.295
	370 10.4192
	371 10.5723
	372 10.7532
	24 10.9604
LINE 25 26 171.444 17
	373 10.147
	374 10.1238
	375 10.1036
	376 10.0865
	377 10.0725
	378 10.0616
	379 10.0538
	380 10.0492
	381 10.0476
	382 10.0492
	383 10.0538
	384 10.0616
	385 10.0725
	386 10.0865
	387 10.1036
	388 10.1238
	26 10.147
LINE 26 27 88.5233 9
	389 9.94094
	390 9.86245
	391 9.80599
	392 9.77196
	393 9.76059
	394 9.77196
	395 9.80599
	396 9.86245
	27 9.94094
LINE 29 30 158.538 16
	397 9.92505
	398 9.91849
	399 9.91286
	400 9.90816
	401 9.90441
	402 9.90159
	403 9.89971
	404 9.89877
	405 9.89877
	406 9.89971
	407 9.90159
	408 9.90441
	409 9.90816
	410 9.91286
	411 9.91849
	30 9.92505
COORDENADAS :
1	106.21	409.752
2	217.631	437.938
3	530.728	440.716
4	611.09	398.793
5	703.565	448.609
6	180.276	326.373
7	324.228	320.017
8	385.146	356.635
9	542.316	328.65
10	602.038	323.202
11	704.068	349.47
12	0	222.109
13	196.851	258.99
14	298.665	241.925
15	417.528	203.901
16	531.111	248.943
17	605.655	225.245
18	140.13	92.1043
19	247.443	130.263
20	281.354	127.374
21	391.404	149.195
22	521.692	136.214
23	591.668	149.133
24	686.452	97.8765
25	29.8376	12.1662
26	143.694	10.2072
27	201.361	0
28	329.135	48.605
29	427.379	32.1982
30	530.124	7.87225
31	285.902	324.095
32	420.598	452.578
33	636.889	146.615
34	63.9709	327.544
35	114.118	406.058
36	121.857	403.033
37	129.427	400.678
38	136.827	398.991
39	144.058	397.973
40	151.12	397.624
41	158.012	397.944
42	164.736	398.933
43	171.29	400.591
44	177.675	402.918
45	183.891	405.914
46	189.937	409.579
47	195.814	413.913
48	201.522	418.916
49	207.061	424.588
50	212.431	430.929
51	538.574	440.68
52	546.142	440.113
53	553.433	439.014
54	560.446	437.384
55	567.182	435.222
56	573.641	432.529
57	579.823	429.304
58	585.727	425.548
59	591.354	421.26
60	596.704	416.441
61	601.776	411.09
62	606.572	405.207
63	618.338	399.18
64	625.39	399.931
65	632.247	401.046
66	638.908	402.523
67	645.373	404.365
68	651.642	406.57
69	657.716	409.138
70	663.593	412.07
71	669.275	415.365
72	674.761	419.024
73	680.051	423.046
74	685.146	427.432
75	690.044	432.181
76	694.747	437.293
77	699.254	442.77
78	617.172	396.223
79	623.219	393.584
80	629.229	390.877
81	635.204	388.101
82	641.142	385.258
83	647.043	382.346
84	652.909	379.366
85	658.738	376.317
86	664.531	373.2
87	670.288	370.015
88	676.008	366.762
89	681.693	363.44
90	687.341	360.05
91	692.952	356.592
92	698.528	353.065
93	177.519	318.548
94	175.743	310.966
95	174.948	303.624
96	175.135	296.524
97	176.302	289.665
98	178.45	283.047
99	181.579	276.671
100	185.689	270.536
101	190.779	264.642
102	328.543	325.38
103	333.103	330.337
104	337.907	334.886
105	342.956	339.029
106	348.249	342.765
107	353.787	346.094
108	359.57	349.016
109	365.597	351.531
110	371.869	353.639
111	378.385	355.341
112	321.673	313.648
113	319.196	307.254
114	316.796	300.835
115	314.473	294.39
116	312.227	287.92
117	310.058	281.425
118	307.967	274.905
119	305.952	268.359
120	304.015	261.789
121	302.154	255.193
122	300.371	248.571
123	391.567	354.75
124	397.999	352.928
125	404.442	351.168
126	410.896	349.47
127	417.361	347.835
128	423.838	346.263
129	430.325	344.753
130	436.824	343.306
131	443.333	341.921
132	449.854	340.598
133	456.386	339.339
134	462.93	338.141
135	469.484	337.006
136	476.049	335.934
137	482.626	334.924
138	489.213	333.977
139	495.812	333.092
140	502.422	332.27
141	509.043	331.511
142	515.676	330.813
143	522.319	330.179
144	528.973	329.607
145	535.639	329.097
146	391.831	354.38
147	398.417	351.991
148	404.905	349.468
149	411.295	346.813
150	417.586	344.024
151	423.779	341.102
152	429.873	338.046
153	435.87	334.857
154	441.767	331.535
155	447.567	328.08
156	453.268	324.491
157	458.871	320.769
158	464.375	316.914
159	469.781	312.925
160	475.089	308.803
161	480.299	304.548
162	485.41	300.159
163	490.422	295.638
164	495.337	290.982
165	500.153	286.194
166	504.87	281.272
167	509.49	276.217
168	514.011	271.029
169	518.433	265.707
170	522.757	260.252
171	526.983	254.664
172	548.895	327.43
173	555.489	326.363
174	562.097	325.451
175	568.719	324.692
176	575.355	324.086
177	582.004	323.635
178	588.668	323.337
179	595.346	323.193
180	546.543	323.339
181	550.687	317.977
182	554.747	312.564
183	558.725	307.1
184	562.619	301.585
185	566.429	296.019
186	570.156	290.402
187	573.8	284.734
188	577.361	279.015
189	580.838	273.245
190	584.232	267.423
191	587.542	261.551
192	590.769	255.627
193	593.913	249.653
194	596.974	243.627
195	599.951	237.551
196	602.844	231.423
197	608.098	326.076
198	614.2	328.785
199	620.344	331.33
200	626.531	333.711
201	632.76	335.927
202	639.031	337.98
203	645.344	339.868
204	651.7	341.592
205	658.098	343.151
206	664.538	344.547
207	671.021	345.778
208	677.545	346.845
209	684.112	347.747
210	690.722	348.486
211	697.374	349.06
212	5.03664	217.5
213	10.0709	212.889
214	15.1028	208.275
215	20.1323	203.659
216	25.1595	199.04
217	30.1843	194.419
218	35.2067	189.795
219	40.2268	185.169
220	45.2445	180.54
221	50.2598	175.908
222	55.2727	171.274
223	60.2833	166.638
224	65.2915	161.998
225	70.2974	157.357
226	75.3008	152.712
227	80.3019	148.066
228	85.3007	143.416
229	90.297	138.764
230	95.291	134.11
231	100.283	129.453
232	105.272	124.793
233	110.259	120.131
234	115.243	115.466
235	120.225	110.799
236	125.205	106.129
237	130.183	101.457
238	135.158	96.7817
239	305.609	242.075
240	312.477	241.986
241	319.268	241.659
242	325.983	241.092
243	332.621	240.286
244	339.183	239.241
245	345.669	237.957
246	352.078	236.434
247	358.41	234.671
248	364.666	232.67
249	370.845	230.43
250	376.948	227.95
251	382.975	225.232
252	388.925	222.274
253	394.799	219.078
254	400.596	215.642
255	406.316	211.968
256	411.961	208.054
257	534.057	242.019
258	536.566	235.132
259	538.637	228.282
260	540.271	221.468
261	541.467	214.69
262	542.225	207.95
263	542.546	201.246
264	542.43	194.578
265	541.876	187.947
266	540.884	181.352
267	539.455	174.794
268	537.588	168.273
269	535.284	161.788
270	532.542	155.34
271	529.363	148.928
272	525.746	142.553
273	531.779	241.316
274	532.81	233.908
275	534.202	226.72
276	535.955	219.752
277	538.071	213.003
278	540.548	206.473
279	543.387	200.163
280	546.587	194.073
281	550.149	188.202
282	554.073	182.55
283	558.359	177.118
284	563.006	171.905
285	568.015	166.911
286	573.386	162.138
287	579.118	157.583
288	585.213	153.248
289	146.613	93.869
290	153.075	95.6938
291	159.516	97.5785
292	165.935	99.5232
293	172.333	101.528
294	178.709	103.593
295	185.064	105.717
296	191.398	107.902
297	197.711	110.146
298	204.002	112.451
299	210.272	114.816
300	216.52	117.24
301	222.747	119.725
302	228.953	122.269
303	235.138	124.874
304	241.301	127.538
305	253.871	125.532
306	260.477	122.877
307	267.259	122.3
308	274.218	123.799
309	288.62	124.664
310	295.786	122.453
311	302.854	120.741
312	309.822	119.528
313	316.692	118.815
314	323.462	118.6
315	330.133	118.885
316	336.706	119.67
317	343.179	120.953
318	349.554	122.736
319	355.829	125.018
320	362.006	127.799
321	368.083	131.08
322	374.062	134.86
323	379.941	139.139
324	385.722	143.917
325	288.383	123.942
326	294.856	120.171
327	300.772	116.063
328	306.132	111.618
329	310.936	106.835
330	315.184	101.715
331	318.875	96.2575
332	322.009	90.4624
333	324.588	84.3298
334	326.61	77.8597
335	328.076	71.0522
336	328.985	63.9073
337	329.338	56.4249
338	513.775	134.367
339	506.201	132.209
340	498.97	129.741
341	492.081	126.962
342	485.534	123.873
343	479.331	120.472
344	473.469	116.762
345	467.951	112.74
346	462.774	108.408
347	457.941	103.766
348	453.45	98.8125
349	449.301	93.5488
350	445.495	87.9744
351	442.032	82.0895
352	438.911	75.894
353	436.132	69.3878
354	433.696	62.5711
355	431.603	55.4438
356	429.853	48.0059
357	428.444	40.2574
358	596.244	143.436
359	600.999	138.071
360	605.934	133.039
361	611.049	128.339
362	616.344	123.972
363	621.818	119.937
364	627.473	116.235
365	633.307	112.865
366	639.321	109.828
367	645.514	107.123
368	651.888	104.751
369	658.441	102.711
370	665.174	101.004
371	672.087	99.6289
372	679.179	98.5865
373	36.5188	11.1068
374	43.202	10.1654
375	49.8872	9.34197
376	56.5745	8.63661
377	63.2638	8.04927
378	69.9551	7.57996
379	76.6485	7.22868
380	83.3438	6.99542
381	90.0412	6.88018
382	96.7407	6.88297
383	103.442	7.00379
384	110.146	7.24263
385	116.851	7.5995
386	123.559	8.07439
387	130.268	8.66731
388	136.98	9.37825
389	150.32	10.3105
390	156.892	10.1045
391	163.409	9.58904
392	169.871	8.76426
393	176.279	7.63012
394	182.631	6.18663
395	188.929	4.43378
396	195.172	2.37157
397	433.689	30.2085
398	440.014	28.2814
399	446.355	26.4168
400	452.709	24.6149
401	459.079	22.8755
402	465.464	21.1986
403	471.863	19.5844
404	478.277	18.0327
405	484.706	16.5436
406	491.15	15.1171
407	497.609	13.7532
408	504.082	12.4519
409	510.57	11.2131
410	517.073	10.0369
411	523.591	8.92328
