NOMBRE : MTLARP10_10_3_1.dat
VERTICES ORIGINALES : 81
VERTICES TOTALES : 1087
DEPOTS : 3
79
80
81
LINEAS ORIGINALES : 67
LINE 1 2 110.471 11
	82 10.3107
	83 10.1516
	84 10.026
	85 9.93534
	86 9.88055
	87 9.86222
	88 9.88055
	89 9.93534
	90 10.026
	91 10.1516
	2 10.3107
LINE 1 8 168.067 17
	92 10.0392
	93 9.98227
	94 9.93265
	95 9.89047
	96 9.85583
	97 9.8288
	98 9.80945
	99 9.79782
	100 9.79394
	101 9.79782
	102 9.80945
	103 9.8288
	104 9.85583
	105 9.89047
	106 9.93265
	107 9.98227
	8 10.0392
LINE 3 4 154.681 15
	108 10.8554
	109 10.6277
	110 10.4312
	111 10.2677
	112 10.1387
	113 10.0455
	114 9.98914
	115 9.9703
	116 9.98914
	117 10.0455
	118 10.1387
	119 10.2677
	120 10.4312
	121 10.6277
	4 10.8554
LINE 4 5 189.068 18
	122 11.0498
	123 10.8616
	124 10.6942
	125 10.5486
	126 10.4258
	127 10.3264
	128 10.2513
	129 10.2009
	130 10.1756
	131 10.1756
	132 10.2009
	133 10.2513
	134 10.3264
	135 10.4258
	136 10.5486
	137 10.6942
	138 10.8616
	5 11.0498
LINE 5 13 64.6184 6
	139 11.49
	140 10.6364
	141 10.1828
	142 10.1828
	143 10.6364
	13 11.49
LINE 6 14 256.63 24
	144 12.0079
	145 11.6844
	146 11.3823
	147 11.1034
	148 10.8494
	149 10.6222
	150 10.4235
	151 10.255
	152 10.1182
	153 10.0144
	154 9.94455
	155 9.90945
	156 9.90945
	157 9.94455
	158 10.0144
	159 10.1182
	160 10.255
	161 10.4235
	162 10.6222
	163 10.8494
	164 11.1034
	165 11.3823
	166 11.6844
	14 12.0079
LINE 7 8 166.439 16
	167 11.4874
	168 11.0727
	169 10.7043
	170 10.3875
	171 10.1268
	172 9.92682
	173 9.79123
	174 9.72273
	175 9.72273
	176 9.79123
	177 9.92682
	178 10.1268
	179 10.3875
	180 10.7043
	181 11.0727
	8 11.4874
LINE 8 16 185.342 18
	182 11.0777
	183 10.8114
	184 10.5729
	185 10.3641
	186 10.1868
	187 10.0427
	188 9.93326
	189 9.85963
	190 9.82261
	191 9.82261
	192 9.85963
	193 9.93326
	194 10.0427
	195 10.1868
	196 10.3641
	197 10.5729
	198 10.8114
	16 11.0777
LINE 9 18 193.514 19
	199 10.8723
	200 10.6502
	201 10.4503
	202 10.2739
	203 10.1223
	204 9.9965
	205 9.89756
	206 9.82628
	207 9.78327
	208 9.76888
	209 9.78327
	210 9.82628
	211 9.89756
	212 9.9965
	213 10.1223
	214 10.2739
	215 10.4503
	216 10.6502
	18 10.8723
LINE 10 11 204.697 20
	217 10.9117
	218 10.7044
	219 10.5168
	220 10.3498
	221 10.2046
	222 10.0819
	223 9.98268
	224 9.90761
	225 9.85725
	226 9.83197
	227 9.83197
	228 9.85725
	229 9.90761
	230 9.98268
	231 10.0819
	232 10.2046
	233 10.3498
	234 10.5168
	235 10.7044
	11 10.9117
LINE 11 12 135.032 12
	236 12.698
	237 11.9478
	238 11.312
	239 10.8106
	240 10.463
	241 10.2848
	242 10.2848
	243 10.463
	244 10.8106
	245 11.312
	246 11.9478
	12 12.698
LINE 12 20 99.2087 9
	247 11.9289
	248 11.2674
	249 10.7701
	250 10.4604
	251 10.3551
	252 10.4604
	253 10.7701
	254 11.2674
	20 11.9289
LINE 14 22 149.062 15
	255 10.1757
	256 10.0747
	257 9.98838
	258 9.91722
	259 9.86151
	260 9.82153
	261 9.79746
	262 9.78943
	263 9.79746
	264 9.82153
	265 9.86151
	266 9.91722
	267 9.98838
	268 10.0747
	22 10.1757
LINE 15 23 138.237 12
	269 13.2385
	270 12.3535
	271 11.5969
	272 10.9954
	273 10.5753
	274 10.359
	275 10.359
	276 10.5753
	277 10.9954
	278 11.5969
	279 12.3535
	23 13.2385
LINE 16 17 196.336 19
	280 11.0353
	281 10.8086
	282 10.6045
	283 10.4244
	284 10.2695
	285 10.141
	286 10.04
	287 9.96716
	288 9.92322
	289 9.90852
	290 9.92322
	291 9.96716
	292 10.04
	293 10.141
	294 10.2695
	295 10.4244
	296 10.6045
	297 10.8086
	17 11.0353
LINE 19 20 108.977 10
	298 11.669
	299 11.1674
	300 10.7759
	301 10.5068
	302 10.3696
	303 10.3696
	304 10.5068
	305 10.7759
	306 11.1674
	20 11.669
LINE 20 21 220.706 21
	307 11.5136
	308 11.2256
	309 10.9616
	310 10.7232
	311 10.5122
	312 10.3303
	313 10.179
	314 10.0598
	315 9.97383
	316 9.92186
	317 9.90448
	318 9.92186
	319 9.97383
	320 10.0598
	321 10.179
	322 10.3303
	323 10.5122
	324 10.7232
	325 10.9616
	326 11.2256
	21 11.5136
LINE 21 22 96.7614 9
	327 11.4334
	328 10.9322
	329 10.5596
	330 10.3296
	331 10.2518
	332 10.3296
	333 10.5596
	334 10.9322
	22 11.4334
LINE 23 24 119.204 12
	335 10.082
	336 10.0016
	337 9.93674
	338 9.88784
	339 9.85511
	340 9.83871
	341 9.83871
	342 9.85511
	343 9.88784
	344 9.93674
	345 10.0016
	24 10.082
LINE 24 32 202.037 19
	346 11.7538
	347 11.3979
	348 11.0743
	349 10.7861
	350 10.536
	351 10.3269
	352 10.1613
	353 10.0414
	354 9.96872
	355 9.94438
	356 9.96872
	357 10.0414
	358 10.1613
	359 10.3269
	360 10.536
	361 10.7861
	362 11.0743
	363 11.3979
	32 11.7538
LINE 25 26 179.787 17
	364 11.6961
	365 11.2952
	366 10.9359
	367 10.6223
	368 10.3587
	369 10.1489
	370 9.99639
	371 9.90375
	372 9.87268
	373 9.90375
	374 9.99639
	375 10.1489
	376 10.3587
	377 10.6223
	378 10.9359
	379 11.2952
	26 11.6961
LINE 26 35 148.12 14
	380 11.3804
	381 11.0224
	382 10.715
	383 10.4626
	384 10.2692
	385 10.1382
	386 10.0721
	387 10.0721
	388 10.1382
	389 10.2692
	390 10.4626
	391 10.715
	392 11.0224
	35 11.3804
LINE 27 35 251.959 25
	393 10.1158
	394 10.1064
	395 10.0979
	396 10.0902
	397 10.0833
	398 10.0772
	399 10.0719
	400 10.0674
	401 10.0637
	402 10.0609
	403 10.0588
	404 10.0576
	405 10.0572
	406 10.0576
	407 10.0588
	408 10.0609
	409 10.0637
	410 10.0674
	411 10.0719
	412 10.0772
	413 10.0833
	414 10.0902
	415 10.0979
	416 10.1064
	35 10.1158
LINE 27 36 226.549 21
	417 12.0806
	418 11.7138
	419 11.3756
	420 11.0686
	421 10.7955
	422 10.5589
	423 10.3613
	424 10.2049
	425 10.0918
	426 10.0233
	427 10.0003
	428 10.0233
	429 10.0918
	430 10.2049
	431 10.3613
	432 10.5589
	433 10.7955
	434 11.0686
	435 11.3756
	436 11.7138
	36 12.0806
LINE 28 29 124.903 12
	437 10.4503
	438 10.4276
	439 10.4094
	440 10.3957
	441 10.3866
	442 10.382
	443 10.382
	444 10.3866
	445 10.3957
	446 10.4094
	447 10.4276
	29 10.4503
LINE 28 38 90.0564 9
	448 10.3401
	449 10.0924
	450 9.91168
	451 9.80164
	452 9.76469
	453 9.80164
	454 9.91168
	455 10.0924
	38 10.3401
LINE 30 40 155.438 15
	456 10.5212
	457 10.4536
	458 10.3961
	459 10.3489
	460 10.3119
	461 10.2855
	462 10.2696
	463 10.2643
	464 10.2696
	465 10.2855
	466 10.3119
	467 10.3489
	468 10.3961
	469 10.4536
	40 10.5212
LINE 31 32 123.459 12
	470 10.9884
	471 10.6165
	472 10.3093
	473 10.0728
	474 9.91199
	475 9.83059
	476 9.83059
	477 9.91199
	478 10.0728
	479 10.3093
	480 10.6165
	32 10.9884
LINE 31 41 143.821 13
	481 12.3269
	482 11.7234
	483 11.2054
	484 10.7853
	485 10.475
	486 10.2843
	487 10.2199
	488 10.2843
	489 10.475
	490 10.7853
	491 11.2054
	492 11.7234
	41 12.3269
LINE 32 33 137.33 14
	493 9.86454
	494 9.83911
	495 9.81787
	496 9.80084
	497 9.78805
	498 9.77951
	499 9.77524
	500 9.77524
	501 9.77951
	502 9.78805
	503 9.80084
	504 9.81787
	505 9.83911
	33 9.86454
LINE 33 42 157.908 15
	506 11.2856
	507 10.9704
	508 10.6965
	509 10.4671
	510 10.2851
	511 10.1531
	512 10.0731
	513 10.0463
	514 10.0731
	515 10.1531
	516 10.2851
	517 10.4671
	518 10.6965
	519 10.9704
	42 11.2856
LINE 34 35 148.976 15
	520 10.0946
	521 10.0253
	522 9.96629
	523 9.91773
	524 9.8798
	525 9.85262
	526 9.83627
	527 9.83082
	528 9.83627
	529 9.85262
	530 9.8798
	531 9.91773
	532 9.96629
	533 10.0253
	35 10.0946
LINE 34 44 186.521 19
	534 9.89341
	535 9.868
	536 9.84552
	537 9.82599
	538 9.80944
	539 9.79588
	540 9.78532
	541 9.77777
	542 9.77324
	543 9.77173
	544 9.77324
	545 9.77777
	546 9.78532
	547 9.79588
	548 9.80944
	549 9.82599
	550 9.84552
	551 9.868
	44 9.89341
LINE 35 36 162.39 16
	552 10.175
	553 10.1648
	554 10.156
	555 10.1487
	556 10.1428
	557 10.1384
	558 10.1355
	559 10.134
	560 10.134
	561 10.1355
	562 10.1384
	563 10.1428
	564 10.1487
	565 10.156
	566 10.1648
	36 10.175
LINE 37 46 161.088 16
	567 10.1459
	568 10.1149
	569 10.0882
	570 10.0659
	571 10.048
	572 10.0346
	573 10.0256
	574 10.0211
	575 10.0211
	576 10.0256
	577 10.0346
	578 10.048
	579 10.0659
	580 10.0882
	581 10.1149
	46 10.1459
LINE 38 47 221.525 22
	582 10.1422
	583 10.1214
	584 10.1027
	585 10.0861
	586 10.0715
	587 10.059
	588 10.0485
	589 10.0402
	590 10.0339
	591 10.0297
	592 10.0276
	593 10.0276
	594 10.0297
	595 10.0339
	596 10.0402
	597 10.0485
	598 10.059
	599 10.0715
	600 10.0861
	601 10.1027
	602 10.1214
	47 10.1422
LINE 39 48 113.015 10
	603 12.5878
	604 11.7638
	605 11.1057
	606 10.6443
	607 10.406
	608 10.406
	609 10.6443
	610 11.1057
	611 11.7638
	48 12.5878
LINE 40 48 240.699 24
	612 10.134
	613 10.1068
	614 10.082
	615 10.0596
	616 10.0397
	617 10.0222
	618 10.0072
	619 9.99466
	620 9.98463
	621 9.9771
	622 9.97207
	623 9.96956
	624 9.96956
	625 9.97207
	626 9.9771
	627 9.98463
	628 9.99466
	629 10.0072
	630 10.0222
	631 10.0397
	632 10.0596
	633 10.082
	634 10.1068
	48 10.134
LINE 41 50 171.543 16
	635 11.6223
	636 11.2749
	637 10.9684
	638 10.7063
	639 10.4919
	640 10.3282
	641 10.2176
	642 10.1618
	643 10.1618
	644 10.2176
	645 10.3282
	646 10.4919
	647 10.7063
	648 10.9684
	649 11.2749
	50 11.6223
LINE 42 51 179.785 18
	650 10.0366
	651 10.0195
	652 10.0045
	653 9.99164
	654 9.9809
	655 9.97229
	656 9.96584
	657 9.96153
	658 9.95937
	659 9.95937
	660 9.96153
	661 9.96584
	662 9.97229
	663 9.9809
	664 9.99164
	665 10.0045
	666 10.0195
	51 10.0366
LINE 43 52 81.3571 8
	667 10.2609
	668 10.1829
	669 10.1305
	670 10.1043
	671 10.1043
	672 10.1305
	673 10.1829
	52 10.2609
LINE 45 46 169.885 16
	674 11.9177
	675 11.4246
	676 10.9843
	677 10.6034
	678 10.2885
	679 10.0459
	680 9.88084
	681 9.79727
	682 9.79727
	683 9.88084
	684 10.0459
	685 10.2885
	686 10.6034
	687 10.9843
	688 11.4246
	46 11.9177
LINE 46 47 170.985 17
	689 10.4659
	690 10.3157
	691 10.1837
	692 10.0707
	693 9.97726
	694 9.90398
	695 9.85131
	696 9.81957
	697 9.80897
	698 9.81957
	699 9.85131
	700 9.90398
	701 9.97726
	702 10.0707
	703 10.1837
	704 10.3157
	47 10.4659
LINE 47 54 119.654 11
	705 11.8163
	706 11.2709
	707 10.8276
	708 10.4996
	709 10.2978
	710 10.2296
	711 10.2978
	712 10.4996
	713 10.8276
	714 11.2709
	54 11.8163
LINE 48 55 227.589 22
	715 10.7438
	716 10.6319
	717 10.5303
	718 10.439
	719 10.3585
	720 10.2891
	721 10.2308
	722 10.1839
	723 10.1487
	724 10.1251
	725 10.1132
	726 10.1132
	727 10.1251
	728 10.1487
	729 10.1839
	730 10.2308
	731 10.2891
	732 10.3585
	733 10.439
	734 10.5303
	735 10.6319
	55 10.7438
LINE 49 50 151.736 15
	736 10.212
	737 10.1709
	738 10.136
	739 10.1074
	740 10.0851
	741 10.0691
	742 10.0595
	743 10.0563
	744 10.0595
	745 10.0691
	746 10.0851
	747 10.1074
	748 10.136
	749 10.1709
	50 10.212
LINE 50 56 216.421 20
	750 11.928
	751 11.5946
	752 11.2899
	753 11.0165
	754 10.7765
	755 10.5724
	756 10.4063
	757 10.2799
	758 10.1947
	759 10.1519
	760 10.1519
	761 10.1947
	762 10.2799
	763 10.4063
	764 10.5724
	765 10.7765
	766 11.0165
	767 11.2899
	768 11.5946
	56 11.928
LINE 53 59 148.346 15
	769 9.97807
	770 9.94035
	771 9.90831
	772 9.88203
	773 9.86154
	774 9.84687
	775 9.83807
	776 9.83513
	777 9.83807
	778 9.84687
	779 9.86154
	780 9.88203
	781 9.90831
	782 9.94035
	59 9.97807
LINE 54 55 113.978 11
	783 10.5004
	784 10.4175
	785 10.3526
	786 10.306
	787 10.2779
	788 10.2686
	789 10.2779
	790 10.306
	791 10.3526
	792 10.4175
	55 10.5004
LINE 54 60 231.287 23
	793 10.5079
	794 10.3873
	795 10.2769
	796 10.1772
	797 10.0884
	798 10.0108
	799 9.94466
	800 9.89021
	801 9.84766
	802 9.81715
	803 9.7988
	804 9.79268
	805 9.7988
	806 9.81715
	807 9.84766
	808 9.89021
	809 9.94466
	810 10.0108
	811 10.0884
	812 10.1772
	813 10.2769
	814 10.3873
	60 10.5079
LINE 56 63 170.571 17
	815 10.4444
	816 10.2932
	817 10.1603
	818 10.0465
	819 9.95237
	820 9.87856
	821 9.8255
	822 9.79353
	823 9.78285
	824 9.79353
	825 9.8255
	826 9.87856
	827 9.95237
	828 10.0465
	829 10.1603
	830 10.2932
	63 10.4444
LINE 57 65 209.401 20
	831 11.2016
	832 10.978
	833 10.7753
	834 10.5948
	835 10.4376
	836 10.3048
	837 10.1973
	838 10.1159
	839 10.0613
	840 10.0339
	841 10.0339
	842 10.0613
	843 10.1159
	844 10.1973
	845 10.3048
	846 10.4376
	847 10.5948
	848 10.7753
	849 10.978
	65 11.2016
LINE 58 67 131.288 13
	850 10.3251
	851 10.2131
	852 10.1205
	853 10.048
	854 9.99582
	855 9.96439
	856 9.9539
	857 9.96439
	858 9.99582
	859 10.048
	860 10.1205
	861 10.2131
	67 10.3251
LINE 60 68 145.454 14
	862 10.5409
	863 10.4715
	864 10.4133
	865 10.3665
	866 10.3312
	867 10.3077
	868 10.2959
	869 10.2959
	870 10.3077
	871 10.3312
	872 10.3665
	873 10.4133
	874 10.4715
	68 10.5409
LINE 61 62 177.705 17
	875 11.4248
	876 11.0752
	877 10.763
	878 10.4916
	879 10.2642
	880 10.0838
	881 9.95288
	882 9.87353
	883 9.84694
	884 9.87353
	885 9.95288
	886 10.0838
	887 10.2642
	888 10.4916
	889 10.763
	890 11.0752
	62 11.4248
LINE 63 64 94.4659 9
	891 11.1115
	892 10.6587
	893 10.3231
	894 10.1164
	895 10.0465
	896 10.1164
	897 10.3231
	898 10.6587
	64 11.1115
LINE 64 65 178.537 18
	899 10.0847
	900 10.0266
	901 9.97543
	902 9.93138
	903 9.89451
	904 9.86492
	905 9.84267
	906 9.82781
	907 9.82037
	908 9.82037
	909 9.82781
	910 9.84267
	911 9.86492
	912 9.89451
	913 9.93138
	914 9.97543
	915 10.0266
	65 10.0847
LINE 64 70 144.791 14
	916 10.5816
	917 10.4722
	918 10.3801
	919 10.3059
	920 10.2499
	921 10.2123
	922 10.1935
	923 10.1935
	924 10.2123
	925 10.2499
	926 10.3059
	927 10.3801
	928 10.4722
	70 10.5816
LINE 66 67 210.218 19
	929 12.4987
	930 12.0477
	931 11.6353
	932 11.2657
	933 10.9432
	934 10.6721
	935 10.4563
	936 10.2995
	937 10.2042
	938 10.1722
	939 10.2042
	940 10.2995
	941 10.4563
	942 10.6721
	943 10.9432
	944 11.2657
	945 11.6353
	946 12.0477
	67 12.4987
LINE 67 73 303.941 27
	947 13.1214
	948 12.7239
	949 12.347
	950 11.9924
	951 11.6623
	952 11.3589
	953 11.0842
	954 10.8405
	955 10.63
	956 10.4546
	957 10.3161
	958 10.216
	959 10.1555
	960 10.1353
	961 10.1555
	962 10.216
	963 10.3161
	964 10.4546
	965 10.63
	966 10.8405
	967 11.0842
	968 11.3589
	969 11.6623
	970 11.9924
	971 12.347
	972 12.7239
	73 13.1214
LINE 69 70 168.286 17
	973 10.1563
	974 10.061
	975 9.97766
	976 9.90661
	977 9.8481
	978 9.80236
	979 9.76955
	980 9.74981
	981 9.74322
	982 9.74981
	983 9.76955
	984 9.80236
	985 9.8481
	986 9.90661
	987 9.97766
	988 10.061
	70 10.1563
LINE 69 76 130.332 12
	989 11.6951
	990 11.2535
	991 10.8874
	992 10.6044
	993 10.4116
	994 10.3138
	995 10.3138
	996 10.4116
	997 10.6044
	998 10.8874
	999 11.2535
	76 11.6951
LINE 71 77 274.466 25
	1000 12.2771
	1001 11.9704
	1002 11.6833
	1003 11.4174
	1004 11.1741
	1005 10.955
	1006 10.7615
	1007 10.5949
	1008 10.4567
	1009 10.3479
	1010 10.2695
	1011 10.2222
	1012 10.2064
	1013 10.2222
	1014 10.2695
	1015 10.3479
	1016 10.4567
	1017 10.5949
	1018 10.7615
	1019 10.955
	1020 11.1741
	1021 11.4174
	1022 11.6833
	1023 11.9704
	77 12.2771
LINE 72 78 246.397 24
	1024 10.6493
	1025 10.5512
	1026 10.4613
	1027 10.3797
	1028 10.3067
	1029 10.2423
	1030 10.1868
	1031 10.1403
	1032 10.103
	1033 10.0749
	1034 10.0562
	1035 10.0468
	1036 10.0468
	1037 10.0562
	1038 10.0749
	1039 10.103
	1040 10.1403
	1041 10.1868
	1042 10.2423
	1043 10.3067
	1044 10.3797
	1045 10.4613
	1046 10.5512
	78 10.6493
LINE 73 74 175.117 17
	1047 10.597
	1048 10.4874
	1049 10.3915
	1050 10.3097
	1051 10.2422
	1052 10.1895
	1053 10.1516
	1054 10.1288
	1055 10.1212
	1056 10.1288
	1057 10.1516
	1058 10.1895
	1059 10.2422
	1060 10.3097
	1061 10.3915
	1062 10.4874
	74 10.597
LINE 74 75 146.852 15
	1063 9.95082
	1064 9.88244
	1065 9.82421
	1066 9.77631
	1067 9.73889
	1068 9.71207
	1069 9.69595
	1070 9.69057
	1071 9.69595
	1072 9.71207
	1073 9.73889
	1074 9.77631
	1075 9.82421
	1076 9.88244
	75 9.95082
LINE 76 77 128.836 12
	1077 11.7059
	1078 11.1953
	1079 10.7694
	1080 10.4386
	1081 10.2121
	1082 10.0969
	1083 10.0969
	1084 10.2121
	1085 10.4386
	1086 10.7694
	1087 11.1953
	77 11.7059
COORDENADAS :
1	139.746	933.474
2	210.976	945.997
3	421.461	940.265
4	511.874	898.238
5	633.762	904.869
6	727.825	958.253
7	18.6157	850.139
8	118.994	824.433
9	239.186	836.522
10	309.207	864.725
11	428.37	810.186
12	510.408	807.039
13	636.24	864.446
14	727.05	799.774
15	807.3	801.739
16	128.955	707.039
17	243.506	758.327
18	325.992	748.34
19	443.988	698.853
20	493.063	747.379
21	627.411	713.055
22	688.827	709.65
23	827.898	721.694
24	906.569	723.555
25	30.4807	653.993
26	140.692	634.683
27	226.988	653.698
28	447.253	607.962
29	528.323	625.994
30	601.97	607.383
31	744.074	602.457
32	814.157	637.96
33	905.371	636.189
34	0	519.62
35	91.9547	554.388
36	193.64	517.723
37	339.378	560.491
38	439.485	549.891
39	527.276	523.104
40	644.176	513.82
41	744.661	513.886
42	901.679	535.794
43	53.1489	401.592
44	89.9103	434.552
45	214.087	404.452
46	302.326	460.233
47	400.504	408.084
48	492.967	463.04
49	589.818	401.122
50	688.321	421.374
51	948.24	425.727
52	14.5054	364.057
53	242.814	335.221
54	443.157	346.373
55	512.049	315.967
56	584.514	334.617
57	851.047	325.734
58	101.087	238.814
59	202.07	245.706
60	350.38	228.31
61	446.526	198.327
62	550.079	239.934
63	639.242	238.193
64	694.181	213.388
65	811.021	198.124
66	13.4651	103.583
67	130.406	157.682
68	288.75	154.599
69	530.555	146.229
70	640.399	134.935
71	732.205	107.819
72	932.476	148.778
73	38.652	0
74	145.018	42.9417
75	233.67	3.80688
76	522.85	64.1786
77	588.325	17.0733
78	794.373	66.5499
79	464.576	82.4483
80	889.18	760.692
81	307.833	82.7841
82	146.569	932.637
83	153.322	932.195
84	160.006	932.149
85	166.62	932.497
86	173.165	933.241
87	179.64	934.379
88	186.047	935.913
89	192.383	937.841
90	198.65	940.165
91	204.848	942.883
92	139.97	926.785
93	140.013	920.13
94	139.875	913.509
95	139.558	906.924
96	139.059	900.372
97	138.38	893.855
98	137.521	887.372
99	136.48	880.923
100	135.26	874.509
101	133.858	868.129
102	132.277	861.784
103	130.514	855.473
104	128.571	849.196
105	126.448	842.954
106	124.144	836.746
107	121.659	830.572
108	426.282	934.868
109	431.276	929.841
110	436.441	925.185
111	441.779	920.9
112	447.29	916.986
113	452.973	913.443
114	458.828	910.27
115	464.855	907.469
116	471.055	905.037
117	477.427	902.977
118	483.972	901.288
119	490.689	899.969
120	497.578	899.021
121	504.64	898.444
122	518.801	895.733
123	525.711	893.567
124	532.602	891.739
125	539.475	890.249
126	546.329	889.096
127	553.165	888.282
128	559.982	887.805
129	566.782	887.667
130	573.562	887.866
131	580.325	888.404
132	587.069	889.279
133	593.794	890.492
134	600.502	892.043
135	607.19	893.933
136	613.861	896.16
137	620.513	898.725
138	627.147	901.628
139	637.79	898.353
140	640.372	891.749
141	641.508	885.056
142	641.198	878.275
143	639.442	871.404
144	723.267	951.671
145	719.103	945.088
146	715.332	938.503
147	711.955	931.916
148	708.972	925.328
149	706.381	918.737
150	704.185	912.144
151	702.382	905.549
152	700.972	898.953
153	699.956	892.354
154	699.333	885.754
155	699.104	879.152
156	699.269	872.547
157	699.827	865.941
158	700.778	859.333
159	702.123	852.723
160	703.862	846.111
161	705.994	839.497
162	708.519	832.881
163	711.438	826.264
164	714.751	819.644
165	718.457	813.022
166	722.557	806.399
167	23.8752	844.572
168	29.2699	839.534
169	34.7999	835.023
170	40.4651	831.041
171	46.2654	827.586
172	52.201	824.659
173	58.2718	822.261
174	64.4779	820.39
175	70.8191	819.047
176	77.2956	818.233
177	83.9072	817.946
178	90.6541	818.187
179	97.5362	818.957
180	104.554	820.254
181	111.706	822.079
182	116.139	817.622
183	113.685	810.845
184	111.632	804.102
185	109.98	797.393
186	108.73	790.718
187	107.88	784.077
188	107.431	777.47
189	107.383	770.897
190	107.736	764.358
191	108.489	757.853
192	109.644	751.382
193	111.2	744.945
194	113.157	738.543
195	115.515	732.174
196	118.273	725.839
197	121.433	719.538
198	124.994	713.272
199	246.022	834.113
200	252.606	831.456
201	258.939	828.551
202	265.019	825.397
203	270.847	821.996
204	276.424	818.347
205	281.748	814.45
206	286.821	810.305
207	291.641	805.911
208	296.21	801.27
209	300.527	796.381
210	304.592	791.244
211	308.405	785.859
212	311.966	780.226
213	315.275	774.345
214	318.332	768.215
215	321.138	761.838
216	323.691	755.213
217	313.851	859.126
218	318.632	853.828
219	323.552	848.833
220	328.611	844.141
221	333.808	839.751
222	339.143	835.663
223	344.617	831.877
224	350.229	828.394
225	355.98	825.214
226	361.868	822.336
227	367.896	819.76
228	374.062	817.487
229	380.366	815.516
230	386.808	813.847
231	393.389	812.481
232	400.109	811.417
233	406.966	810.656
234	413.962	810.197
235	421.097	810.04
236	435.015	804.942
237	441.696	800.604
238	448.41	797.171
239	455.16	794.644
240	461.945	793.024
241	468.764	792.308
242	475.618	792.499
243	482.506	793.596
244	489.429	795.598
245	496.388	798.506
246	503.38	802.32
247	512.272	799.308
248	513.188	791.852
249	513.156	784.672
250	512.177	777.768
251	510.25	771.139
252	507.375	764.786
253	503.552	758.708
254	498.782	752.906
255	726.206	793.042
256	725.119	786.415
257	723.788	779.89
258	722.214	773.469
259	720.396	767.151
260	718.335	760.936
261	716.03	754.824
262	713.482	748.816
263	710.691	742.911
264	707.655	737.109
265	704.377	731.411
266	700.855	725.816
267	697.089	720.324
268	693.08	714.935
269	803.672	793.693
270	801.016	785.898
271	799.332	778.352
272	798.619	771.057
273	798.878	764.011
274	800.109	757.216
275	802.311	750.67
276	805.485	744.375
277	809.631	738.33
278	814.748	732.534
279	820.837	726.989
280	136.308	706.783
281	143.513	706.855
282	150.571	707.255
283	157.483	707.984
284	164.247	709.041
285	170.864	710.427
286	177.334	712.141
287	183.657	714.183
288	189.833	716.554
289	195.862	719.254
290	201.744	722.281
291	207.479	725.638
292	213.067	729.322
293	218.508	733.335
294	223.801	737.677
295	228.948	742.347
296	233.948	747.345
297	238.8	752.672
298	451.42	701.153
299	458.291	704.02
300	464.6	707.455
301	470.349	711.456
302	475.537	716.025
303	480.164	721.161
304	484.23	726.865
305	487.736	733.136
306	490.68	739.974
307	500.43	749.536
308	507.699	751.315
309	514.872	752.714
310	521.947	753.734
311	528.926	754.374
312	535.808	754.636
313	542.593	754.518
314	549.281	754.021
315	555.872	753.145
316	562.367	751.89
317	568.764	750.255
318	575.065	748.242
319	581.269	745.849
320	587.375	743.077
321	593.385	739.926
322	599.299	736.395
323	605.115	732.485
324	610.834	728.197
325	616.457	723.529
326	621.982	718.481
327	634.048	709.307
328	640.732	706.401
329	647.463	704.338
330	654.24	703.118
331	661.064	702.739
332	667.935	703.203
333	674.852	704.51
334	681.816	706.658
335	834.419	723.322
336	840.946	724.683
337	847.48	725.776
338	854.02	726.6
339	860.567	727.157
340	867.119	727.446
341	873.679	727.467
342	880.244	727.221
343	886.816	726.706
344	893.394	725.923
345	899.978	724.873
346	898.867	722.114
347	891.48	720.334
348	884.408	718.212
349	877.652	715.75
350	871.211	712.948
351	865.086	709.805
352	859.276	706.321
353	853.781	702.497
354	848.602	698.333
355	843.739	693.828
356	839.19	688.982
357	834.957	683.796
358	831.04	678.27
359	827.437	672.403
360	824.151	666.195
361	821.179	659.647
362	818.523	652.759
363	816.182	645.529
364	37.6852	656.975
365	44.7996	659.443
366	51.8238	661.395
367	58.7578	662.833
368	65.6016	663.756
369	72.3552	664.165
370	79.0186	664.059
371	85.5918	663.437
372	92.0749	662.302
373	98.4677	660.651
374	104.77	658.486
375	110.983	655.805
376	117.105	652.61
377	123.137	648.901
378	129.079	644.676
379	134.931	639.937
380	140.239	627.109
381	139.32	619.819
382	137.935	612.811
383	136.084	606.086
384	133.768	599.644
385	130.985	593.484
386	127.737	587.607
387	124.023	582.013
388	119.843	576.702
389	115.197	571.674
390	110.085	566.928
391	104.508	562.465
392	98.4641	558.285
393	221.157	650.309
394	215.362	646.872
395	209.603	643.386
396	203.88	639.852
397	198.192	636.269
398	192.54	632.637
399	186.924	628.956
400	181.344	625.227
401	175.8	621.449
402	170.291	617.623
403	164.818	613.748
404	159.381	609.824
405	153.98	605.852
406	148.614	601.831
407	143.284	597.761
408	137.99	593.643
409	132.732	589.476
410	127.51	585.26
411	122.323	580.996
412	117.172	576.683
413	112.057	572.321
414	106.978	567.911
415	101.934	563.452
416	96.9266	558.944
417	221.012	648.299
418	215.474	642.793
419	210.376	637.179
420	205.716	631.457
421	201.495	625.628
422	197.713	619.691
423	194.37	613.646
424	191.465	607.494
425	189	601.234
426	186.973	594.867
427	185.385	588.392
428	184.236	581.809
429	183.525	575.119
430	183.254	568.321
431	183.421	561.416
432	184.027	554.403
433	185.072	547.282
434	186.556	540.053
435	188.479	532.718
436	190.84	525.274
437	453.835	610.244
438	460.449	612.384
439	467.095	614.383
440	473.772	616.24
441	480.48	617.955
442	487.221	619.529
443	493.992	620.961
444	500.795	622.251
445	507.63	623.399
446	514.496	624.406
447	521.394	625.271
448	448.637	601.209
449	449.46	594.531
450	449.721	587.929
451	449.419	581.401
452	448.556	574.949
453	447.131	568.572
454	445.144	562.27
455	442.596	556.043
456	603.379	600.512
457	604.989	593.731
458	606.8	587.041
459	608.811	580.442
460	611.023	573.933
461	613.436	567.514
462	616.049	561.186
463	618.863	554.949
464	621.877	548.802
465	625.092	542.745
466	628.508	536.779
467	632.124	530.903
468	635.941	525.118
469	639.958	519.424
470	748.429	608.347
471	753.054	613.705
472	757.949	618.529
473	763.114	622.82
474	768.549	626.579
475	774.255	629.804
476	780.23	632.496
477	786.475	634.655
478	792.991	636.281
479	799.776	637.373
480	806.832	637.933
481	739.524	595.613
482	735.74	588.775
483	732.722	581.941
484	730.47	575.113
485	728.984	568.289
486	728.263	561.471
487	728.308	554.658
488	729.119	547.85
489	730.696	541.047
490	733.039	534.249
491	736.147	527.456
492	740.021	520.669
493	820.69	638.719
494	827.219	639.341
495	833.747	639.828
496	840.271	640.178
497	846.793	640.392
498	853.312	640.47
499	859.829	640.411
500	866.343	640.217
501	872.854	639.886
502	879.363	639.419
503	885.869	638.816
504	892.372	638.076
505	898.873	637.201
506	908.55	629.37
507	911.24	622.569
508	913.44	615.786
509	915.152	609.021
510	916.374	602.274
511	917.106	595.545
512	917.349	588.834
513	917.103	582.141
514	916.368	575.466
515	915.143	568.809
516	913.429	562.17
517	911.226	555.549
518	908.533	548.946
519	905.351	542.361
520	5.58974	523.367
521	11.2567	526.911
522	17.0009	530.25
523	22.8223	533.385
524	28.721	536.315
525	34.6968	539.042
526	40.7499	541.564
527	46.8802	543.882
528	53.0878	545.995
529	59.3725	547.905
530	65.7345	549.61
531	72.1737	551.111
532	78.6902	552.407
533	85.2838	553.5
534	5.44088	515.892
535	10.803	512.08
536	16.0864	508.186
537	21.291	504.208
538	26.4169	500.147
539	31.464	496.003
540	36.4324	491.775
541	41.322	487.464
542	46.1329	483.07
543	50.865	478.593
544	55.5184	474.033
545	60.093	469.389
546	64.5889	464.662
547	69.006	459.852
548	73.3443	454.958
549	77.6039	449.982
550	81.7848	444.922
551	85.8869	439.779
552	98.1031	551.522
553	104.279	548.733
554	110.483	546.021
555	116.714	543.385
556	122.973	540.826
557	129.259	538.343
558	135.573	535.936
559	141.915	533.607
560	148.284	531.353
561	154.68	529.177
562	161.105	527.076
563	167.557	525.052
564	174.036	523.105
565	180.543	521.235
566	187.078	519.44
567	338.057	553.858
568	336.603	547.273
569	335.016	540.738
570	333.297	534.251
571	331.445	527.813
572	329.461	521.425
573	327.344	515.085
574	325.094	508.794
575	322.712	502.553
576	320.198	496.36
577	317.551	490.216
578	314.771	484.122
579	311.859	478.076
580	308.814	472.079
581	305.636	466.132
582	436.735	543.714
583	434.078	537.512
584	431.514	531.284
585	429.043	525.03
586	426.666	518.751
587	424.382	512.446
588	422.19	506.115
589	420.092	499.759
590	418.088	493.377
591	416.176	486.97
592	414.358	480.537
593	412.632	474.078
594	411	467.594
595	409.461	461.084
596	408.015	454.549
597	406.663	447.988
598	405.404	441.401
599	404.237	434.789
600	403.164	428.151
601	402.184	421.488
602	401.298	414.798
603	519.72	519.454
604	513.08	515.281
605	507.357	510.584
606	502.551	505.363
607	498.661	499.618
608	495.689	493.35
609	493.633	486.558
610	492.494	479.242
611	492.272	471.403
612	638.262	510.554
613	632.315	507.388
614	626.333	504.321
615	620.319	501.355
616	614.27	498.489
617	608.188	495.723
618	602.072	493.058
619	595.923	490.492
620	589.74	488.026
621	583.524	485.66
622	577.274	483.394
623	570.99	481.228
624	564.673	479.162
625	558.322	477.197
626	551.938	475.331
627	545.52	473.565
628	539.069	471.899
629	532.583	470.334
630	526.065	468.868
631	519.512	467.502
632	512.927	466.237
633	506.307	465.071
634	499.654	464.006
635	744.359	506.144
636	743.627	498.663
637	742.466	491.443
638	740.877	484.485
639	738.857	477.788
640	736.409	471.353
641	733.531	465.179
642	730.225	459.266
643	726.489	453.615
644	722.324	448.225
645	717.73	443.096
646	712.706	438.229
647	707.254	433.623
648	701.372	429.278
649	695.061	425.195
650	905.03	530.002
651	908.292	524.173
652	911.463	518.305
653	914.544	512.4
654	917.536	506.456
655	920.437	500.475
656	923.249	494.455
657	925.971	488.397
658	928.602	482.302
659	931.144	476.168
660	933.596	469.996
661	935.958	463.786
662	938.229	457.538
663	940.411	451.252
664	942.503	444.928
665	944.505	438.566
666	946.418	432.166
667	47.4802	397.763
668	42.0511	393.687
669	36.8614	389.365
670	31.9112	384.797
671	27.2005	379.982
672	22.7293	374.92
673	18.4976	369.612
674	222.024	404.106
675	229.639	404.271
676	236.931	404.947
677	243.899	406.134
678	250.545	407.832
679	256.867	410.04
680	262.867	412.76
681	268.543	415.991
682	273.897	419.733
683	278.927	423.986
684	283.635	428.749
685	288.019	434.024
686	292.08	439.81
687	295.819	446.106
688	299.234	452.914
689	306.96	455.017
690	311.737	450.069
691	316.656	445.39
692	321.718	440.979
693	326.922	436.837
694	332.269	432.964
695	337.759	429.359
696	343.392	426.023
697	349.167	422.955
698	355.085	420.156
699	361.145	417.626
700	367.348	415.364
701	373.694	413.371
702	380.183	411.646
703	386.814	410.19
704	393.588	409.003
705	407.625	404.716
706	414.098	400.899
707	419.922	396.634
708	425.097	391.921
709	429.623	386.759
710	433.5	381.149
711	436.729	375.09
712	439.309	368.583
713	441.241	361.628
714	442.523	354.225
715	496.235	456.666
716	499.274	450.263
717	502.084	443.83
718	504.666	437.367
719	507.02	430.875
720	509.144	424.353
721	511.04	417.801
722	512.708	411.22
723	514.147	404.609
724	515.357	397.968
725	516.338	391.298
726	517.091	384.598
727	517.616	377.868
728	517.912	371.109
729	517.979	364.32
730	517.818	357.501
731	517.428	350.653
732	516.809	343.775
733	515.962	336.867
734	514.886	329.93
735	513.582	322.963
736	596.624	401.311
737	603.395	401.667
738	610.132	402.189
739	616.835	402.876
740	623.504	403.729
741	630.139	404.747
742	636.74	405.932
743	643.307	407.282
744	649.84	408.798
745	656.339	410.479
746	662.803	412.327
747	669.234	414.34
748	675.63	416.519
749	681.993	418.863
750	680.45	420.244
751	672.86	418.776
752	665.554	416.971
753	658.529	414.828
754	651.786	412.347
755	645.326	409.529
756	639.148	406.373
757	633.252	402.879
758	627.639	399.047
759	622.307	394.878
760	617.258	390.372
761	612.491	385.527
762	608.006	380.345
763	603.803	374.826
764	599.883	368.968
765	596.245	362.773
766	592.889	356.241
767	589.815	349.37
768	587.023	342.162
769	241.118	328.789
770	239.277	322.423
771	237.291	316.123
772	235.158	309.89
773	232.879	303.723
774	230.455	297.622
775	227.884	291.588
776	225.168	285.621
777	222.306	279.719
778	219.298	273.884
779	216.144	268.116
780	212.845	262.414
781	209.399	256.778
782	205.807	251.209
783	448.83	342.27
784	454.62	338.435
785	460.528	334.868
786	466.555	331.569
787	472.7	328.537
788	478.962	325.773
789	485.343	323.276
790	491.843	321.047
791	498.46	319.086
792	505.195	317.393
793	437.126	342.809
794	431.277	339.103
795	425.609	335.254
796	420.123	331.262
797	414.818	327.128
798	409.695	322.851
799	404.753	318.431
800	399.993	313.869
801	395.414	309.163
802	391.017	304.316
803	386.802	299.325
804	382.768	294.192
805	378.916	288.916
806	375.245	283.498
807	371.756	277.936
808	368.449	272.233
809	365.323	266.386
810	362.378	260.397
811	359.616	254.265
812	357.034	247.99
813	354.635	241.573
814	352.417	235.013
815	589.854	330.148
816	594.929	325.53
817	599.739	320.76
818	604.284	315.841
819	608.564	310.771
820	612.578	305.55
821	616.328	300.179
822	619.812	294.658
823	623.032	288.986
824	625.986	283.163
825	628.675	277.19
826	631.099	271.067
827	633.258	264.793
828	635.151	258.369
829	636.78	251.794
830	638.143	245.068
831	852.217	318.358
832	853.054	311.088
833	853.557	303.922
834	853.726	296.861
835	853.561	289.904
836	853.062	283.052
837	852.23	276.305
838	851.063	269.663
839	849.563	263.126
840	847.728	256.693
841	845.56	250.365
842	843.058	244.141
843	840.222	238.023
844	837.052	232.009
845	833.548	226.099
846	829.711	220.295
847	825.539	214.595
848	821.034	209
849	816.194	203.51
850	105.063	233.195
851	108.751	227.472
852	112.153	221.646
853	115.269	215.715
854	118.097	209.682
855	120.639	203.544
856	122.895	197.303
857	124.863	190.959
858	126.545	184.511
859	127.94	177.959
860	129.049	171.304
861	129.871	164.545
862	347.137	222.076
863	343.716	215.991
864	340.116	210.055
865	336.338	204.268
866	332.382	198.63
867	328.248	193.141
868	323.935	187.802
869	319.443	182.611
870	314.774	177.57
871	309.926	172.677
872	304.899	167.934
873	299.695	163.34
874	294.312	158.895
875	454.058	197.191
876	461.409	196.502
877	468.58	196.262
878	475.572	196.47
879	482.383	197.125
880	489.014	198.229
881	495.465	199.78
882	501.737	201.78
883	507.828	204.227
884	513.739	207.122
885	519.471	210.466
886	525.022	214.257
887	530.394	218.497
888	535.585	223.184
889	540.596	228.319
890	545.428	233.903
891	644.044	232.552
892	649.171	227.633
893	654.625	223.435
894	660.403	219.958
895	666.508	217.202
896	672.938	215.167
897	679.693	213.853
898	686.774	213.26
899	700.87	214.059
900	707.537	214.552
901	714.179	214.865
902	720.799	215
903	727.395	214.956
904	733.968	214.734
905	740.518	214.333
906	747.044	213.753
907	753.546	212.994
908	760.026	212.057
909	766.482	210.941
910	772.915	209.646
911	779.324	208.172
912	785.71	206.52
913	792.073	204.689
914	798.412	202.68
915	804.728	200.491
916	688.773	208.858
917	683.607	204.162
918	678.681	199.302
919	673.996	194.276
920	669.552	189.085
921	665.349	183.729
922	661.387	178.208
923	657.666	172.522
924	654.186	166.67
925	650.947	160.653
926	647.949	154.471
927	645.191	148.124
928	642.675	141.612
929	21.6527	102.036
930	29.6145	100.977
931	37.3503	100.407
932	44.8604	100.325
933	52.1445	100.731
934	59.2028	101.625
935	66.0352	103.008
936	72.6417	104.879
937	79.0223	107.238
938	85.1771	110.085
939	91.106	113.421
940	96.8091	117.245
941	102.286	121.557
942	107.538	126.357
943	112.563	131.645
944	117.362	137.422
945	121.936	143.687
946	126.284	150.441
947	131.81	149.048
948	132.844	140.628
949	133.509	132.424
950	133.804	124.435
951	133.73	116.66
952	133.287	109.101
953	132.474	101.756
954	131.292	94.6262
955	129.741	87.7114
956	127.82	81.0115
957	125.53	74.5267
958	122.871	68.2567
959	119.842	62.2017
960	116.443	56.3616
961	112.676	50.7365
962	108.539	45.3263
963	104.032	40.131
964	99.1564	35.1507
965	93.9112	30.3853
966	88.2966	25.8348
967	82.3126	21.4993
968	75.9593	17.3788
969	69.2366	13.4731
970	62.1445	9.78244
971	54.6831	6.30669
972	46.8522	3.04588
973	536.821	143.664
974	543.112	141.336
975	549.427	139.246
976	555.766	137.393
977	562.129	135.778
978	568.518	134.401
979	574.93	133.261
980	581.367	132.359
981	587.828	131.694
982	594.314	131.268
983	600.825	131.079
984	607.359	131.127
985	613.918	131.413
986	620.502	131.937
987	627.11	132.699
988	633.743	133.698
989	533.588	139.047
990	535.953	131.927
991	537.649	124.87
992	538.678	117.875
993	539.038	110.943
994	538.73	104.075
995	537.754	97.2683
996	536.109	90.5249
997	533.797	83.8442
998	530.816	77.2262
999	527.167	70.671
1000	728.876	100.342
1001	725.345	93.1849
1002	721.612	86.3488
1003	717.677	79.8334
1004	713.54	73.6386
1005	709.2	67.7644
1006	704.658	62.2108
1007	699.914	56.9779
1008	694.968	52.0656
1009	689.819	47.4739
1010	684.469	43.2028
1011	678.916	39.2524
1012	673.16	35.6225
1013	667.203	32.3133
1014	661.043	29.3248
1015	654.682	26.6568
1016	648.117	24.3095
1017	641.351	22.2828
1018	634.383	20.5767
1019	627.212	19.1912
1020	619.839	18.1264
1021	612.264	17.3822
1022	604.487	16.9586
1023	596.507	16.8556
1024	925.516	147.377
1025	918.661	145.799
1026	911.911	144.045
1027	905.266	142.116
1028	898.725	140.01
1029	892.289	137.728
1030	885.959	135.27
1031	879.733	132.637
1032	873.611	129.827
1033	867.595	126.841
1034	861.684	123.678
1035	855.877	120.34
1036	850.175	116.826
1037	844.578	113.136
1038	839.086	109.27
1039	833.698	105.227
1040	828.416	101.009
1041	823.238	96.6142
1042	818.165	92.0436
1043	813.197	87.297
1044	808.334	82.3743
1045	803.575	77.2756
1046	798.922	72.0007
1047	44.1253	4.46682
1048	49.6965	8.69104
1049	55.3657	12.6726
1050	61.1328	16.4117
1051	66.9979	19.9081
1052	72.9609	23.1618
1053	79.0218	26.173
1054	85.1807	28.9416
1055	91.4375	31.4676
1056	97.7923	33.751
1057	104.245	35.7918
1058	110.796	37.5899
1059	117.444	39.1455
1060	124.191	40.4584
1061	131.035	41.5288
1062	137.978	42.3565
1063	151.537	41.7116
1064	157.969	40.2845
1065	164.314	38.6605
1066	170.572	36.8394
1067	176.743	34.8214
1068	182.827	32.6064
1069	188.824	30.1944
1070	194.734	27.5854
1071	200.557	24.7794
1072	206.293	21.7765
1073	211.943	18.5765
1074	217.505	15.1796
1075	222.98	11.5857
1076	228.369	7.79477
1077	525.991	57.0345
1078	529.552	50.4757
1079	533.535	44.502
1080	537.939	39.1136
1081	542.763	34.3104
1082	548.009	30.0923
1083	553.676	26.4595
1084	559.764	23.4118
1085	566.273	20.9494
1086	573.202	19.0722
1087	580.553	17.7801
