NOMBRE : MTLARP8_10_6_2.dat
VERTICES ORIGINALES : 78
VERTICES TOTALES : 1219
DEPOTS : 6
73
74
75
76
77
78
LINEAS ORIGINALES : 76
LINE 1 10 129.555 12
	79 11.2278
	80 10.9961
	81 10.8071
	82 10.6632
	83 10.5662
	84 10.5173
	85 10.5173
	86 10.5662
	87 10.6632
	88 10.8071
	89 10.9961
	10 11.2278
LINE 1 11 276.334 26
	90 11.2617
	91 11.1141
	92 10.977
	93 10.8509
	94 10.7362
	95 10.6331
	96 10.5421
	97 10.4635
	98 10.3975
	99 10.3444
	100 10.3045
	101 10.2777
	102 10.2643
	103 10.2643
	104 10.2777
	105 10.3045
	106 10.3444
	107 10.3975
	108 10.4635
	109 10.5421
	110 10.6331
	111 10.7362
	112 10.8509
	113 10.977
	114 11.1141
	11 11.2617
LINE 2 11 219.787 21
	115 10.7784
	116 10.686
	117 10.6027
	118 10.5286
	119 10.464
	120 10.409
	121 10.3638
	122 10.3285
	123 10.3032
	124 10.288
	125 10.2829
	126 10.288
	127 10.3032
	128 10.3285
	129 10.3638
	130 10.409
	131 10.464
	132 10.5286
	133 10.6027
	134 10.686
	11 10.7784
LINE 3 12 295.375 29
	135 10.221
	136 10.2133
	137 10.2063
	138 10.1998
	139 10.1939
	140 10.1885
	141 10.1837
	142 10.1794
	143 10.1757
	144 10.1726
	145 10.1701
	146 10.1681
	147 10.1667
	148 10.1658
	149 10.1656
	150 10.1658
	151 10.1667
	152 10.1681
	153 10.1701
	154 10.1726
	155 10.1757
	156 10.1794
	157 10.1837
	158 10.1885
	159 10.1939
	160 10.1998
	161 10.2063
	162 10.2133
	12 10.221
LINE 3 13 244.317 23
	163 11.4685
	164 11.2464
	165 11.0416
	166 10.8551
	167 10.6879
	168 10.5408
	169 10.4147
	170 10.3104
	171 10.2285
	172 10.1696
	173 10.1341
	174 10.1222
	175 10.1341
	176 10.1696
	177 10.2285
	178 10.3104
	179 10.4147
	180 10.5408
	181 10.6879
	182 10.8551
	183 11.0416
	184 11.2464
	13 11.4685
LINE 4 5 191.34 18
	185 10.9973
	186 10.8697
	187 10.7568
	188 10.6591
	189 10.577
	190 10.5108
	191 10.461
	192 10.4276
	193 10.4108
	194 10.4108
	195 10.4276
	196 10.461
	197 10.5108
	198 10.577
	199 10.6591
	200 10.7568
	201 10.8697
	5 10.9973
LINE 5 15 143.995 14
	202 10.3215
	203 10.3049
	204 10.2909
	205 10.2798
	206 10.2714
	207 10.2659
	208 10.2631
	209 10.2631
	210 10.2659
	211 10.2714
	212 10.2798
	213 10.2909
	214 10.3049
	15 10.3215
LINE 6 7 155.845 15
	215 10.4519
	216 10.4253
	217 10.4027
	218 10.3842
	219 10.3698
	220 10.3595
	221 10.3533
	222 10.3512
	223 10.3533
	224 10.3595
	225 10.3698
	226 10.3842
	227 10.4027
	228 10.4253
	7 10.4519
LINE 7 8 160.887 16
	229 10.1963
	230 10.1403
	231 10.0921
	232 10.0517
	233 10.0192
	234 9.99486
	235 9.97857
	236 9.97041
	237 9.97041
	238 9.97857
	239 9.99486
	240 10.0192
	241 10.0517
	242 10.0921
	243 10.1403
	8 10.1963
LINE 9 18 211.322 20
	244 11.2674
	245 11.0527
	246 10.8583
	247 10.6853
	248 10.5347
	249 10.4076
	250 10.3048
	251 10.227
	252 10.1748
	253 10.1486
	254 10.1486
	255 10.1748
	256 10.227
	257 10.3048
	258 10.4076
	259 10.5347
	260 10.6853
	261 10.8583
	262 11.0527
	18 11.2674
LINE 9 19 158.729 15
	263 10.7481
	264 10.6773
	265 10.6171
	266 10.5676
	267 10.529
	268 10.5012
	269 10.4846
	270 10.479
	271 10.4846
	272 10.5012
	273 10.529
	274 10.5676
	275 10.6171
	276 10.6773
	19 10.7481
LINE 10 11 172.658 17
	277 10.2201
	278 10.1963
	279 10.1756
	280 10.158
	281 10.1436
	282 10.1324
	283 10.1244
	284 10.1196
	285 10.118
	286 10.1196
	287 10.1244
	288 10.1324
	289 10.1436
	290 10.158
	291 10.1756
	292 10.1963
	11 10.2201
LINE 10 20 183.172 18
	293 10.524
	294 10.4032
	295 10.2963
	296 10.2038
	297 10.126
	298 10.0634
	299 10.0162
	300 9.98455
	301 9.9687
	302 9.9687
	303 9.98455
	304 10.0162
	305 10.0634
	306 10.126
	307 10.2038
	308 10.2963
	309 10.4032
	20 10.524
LINE 11 12 120.126 11
	310 11.343
	311 11.0931
	312 10.8949
	313 10.751
	314 10.6637
	315 10.6345
	316 10.6637
	317 10.751
	318 10.8949
	319 11.0931
	12 11.343
LINE 11 21 169.597 16
	320 11.0026
	321 10.8442
	322 10.7065
	323 10.5904
	324 10.4966
	325 10.4258
	326 10.3782
	327 10.3544
	328 10.3544
	329 10.3782
	330 10.4258
	331 10.4966
	332 10.5904
	333 10.7065
	334 10.8442
	21 11.0026
LINE 12 21 246.071 24
	335 10.6332
	336 10.5358
	337 10.4464
	338 10.3654
	339 10.2928
	340 10.2289
	341 10.1738
	342 10.1276
	343 10.0905
	344 10.0626
	345 10.044
	346 10.0347
	347 10.0347
	348 10.044
	349 10.0626
	350 10.0905
	351 10.1276
	352 10.1738
	353 10.2289
	354 10.2928
	355 10.3654
	356 10.4464
	357 10.5358
	21 10.6332
LINE 12 22 184.404 18
	358 10.6787
	359 10.5285
	360 10.3952
	361 10.2796
	362 10.1823
	363 10.1037
	364 10.0444
	365 10.0047
	366 9.98474
	367 9.98474
	368 10.0047
	369 10.0444
	370 10.1037
	371 10.1823
	372 10.2796
	373 10.3952
	374 10.5285
	22 10.6787
LINE 13 14 85.9755 8
	375 10.8755
	376 10.7657
	377 10.6918
	378 10.6547
	379 10.6547
	380 10.6918
	381 10.7657
	14 10.8755
LINE 14 23 144.726 14
	382 10.7147
	383 10.5433
	384 10.3983
	385 10.2808
	386 10.1918
	387 10.132
	388 10.102
	389 10.102
	390 10.132
	391 10.1918
	392 10.2808
	393 10.3983
	394 10.5433
	23 10.7147
LINE 16 17 143.368 14
	395 10.5596
	396 10.4143
	397 10.2916
	398 10.1924
	399 10.1173
	400 10.067
	401 10.0417
	402 10.0417
	403 10.067
	404 10.1173
	405 10.1924
	406 10.2916
	407 10.4143
	17 10.5596
LINE 16 25 101.877 10
	408 10.6815
	409 10.3578
	410 10.1083
	411 9.93841
	412 9.85238
	413 9.85238
	414 9.93841
	415 10.1083
	416 10.3578
	25 10.6815
LINE 20 21 118.658 12
	417 9.89968
	418 9.8934
	419 9.88837
	420 9.8846
	421 9.88208
	422 9.88082
	423 9.88082
	424 9.88208
	425 9.8846
	426 9.88837
	427 9.8934
	21 9.89968
LINE 20 29 180.751 17
	428 10.9987
	429 10.8635
	430 10.7449
	431 10.6435
	432 10.5598
	433 10.4943
	434 10.4472
	435 10.4189
	436 10.4094
	437 10.4189
	438 10.4472
	439 10.4943
	440 10.5598
	441 10.6435
	442 10.7449
	443 10.8635
	29 10.9987
LINE 21 22 135.845 13
	444 10.4497
	445 10.4496
	446 10.4496
	447 10.4496
	448 10.4495
	449 10.4495
	450 10.4495
	451 10.4495
	452 10.4495
	453 10.4496
	454 10.4496
	455 10.4496
	22 10.4497
LINE 21 30 145.055 14
	456 10.6325
	457 10.5086
	458 10.4042
	459 10.3199
	460 10.2563
	461 10.2136
	462 10.1922
	463 10.1922
	464 10.2136
	465 10.2563
	466 10.3199
	467 10.4042
	468 10.5086
	30 10.6325
LINE 22 23 205.09 19
	469 11.4567
	470 11.2421
	471 11.0492
	472 10.8793
	473 10.7334
	474 10.6125
	475 10.5176
	476 10.4492
	477 10.408
	478 10.3942
	479 10.408
	480 10.4492
	481 10.5176
	482 10.6125
	483 10.7334
	484 10.8793
	485 11.0492
	486 11.2421
	23 11.4567
LINE 22 30 220.818 21
	487 11.2093
	488 11.0074
	489 10.8236
	490 10.6588
	491 10.5139
	492 10.3897
	493 10.287
	494 10.2064
	495 10.1484
	496 10.1134
	497 10.1018
	498 10.1134
	499 10.1484
	500 10.2064
	501 10.287
	502 10.3897
	503 10.5139
	504 10.6588
	505 10.8236
	506 11.0074
	30 11.2093
LINE 23 24 87.9041 8
	507 11.6478
	508 11.092
	509 10.7054
	510 10.5068
	511 10.5068
	512 10.7054
	513 11.092
	24 11.6478
LINE 23 31 192.169 19
	514 10.1851
	515 10.1616
	516 10.1407
	517 10.1226
	518 10.1073
	519 10.0947
	520 10.0849
	521 10.0779
	522 10.0737
	523 10.0723
	524 10.0737
	525 10.0779
	526 10.0849
	527 10.0947
	528 10.1073
	529 10.1226
	530 10.1407
	531 10.1616
	31 10.1851
LINE 23 33 204.6 20
	532 10.506
	533 10.42
	534 10.3429
	535 10.2749
	536 10.2163
	537 10.1673
	538 10.1278
	539 10.0981
	540 10.0783
	541 10.0684
	542 10.0684
	543 10.0783
	544 10.0981
	545 10.1278
	546 10.1673
	547 10.2163
	548 10.2749
	549 10.3429
	550 10.42
	33 10.506
LINE 25 26 204.68 19
	551 11.4669
	552 11.2423
	553 11.0403
	554 10.8621
	555 10.7091
	556 10.5822
	557 10.4825
	558 10.4107
	559 10.3674
	560 10.3529
	561 10.3674
	562 10.4107
	563 10.4825
	564 10.5822
	565 10.7091
	566 10.8621
	567 11.0403
	568 11.2423
	26 11.4669
LINE 26 35 157.572 15
	569 10.8749
	570 10.7186
	571 10.5847
	572 10.4738
	573 10.3867
	574 10.324
	575 10.2863
	576 10.2737
	577 10.2863
	578 10.324
	579 10.3867
	580 10.4738
	581 10.5847
	582 10.7186
	35 10.8749
LINE 27 37 224.597 21
	583 11.4889
	584 11.2589
	585 11.0491
	586 10.8606
	587 10.6946
	588 10.552
	589 10.434
	590 10.3412
	591 10.2744
	592 10.2342
	593 10.2207
	594 10.2342
	595 10.2744
	596 10.3412
	597 10.434
	598 10.552
	599 10.6946
	600 10.8606
	601 11.0491
	602 11.2589
	37 11.4889
LINE 28 37 207.607 20
	603 10.7218
	604 10.6156
	605 10.5204
	606 10.4363
	607 10.3637
	608 10.3028
	609 10.2538
	610 10.217
	611 10.1923
	612 10.18
	613 10.18
	614 10.1923
	615 10.217
	616 10.2538
	617 10.3028
	618 10.3637
	619 10.4363
	620 10.5204
	621 10.6156
	37 10.7218
LINE 29 30 191.976 18
	622 11.5439
	623 11.2452
	624 10.9771
	625 10.742
	626 10.542
	627 10.3793
	628 10.2556
	629 10.1723
	630 10.1304
	631 10.1304
	632 10.1723
	633 10.2556
	634 10.3793
	635 10.542
	636 10.742
	637 10.9771
	638 11.2452
	30 11.5439
LINE 29 38 127.598 12
	639 10.6447
	640 10.6384
	641 10.6334
	642 10.6296
	643 10.6271
	644 10.6258
	645 10.6258
	646 10.6271
	647 10.6296
	648 10.6334
	649 10.6384
	38 10.6447
LINE 30 31 209.04 20
	650 11.0774
	651 10.8854
	652 10.7118
	653 10.5575
	654 10.4235
	655 10.3105
	656 10.2192
	657 10.1502
	658 10.1039
	659 10.0807
	660 10.0807
	661 10.1039
	662 10.1502
	663 10.2192
	664 10.3105
	665 10.4235
	666 10.5575
	667 10.7118
	668 10.8854
	31 11.0774
LINE 30 39 111.164 11
	669 10.2481
	670 10.1632
	671 10.0966
	672 10.0488
	673 10.02
	674 10.0104
	675 10.02
	676 10.0488
	677 10.0966
	678 10.1632
	39 10.2481
LINE 31 32 69.9467 7
	679 9.99335
	680 9.99238
	681 9.9918
	682 9.99161
	683 9.9918
	684 9.99238
	32 9.99335
LINE 34 42 172.408 17
	685 10.2483
	686 10.2085
	687 10.1739
	688 10.1445
	689 10.1204
	690 10.1016
	691 10.0882
	692 10.0801
	693 10.0774
	694 10.0801
	695 10.0882
	696 10.1016
	697 10.1204
	698 10.1445
	699 10.1739
	700 10.2085
	42 10.2483
LINE 36 43 175.521 17
	701 10.6648
	702 10.5392
	703 10.429
	704 10.335
	705 10.2573
	706 10.1965
	707 10.1529
	708 10.1266
	709 10.1179
	710 10.1266
	711 10.1529
	712 10.1965
	713 10.2573
	714 10.335
	715 10.429
	716 10.5392
	43 10.6648
LINE 36 44 165.188 16
	717 10.6432
	718 10.5173
	719 10.4083
	720 10.3165
	721 10.2425
	722 10.1867
	723 10.1493
	724 10.1305
	725 10.1305
	726 10.1493
	727 10.1867
	728 10.2425
	729 10.3165
	730 10.4083
	731 10.5173
	44 10.6432
LINE 37 44 200.302 19
	732 11.3529
	733 11.092
	734 10.8567
	735 10.6485
	736 10.4691
	737 10.32
	738 10.2025
	739 10.1178
	740 10.0666
	741 10.0495
	742 10.0666
	743 10.1178
	744 10.2025
	745 10.32
	746 10.4691
	747 10.6485
	748 10.8567
	749 11.092
	44 11.3529
LINE 37 45 89.5123 8
	750 11.889
	751 11.2998
	752 10.8893
	753 10.6781
	754 10.6781
	755 10.8893
	756 11.2998
	45 11.889
LINE 38 39 120.709 12
	757 10.2026
	758 10.1248
	759 10.0621
	760 10.0148
	761 9.98313
	762 9.96727
	763 9.96727
	764 9.98313
	765 10.0148
	766 10.0621
	767 10.1248
	39 10.2026
LINE 39 40 181.116 18
	768 10.0795
	769 10.0733
	770 10.0679
	771 10.0633
	772 10.0594
	773 10.0563
	774 10.054
	775 10.0524
	776 10.0517
	777 10.0517
	778 10.0524
	779 10.054
	780 10.0563
	781 10.0594
	782 10.0633
	783 10.0679
	784 10.0733
	40 10.0795
LINE 40 41 170.627 17
	785 10.1232
	786 10.091
	787 10.0629
	788 10.0392
	789 10.0197
	790 10.0045
	791 9.9936
	792 9.98707
	793 9.98489
	794 9.98707
	795 9.9936
	796 10.0045
	797 10.0197
	798 10.0392
	799 10.0629
	800 10.091
	41 10.1232
LINE 41 49 213.065 21
	801 10.1483
	802 10.1476
	803 10.1469
	804 10.1464
	805 10.1459
	806 10.1455
	807 10.1452
	808 10.145
	809 10.1448
	810 10.1447
	811 10.1446
	812 10.1447
	813 10.1448
	814 10.145
	815 10.1452
	816 10.1455
	817 10.1459
	818 10.1464
	819 10.1469
	820 10.1476
	49 10.1483
LINE 42 51 103.055 10
	821 10.9339
	822 10.5238
	823 10.2055
	824 9.98757
	825 9.87682
	826 9.87682
	827 9.98757
	828 10.2055
	829 10.5238
	51 10.9339
LINE 44 45 138.943 13
	830 11.2168
	831 10.9576
	832 10.7409
	833 10.5693
	834 10.445
	835 10.3697
	836 10.3445
	837 10.3697
	838 10.445
	839 10.5693
	840 10.7409
	841 10.9576
	45 11.2168
LINE 45 55 250.471 23
	842 11.6729
	843 11.4667
	844 11.2768
	845 11.1042
	846 10.9496
	847 10.8138
	848 10.6976
	849 10.6016
	850 10.5263
	851 10.4721
	852 10.4395
	853 10.4286
	854 10.4395
	855 10.4721
	856 10.5263
	857 10.6016
	858 10.6976
	859 10.8138
	860 10.9496
	861 11.1042
	862 11.2768
	863 11.4667
	55 11.6729
LINE 46 47 148.592 14
	864 10.6793
	865 10.6491
	866 10.6239
	867 10.6036
	868 10.5884
	869 10.5783
	870 10.5732
	871 10.5732
	872 10.5783
	873 10.5884
	874 10.6036
	875 10.6239
	876 10.6491
	47 10.6793
LINE 47 56 222.962 21
	877 11.4713
	878 11.2246
	879 10.9992
	880 10.7964
	881 10.6175
	882 10.4637
	883 10.3362
	884 10.2359
	885 10.1637
	886 10.1201
	887 10.1055
	888 10.1201
	889 10.1637
	890 10.2359
	891 10.3362
	892 10.4637
	893 10.6175
	894 10.7964
	895 10.9992
	896 11.2246
	56 11.4713
LINE 48 58 179.489 17
	897 10.8509
	898 10.7425
	899 10.6477
	900 10.5667
	901 10.5001
	902 10.4479
	903 10.4105
	904 10.388
	905 10.3805
	906 10.388
	907 10.4105
	908 10.4479
	909 10.5001
	910 10.5667
	911 10.6477
	912 10.7425
	58 10.8509
LINE 49 59 152.626 15
	913 10.4282
	914 10.3209
	915 10.2292
	916 10.1535
	917 10.0943
	918 10.0518
	919 10.0262
	920 10.0177
	921 10.0262
	922 10.0518
	923 10.0943
	924 10.1535
	925 10.2292
	926 10.3209
	59 10.4282
LINE 50 51 219.194 21
	927 10.8003
	928 10.6934
	929 10.5967
	930 10.5107
	931 10.4356
	932 10.3717
	933 10.319
	934 10.2779
	935 10.2484
	936 10.2307
	937 10.2248
	938 10.2307
	939 10.2484
	940 10.2779
	941 10.319
	942 10.3717
	943 10.4356
	944 10.5107
	945 10.5967
	946 10.6934
	51 10.8003
LINE 51 61 234.5 22
	947 11.1793
	948 11.0341
	949 10.9018
	950 10.7828
	951 10.6776
	952 10.5866
	953 10.5102
	954 10.4486
	955 10.4022
	956 10.3712
	957 10.3556
	958 10.3556
	959 10.3712
	960 10.4022
	961 10.4486
	962 10.5102
	963 10.5866
	964 10.6776
	965 10.7828
	966 10.9018
	967 11.0341
	61 11.1793
LINE 52 62 142.25 13
	968 11.5647
	969 11.2606
	970 11.0056
	971 10.803
	972 10.656
	973 10.5668
	974 10.5369
	975 10.5668
	976 10.656
	977 10.803
	978 11.0056
	979 11.2606
	62 11.5647
LINE 53 63 101.765 10
	980 10.222
	981 10.1917
	982 10.1689
	983 10.1537
	984 10.1461
	985 10.1461
	986 10.1537
	987 10.1689
	988 10.1917
	63 10.222
LINE 54 55 151.732 14
	989 11.3187
	990 11.1009
	991 10.9161
	992 10.766
	993 10.6521
	994 10.5754
	995 10.5368
	996 10.5368
	997 10.5754
	998 10.6521
	999 10.766
	1000 10.9161
	1001 11.1009
	55 11.3187
LINE 54 64 164.416 16
	1002 10.3652
	1003 10.3297
	1004 10.2991
	1005 10.2736
	1006 10.2531
	1007 10.2377
	1008 10.2275
	1009 10.2223
	1010 10.2223
	1011 10.2275
	1012 10.2377
	1013 10.2531
	1014 10.2736
	1015 10.2991
	1016 10.3297
	64 10.3652
LINE 56 66 167.248 16
	1017 10.8386
	1018 10.6868
	1019 10.555
	1020 10.4439
	1021 10.3542
	1022 10.2864
	1023 10.2409
	1024 10.2181
	1025 10.2181
	1026 10.2409
	1027 10.2864
	1028 10.3542
	1029 10.4439
	1030 10.555
	1031 10.6868
	66 10.8386
LINE 57 58 123.524 12
	1032 10.3572
	1033 10.3226
	1034 10.2949
	1035 10.2741
	1036 10.2602
	1037 10.2532
	1038 10.2532
	1039 10.2602
	1040 10.2741
	1041 10.2949
	1042 10.3226
	58 10.3572
LINE 57 67 198.079 19
	1043 11.0772
	1044 10.866
	1045 10.6763
	1046 10.509
	1047 10.3654
	1048 10.2464
	1049 10.1529
	1050 10.0856
	1051 10.0449
	1052 10.0314
	1053 10.0449
	1054 10.0856
	1055 10.1529
	1056 10.2464
	1057 10.3654
	1058 10.509
	1059 10.6763
	1060 10.866
	67 11.0772
LINE 58 59 172.783 17
	1061 10.3725
	1062 10.2949
	1063 10.2272
	1064 10.1696
	1065 10.1222
	1066 10.0852
	1067 10.0587
	1068 10.0427
	1069 10.0374
	1070 10.0427
	1071 10.0587
	1072 10.0852
	1073 10.1222
	1074 10.1696
	1075 10.2272
	1076 10.2949
	59 10.3725
LINE 59 60 195.101 18
	1077 11.8388
	1078 11.5003
	1079 11.1957
	1080 10.9279
	1081 10.6996
	1082 10.5133
	1083 10.3715
	1084 10.2758
	1085 10.2276
	1086 10.2276
	1087 10.2758
	1088 10.3715
	1089 10.5133
	1090 10.6996
	1091 10.9279
	1092 11.1957
	1093 11.5003
	60 11.8388
LINE 59 67 148.816 14
	1094 11.1119
	1095 10.8936
	1096 10.7082
	1097 10.5576
	1098 10.4432
	1099 10.3662
	1100 10.3275
	1101 10.3275
	1102 10.3662
	1103 10.4432
	1104 10.5576
	1105 10.7082
	1106 10.8936
	67 11.1119
LINE 60 61 128.335 13
	1107 9.93531
	1108 9.90372
	1109 9.8778
	1110 9.85759
	1111 9.84313
	1112 9.83444
	1113 9.83154
	1114 9.83444
	1115 9.84313
	1116 9.85759
	1117 9.8778
	1118 9.90372
	61 9.93531
LINE 60 69 142.721 14
	1119 10.6029
	1120 10.4175
	1121 10.2604
	1122 10.133
	1123 10.0364
	1124 9.97143
	1125 9.9388
	1126 9.9388
	1127 9.97143
	1128 10.0364
	1129 10.133
	1130 10.2604
	1131 10.4175
	69 10.6029
LINE 61 62 179.33 17
	1132 10.828
	1133 10.7245
	1134 10.6341
	1135 10.557
	1136 10.4934
	1137 10.4437
	1138 10.4081
	1139 10.3867
	1140 10.3795
	1141 10.3867
	1142 10.4081
	1143 10.4437
	1144 10.4934
	1145 10.557
	1146 10.6341
	1147 10.7245
	62 10.828
LINE 61 70 106.358 10
	1148 11.3763
	1149 10.8945
	1150 10.5187
	1151 10.2605
	1152 10.129
	1153 10.129
	1154 10.2605
	1155 10.5187
	1156 10.8945
	70 11.3763
LINE 62 71 124.951 12
	1157 10.7705
	1158 10.5779
	1159 10.4212
	1160 10.3021
	1161 10.222
	1162 10.1816
	1163 10.1816
	1164 10.222
	1165 10.3021
	1166 10.4212
	1167 10.5779
	71 10.7705
LINE 64 65 68.5692 7
	1168 10.0827
	1169 9.79763
	1170 9.62255
	1171 9.56348
	1172 9.62255
	1173 9.79763
	65 10.0827
LINE 65 72 209.603 20
	1174 10.7015
	1175 10.6323
	1176 10.5704
	1177 10.516
	1178 10.4691
	1179 10.4298
	1180 10.3983
	1181 10.3746
	1182 10.3588
	1183 10.3509
	1184 10.3509
	1185 10.3588
	1186 10.3746
	1187 10.3983
	1188 10.4298
	1189 10.4691
	1190 10.516
	1191 10.5704
	1192 10.6323
	72 10.7015
LINE 68 69 126.15 12
	1193 10.5988
	1194 10.5519
	1195 10.5142
	1196 10.4858
	1197 10.4669
	1198 10.4574
	1199 10.4574
	1200 10.4669
	1201 10.4858
	1202 10.5142
	1203 10.5519
	69 10.5988
LINE 70 71 182.762 17
	1204 11.4201
	1205 11.1759
	1206 10.96
	1207 10.7738
	1208 10.6191
	1209 10.4972
	1210 10.4093
	1211 10.3561
	1212 10.3384
	1213 10.3561
	1214 10.4093
	1215 10.4972
	1216 10.6191
	1217 10.7738
	1218 10.96
	1219 11.1759
	71 11.4201
COORDENADAS :
1	38.954	731.754
2	182.492	746.64
3	393.329	751.686
4	453.344	752.653
5	577.978	744.426
6	690.838	745.74
7	793.867	755.73
8	896.711	728.684
9	963.645	699.682
10	57.6145	649.761
11	162.774	604.035
12	232.893	638.169
13	386.982	596.608
14	439.121	619.143
15	580.706	648.68
16	643.62	602.147
17	736.226	616.377
18	834.132	660.637
19	978.168	595.903
20	96.8241	536.77
21	163.054	493.621
22	249.815	519.583
23	378.614	546.879
24	434.431	549.97
25	642.524	536.546
26	771.362	560.991
27	865.273	507.182
28	953.882	546.898
29	56.8113	425.789
30	175.395	399.323
31	301.744	445.054
32	343.395	424.095
33	482.648	462.059
34	587.119	437.063
35	776.318	458.374
36	881.005	412.433
37	972.534	412.474
38	71.2099	342.012
39	150.084	330.414
40	267.318	358.791
41	379.721	345.708
42	576.469	323.35
43	788.747	344.335
44	902.058	306.471
45	976.897	355.834
46	74.2242	256.435
47	168.221	226.405
48	264.314	254.401
49	398.661	204.952
50	450.471	206.358
51	583.968	258.026
52	676.589	195.042
53	777.728	194.563
54	871.778	230.261
55	964.077	196.443
56	102.556	101.09
57	174.897	95.6719
58	244.929	138.364
59	356.104	114.264
60	478.584	120.884
61	562.759	107.661
62	680.33	103.798
63	767.662	127.682
64	889.024	122.602
65	933.15	115.911
66	59.1462	1.14719
67	290.746	43.4779
68	395.213	37.1801
69	478.375	28.1606
70	584.211	43.7492
71	699.83	24.7554
72	858.262	0
73	0	645.94
74	124.424	762.374
75	181.31	52.8314
76	739.006	209.745
77	524.43	672.259
78	819.849	292.438
79	43.0746	725.505
80	46.7287	719.15
81	49.9164	712.689
82	52.6376	706.121
83	54.8924	699.448
84	56.6806	692.668
85	58.0024	685.782
86	58.8578	678.79
87	59.2467	671.692
88	59.1691	664.488
89	58.625	657.177
90	41.4966	724.69
91	44.2168	717.798
92	47.1146	711.078
93	50.19	704.53
94	53.4429	698.155
95	56.8734	691.951
96	60.4815	685.92
97	64.2672	680.061
98	68.2304	674.374
99	72.3712	668.859
100	76.6896	663.517
101	81.1855	658.346
102	85.859	653.348
103	90.7101	648.522
104	95.7387	643.868
105	100.945	639.386
106	106.329	635.076
107	111.89	630.939
108	117.629	626.973
109	123.546	623.18
110	129.64	619.559
111	135.911	616.11
112	142.361	612.833
113	148.987	609.728
114	155.792	606.796
115	179.419	740.144
116	176.561	733.619
117	173.915	727.064
118	171.483	720.48
119	169.264	713.866
120	167.258	707.223
121	165.466	700.55
122	163.887	693.848
123	162.521	687.116
124	161.369	680.355
125	160.43	673.565
126	159.704	666.744
127	159.192	659.895
128	158.893	653.016
129	158.808	646.107
130	158.935	639.169
131	159.276	632.201
132	159.831	625.204
133	160.598	618.177
134	161.579	611.121
135	388.206	747.193
136	383.054	742.741
137	377.872	738.331
138	372.662	733.963
139	367.422	729.635
140	362.152	725.349
141	356.854	721.104
142	351.526	716.901
143	346.169	712.738
144	340.783	708.617
145	335.368	704.538
146	329.923	700.5
147	324.45	696.503
148	318.946	692.547
149	313.414	688.632
150	307.853	684.759
151	302.262	680.928
152	296.642	677.137
153	290.993	673.388
154	285.314	669.68
155	279.607	666.014
156	273.87	662.389
157	268.104	658.805
158	262.308	655.262
159	256.484	651.761
160	250.63	648.301
161	244.747	644.883
162	238.835	641.505
163	396.644	744.796
164	399.633	737.92
165	402.295	731.057
166	404.631	724.208
167	406.641	717.372
168	408.323	710.549
169	409.68	703.74
170	410.71	696.944
171	411.413	690.161
172	411.79	683.392
173	411.841	676.636
174	411.565	669.893
175	410.962	663.164
176	410.033	656.448
177	408.778	649.746
178	407.196	643.057
179	405.288	636.381
180	403.053	629.719
181	400.492	623.07
182	397.604	616.434
183	394.39	609.812
184	390.849	603.203
185	460.112	749.835
186	466.899	747.295
187	473.704	745.032
188	480.527	743.047
189	487.369	741.34
190	494.229	739.911
191	501.107	738.759
192	508.003	737.886
193	514.918	737.29
194	521.852	736.972
195	528.803	736.931
196	535.773	737.169
197	542.761	737.684
198	549.768	738.477
199	556.793	739.547
200	563.836	740.896
201	570.898	742.522
202	578.906	737.608
203	579.721	730.787
204	580.423	723.962
205	581.013	717.134
206	581.49	710.303
207	581.854	703.469
208	582.105	696.632
209	582.243	689.791
210	582.269	682.947
211	582.182	676.1
212	581.982	669.25
213	581.669	662.396
214	581.244	655.54
215	697.614	747.366
216	704.403	748.855
217	711.205	750.207
218	718.02	751.422
219	724.849	752.499
220	731.691	753.44
221	738.546	754.243
222	745.415	754.909
223	752.297	755.438
224	759.192	755.829
225	766.1	756.084
226	773.022	756.201
227	779.957	756.181
228	786.906	756.024
229	800.658	755.418
230	807.4	754.923
231	814.094	754.245
232	820.739	753.382
233	827.336	752.335
234	833.885	751.105
235	840.385	749.69
236	846.837	748.092
237	853.24	746.309
238	859.595	744.343
239	865.902	742.193
240	872.161	739.859
241	878.371	737.341
242	884.533	734.639
243	890.646	731.754
244	956.226	700.858
245	948.907	701.705
246	941.686	702.223
247	934.565	702.412
248	927.544	702.271
249	920.621	701.801
250	913.798	701.001
251	907.074	699.872
252	900.45	698.414
253	893.924	696.627
254	887.498	694.51
255	881.172	692.063
256	874.944	689.288
257	868.816	686.183
258	862.787	682.748
259	856.858	678.985
260	851.027	674.892
261	845.296	670.469
262	839.665	665.718
263	963.036	692.542
264	962.652	685.434
265	962.493	678.358
266	962.559	671.313
267	962.851	664.3
268	963.369	657.318
269	964.112	650.368
270	965.08	643.45
271	966.273	636.563
272	967.692	629.707
273	969.337	622.883
274	971.206	616.091
275	973.301	609.33
276	975.622	602.6
277	63.4171	646.19
278	69.2677	642.729
279	75.1661	639.378
280	81.1124	636.138
281	87.1066	633.007
282	93.1488	629.987
283	99.2388	627.077
284	105.377	624.277
285	111.563	621.587
286	117.796	619.008
287	124.078	616.538
288	130.407	614.179
289	136.785	611.93
290	143.21	609.791
291	149.683	607.762
292	156.205	605.844
293	61.9212	644.222
294	65.9775	638.596
295	69.7834	632.884
296	73.3389	627.085
297	76.644	621.198
298	79.6987	615.225
299	82.503	609.165
300	85.0569	603.018
301	87.3604	596.784
302	89.4135	590.464
303	91.2162	584.056
304	92.7685	577.562
305	94.0705	570.98
306	95.122	564.312
307	95.9231	557.557
308	96.4738	550.715
309	96.7742	543.786
310	170.3	604.773
311	177.595	605.984
312	184.661	607.668
313	191.496	609.825
314	198.1	612.455
315	204.475	615.558
316	210.619	619.134
317	216.533	623.183
318	222.217	627.706
319	227.67	632.701
320	160.305	597.128
321	158.168	590.222
322	156.362	583.316
323	154.888	576.412
324	153.746	569.508
325	152.934	562.605
326	152.455	555.703
327	152.307	548.801
328	152.49	541.901
329	153.004	535.001
330	153.851	528.102
331	155.028	521.204
332	156.537	514.307
333	158.378	507.411
334	160.55	500.516
335	232.096	631.125
336	231.116	624.17
337	229.952	617.304
338	228.604	610.527
339	227.072	603.838
340	225.356	597.238
341	223.457	590.727
342	221.374	584.304
343	219.107	577.971
344	216.656	571.726
345	214.022	565.57
346	211.204	559.503
347	208.202	553.524
348	205.016	547.635
349	201.647	541.834
350	198.094	536.122
351	194.357	530.498
352	190.436	524.964
353	186.332	519.518
354	182.044	514.161
355	177.572	508.893
356	172.916	503.713
357	168.077	498.623
358	231.33	631.224
359	230.061	624.321
360	229.086	617.459
361	228.407	610.64
362	228.021	603.863
363	227.931	597.128
364	228.134	590.434
365	228.633	583.783
366	229.425	577.174
367	230.513	570.607
368	231.895	564.082
369	233.571	557.599
370	235.542	551.158
371	237.808	544.759
372	240.368	538.402
373	243.222	532.087
374	246.371	525.814
375	394.082	598.076
376	401.016	599.931
377	407.783	602.17
378	414.383	604.794
379	420.817	607.804
380	427.085	611.198
381	433.186	614.978
382	436.63	612.449
383	433.857	605.99
384	430.803	599.767
385	427.467	593.78
386	423.849	588.028
387	419.949	582.513
388	415.768	577.233
389	411.306	572.189
390	406.561	567.381
391	401.535	562.809
392	396.228	558.473
393	390.638	554.372
394	384.767	550.508
395	649.903	605.322
396	656.237	608.165
397	662.622	610.676
398	669.058	612.855
399	675.545	614.702
400	682.083	616.216
401	688.672	617.399
402	695.313	618.249
403	702.004	618.767
404	708.746	618.953
405	715.54	618.807
406	722.384	618.329
407	729.279	617.519
408	640.743	595.633
409	638.48	589.109
410	636.833	582.574
411	635.801	576.03
412	635.384	569.475
413	635.582	562.909
414	636.395	556.334
415	637.823	549.748
416	639.866	543.152
417	102.12	532.832
418	107.457	528.956
419	112.834	525.142
420	118.251	521.391
421	123.71	517.701
422	129.208	514.074
423	134.748	510.51
424	140.328	507.008
425	145.948	503.567
426	151.61	500.19
427	157.311	496.874
428	92.2428	531.045
429	87.9399	525.219
430	83.9155	519.293
431	80.1695	513.267
432	76.702	507.14
433	73.513	500.913
434	70.6024	494.586
435	67.9702	488.158
436	65.6166	481.63
437	63.5413	475.001
438	61.7445	468.272
439	60.2262	461.442
440	58.9863	454.513
441	58.0249	447.482
442	57.3419	440.352
443	56.9373	433.121
444	169.739	495.58
445	176.422	497.546
446	183.104	499.517
447	189.783	501.495
448	196.461	503.48
449	203.137	505.471
450	209.811	507.468
451	216.483	509.471
452	223.153	511.481
453	229.822	513.497
454	236.488	515.519
455	243.152	517.548
456	161.927	486.623
457	161.11	479.665
458	160.602	472.747
459	160.402	465.87
460	160.512	459.034
461	160.93	452.237
462	161.657	445.482
463	162.693	438.766
464	164.038	432.091
465	165.692	425.457
466	167.654	418.863
467	169.926	412.309
468	172.506	405.796
469	257.26	517.878
470	264.631	516.521
471	271.928	515.513
472	279.15	514.855
473	286.299	514.546
474	293.374	514.585
475	300.375	514.975
476	307.302	515.713
477	314.155	516.8
478	320.934	518.237
479	327.639	520.023
480	334.27	522.158
481	340.827	524.642
482	347.31	527.475
483	353.719	530.657
484	360.053	534.189
485	366.314	538.07
486	372.501	542.3
487	243.517	515.561
488	237.494	511.368
489	231.747	507.005
490	226.276	502.471
491	221.079	497.767
492	216.159	492.893
493	211.513	487.848
494	207.143	482.632
495	203.048	477.246
496	199.229	471.69
497	195.685	465.963
498	192.417	460.066
499	189.424	453.999
500	186.706	447.761
501	184.264	441.352
502	182.098	434.773
503	180.206	428.024
504	178.59	421.104
505	177.25	414.014
506	176.185	406.754
507	385.779	543.884
508	392.89	541.855
509	399.947	540.792
510	406.951	540.696
511	413.901	541.565
512	420.798	543.401
513	427.642	546.202
514	373.764	542.127
515	369.003	537.308
516	364.332	532.421
517	359.75	527.467
518	355.257	522.445
519	350.853	517.356
520	346.539	512.199
521	342.315	506.975
522	338.18	501.683
523	334.134	496.324
524	330.177	490.897
525	326.31	485.403
526	322.533	479.841
527	318.845	474.212
528	315.246	468.516
529	311.736	462.752
530	308.316	456.92
531	304.985	451.021
532	385.082	544.191
533	391.416	541.339
534	397.617	538.323
535	403.685	535.145
536	409.619	531.803
537	415.421	528.297
538	421.089	524.628
539	426.624	520.796
540	432.025	516.8
541	437.293	512.641
542	442.428	508.318
543	447.43	503.832
544	452.299	499.182
545	457.034	494.369
546	461.636	489.393
547	466.105	484.253
548	470.44	478.95
549	474.643	473.483
550	478.712	467.853
551	648.692	541.062
552	654.928	545.219
553	661.233	549.017
554	667.605	552.456
555	674.046	555.537
556	680.554	558.259
557	687.131	560.622
558	693.776	562.626
559	700.489	564.272
560	707.27	565.558
561	714.119	566.486
562	721.036	567.055
563	728.021	567.265
564	735.074	567.117
565	742.195	566.609
566	749.385	565.743
567	756.642	564.518
568	763.968	562.934
569	769.318	554.035
570	767.613	547.096
571	766.247	540.173
572	765.221	533.266
573	764.534	526.376
574	764.186	519.502
575	764.177	512.645
576	764.507	505.803
577	765.177	498.979
578	766.186	492.17
579	767.534	485.378
580	769.221	478.603
581	771.247	471.844
582	773.613	465.101
583	868.065	500.05
584	871.089	493.18
585	874.345	486.573
586	877.832	480.227
587	881.55	474.144
588	885.5	468.323
589	889.682	462.764
590	894.095	457.467
591	898.74	452.433
592	903.616	447.661
593	908.723	443.151
594	914.063	438.903
595	919.633	434.918
596	925.436	431.195
597	931.469	427.733
598	937.735	424.535
599	944.232	421.598
600	950.96	418.924
601	957.92	416.511
602	965.111	414.362
603	957.04	540.486
604	959.964	534.041
605	962.653	527.563
606	965.108	521.053
607	967.329	514.511
608	969.316	507.936
609	971.068	501.328
610	972.587	494.688
611	973.871	488.016
612	974.92	481.311
613	975.736	474.574
614	976.317	467.804
615	976.664	461.001
616	976.777	454.166
617	976.655	447.299
618	976.3	440.399
619	975.71	433.466
620	974.885	426.501
621	973.827	419.504
622	62.594	420.711
623	68.4715	416.058
624	74.4438	411.828
625	80.5107	408.024
626	86.6724	404.643
627	92.9288	401.687
628	99.28	399.156
629	105.726	397.049
630	112.266	395.366
631	118.902	394.108
632	125.632	393.274
633	132.457	392.865
634	139.376	392.88
635	146.391	393.32
636	153.5	394.184
637	160.703	395.472
638	168.002	397.185
639	58.429	418.88
640	59.9708	411.957
641	61.4366	405.021
642	62.8264	398.073
643	64.1403	391.111
644	65.3782	384.136
645	66.5401	377.148
646	67.626	370.147
647	68.6359	363.133
648	69.5699	356.106
649	70.4279	349.066
650	180.669	404.492
651	186.053	409.358
652	191.547	413.92
653	197.15	418.179
654	202.864	422.135
655	208.687	425.787
656	214.62	429.135
657	220.663	432.181
658	226.815	434.922
659	233.078	437.361
660	239.45	439.496
661	245.933	441.327
662	252.525	442.855
663	259.226	444.08
664	266.038	445.001
665	272.96	445.618
666	279.991	445.932
667	287.132	445.943
668	294.383	445.651
669	174.467	392.554
670	173.265	385.886
671	171.788	379.319
672	170.036	372.853
673	168.01	366.488
674	165.709	360.223
675	163.133	354.06
676	160.283	347.997
677	157.158	342.035
678	153.758	336.174
679	307.638	441.949
680	313.551	438.881
681	319.483	435.849
682	325.433	432.855
683	331.402	429.898
684	337.389	426.978
685	585.255	430.489
686	583.546	423.902
687	581.992	417.3
688	580.592	410.683
689	579.347	404.052
690	578.257	397.407
691	577.321	390.747
692	576.54	384.072
693	575.914	377.383
694	575.442	370.68
695	575.125	363.962
696	574.962	357.229
697	574.954	350.482
698	575.101	343.721
699	575.403	336.945
700	575.859	330.155
701	874.243	410.236
702	867.648	407.812
703	861.22	405.163
704	854.959	402.287
705	848.864	399.186
706	842.937	395.858
707	837.176	392.304
708	831.583	388.525
709	826.156	384.519
710	820.896	380.287
711	815.802	375.829
712	810.876	371.145
713	806.116	366.235
714	801.524	361.099
715	797.098	355.737
716	792.839	350.149
717	880.182	405.386
718	879.644	398.395
719	879.392	391.461
720	879.424	384.583
721	879.742	377.762
722	880.345	370.998
723	881.233	364.29
724	882.406	357.639
725	883.865	351.045
726	885.608	344.507
727	887.637	338.026
728	889.951	331.602
729	892.55	325.234
730	895.434	318.923
731	898.604	312.669
732	971.757	404.945
733	970.654	397.633
734	969.226	390.538
735	967.471	383.659
736	965.391	376.997
737	962.985	370.551
738	960.253	364.322
739	957.195	358.31
740	953.812	352.514
741	950.103	346.935
742	946.068	341.573
743	941.707	336.427
744	937.02	331.498
745	932.008	326.785
746	926.669	322.289
747	921.005	318.009
748	915.015	313.947
749	908.7	310.1
750	969.569	405.123
751	967.607	397.85
752	966.647	390.655
753	966.691	383.536
754	967.738	376.495
755	969.788	369.531
756	972.841	362.644
757	77.9949	342.489
758	84.7414	342.703
759	91.4492	342.655
760	98.1185	342.344
761	104.749	341.771
762	111.341	340.936
763	117.895	339.838
764	124.41	338.478
765	130.886	336.856
766	137.324	334.971
767	143.723	332.824
768	156.715	331.505
769	163.331	332.653
770	169.934	333.857
771	176.523	335.119
772	183.099	336.438
773	189.66	337.815
774	196.208	339.248
775	202.741	340.739
776	209.261	342.287
777	215.767	343.892
778	222.26	345.554
779	228.738	347.274
780	235.203	349.05
781	241.653	350.884
782	248.09	352.775
783	254.513	354.723
784	260.922	356.728
785	274.058	359.126
786	280.783	359.323
787	287.491	359.381
788	294.183	359.302
789	300.859	359.085
790	307.52	358.729
791	314.164	358.236
792	320.792	357.605
793	327.404	356.835
794	334	355.927
795	340.579	354.882
796	347.143	353.698
797	353.691	352.376
798	360.222	350.916
799	366.738	349.318
800	373.237	347.582
801	380.444	338.981
802	381.184	332.257
803	381.943	325.535
804	382.72	318.816
805	383.514	312.098
806	384.327	305.384
807	385.157	298.671
808	386.005	291.961
809	386.871	285.254
810	387.755	278.549
811	388.657	271.846
812	389.577	265.146
813	390.515	258.448
814	391.47	251.753
815	392.444	245.06
816	393.435	238.369
817	394.445	231.681
818	395.472	224.995
819	396.517	218.312
820	397.58	211.631
821	574.093	316.459
822	572.412	309.647
823	571.425	302.915
824	571.133	296.263
825	571.536	289.691
826	572.633	283.199
827	574.425	276.786
828	576.911	270.453
829	580.092	264.2
830	909.407	307.855
831	916.49	309.641
832	923.308	311.829
833	929.861	314.419
834	936.148	317.412
835	942.171	320.807
836	947.927	324.604
837	953.419	328.804
838	958.645	333.405
839	963.606	338.409
840	968.302	343.815
841	972.732	349.624
842	972.855	349.184
843	969.129	342.509
844	965.72	335.808
845	962.629	329.082
846	959.854	322.331
847	957.395	315.553
848	955.254	308.751
849	953.429	301.923
850	951.922	295.069
851	950.731	288.19
852	949.856	281.285
853	949.299	274.355
854	949.058	267.4
855	949.135	260.419
856	949.528	253.412
857	950.238	246.38
858	951.264	239.323
859	952.608	232.24
860	954.268	225.132
861	956.245	217.998
862	958.539	210.838
863	961.149	203.653
864	80.6327	253.333
865	87.0882	250.379
866	93.5907	247.571
867	100.14	244.911
868	106.737	242.398
869	113.38	240.033
870	120.071	237.814
871	126.808	235.743
872	133.593	233.818
873	140.425	232.041
874	147.303	230.411
875	154.229	228.929
876	161.202	227.593
877	168.3	218.758
878	168.058	211.278
879	167.495	203.967
880	166.612	196.824
881	165.409	189.849
882	163.885	183.042
883	162.04	176.402
884	159.875	169.931
885	157.389	163.628
886	154.583	157.492
887	151.456	151.525
888	148.008	145.725
889	144.24	140.094
890	140.152	134.631
891	135.742	129.335
892	131.013	124.208
893	125.962	119.248
894	120.592	114.456
895	114.9	109.833
896	108.888	105.377
897	265.252	247.228
898	265.93	240.098
899	266.348	233.012
900	266.507	225.97
901	266.406	218.97
902	266.045	212.014
903	265.424	205.102
904	264.544	198.233
905	263.403	191.407
906	262.003	184.625
907	260.344	177.886
908	258.424	171.19
909	256.245	164.538
910	253.805	157.929
911	251.106	151.364
912	248.148	144.842
913	397.573	198.086
914	396.234	191.336
915	394.646	184.705
916	392.808	178.19
917	390.72	171.792
918	388.382	165.512
919	385.795	159.349
920	382.958	153.303
921	379.871	147.374
922	376.534	141.563
923	372.948	135.869
924	369.112	130.292
925	365.026	124.832
926	360.69	119.489
927	457.665	206.655
928	464.775	207.169
929	471.802	207.899
930	478.745	208.846
931	485.604	210.009
932	492.38	211.388
933	499.071	212.983
934	505.68	214.795
935	512.204	216.822
936	518.645	219.067
937	525.002	221.527
938	531.275	224.204
939	537.465	227.097
940	543.57	230.206
941	549.593	233.531
942	555.531	237.073
943	561.386	240.831
944	567.157	244.805
945	572.844	248.996
946	578.448	253.403
947	580.22	251.584
948	576.738	245.104
949	573.521	238.587
950	570.568	232.033
951	567.881	225.441
952	565.459	218.812
953	563.302	212.146
954	561.411	205.442
955	559.784	198.7
956	558.422	191.922
957	557.325	185.106
958	556.494	178.252
959	555.928	171.361
960	555.626	164.433
961	555.59	157.467
962	555.819	150.464
963	556.313	143.424
964	557.072	136.346
965	558.096	129.231
966	559.385	122.078
967	560.939	114.888
968	680.052	188.153
969	682.985	181.243
970	685.389	174.311
971	687.264	167.357
972	688.61	160.382
973	689.427	153.385
974	689.715	146.366
975	689.473	139.326
976	688.703	132.264
977	687.403	125.18
978	685.575	118.074
979	683.217	110.947
980	775.897	187.999
981	774.249	181.408
982	772.784	174.788
983	771.502	168.142
984	770.404	161.467
985	769.489	154.765
986	768.757	148.036
987	768.209	141.279
988	767.844	134.494
989	877.42	225.25
990	883.208	220.638
991	889.143	216.426
992	895.223	212.613
993	901.45	209.199
994	907.824	206.185
995	914.343	203.57
996	921.009	201.354
997	927.821	199.537
998	934.78	198.12
999	941.885	197.102
1000	949.136	196.483
1001	956.533	196.263
1002	871.725	223.351
1003	871.822	216.465
1004	872.07	209.603
1005	872.469	202.766
1006	873.019	195.953
1007	873.72	189.164
1008	874.571	182.399
1009	875.574	175.658
1010	876.727	168.941
1011	878.031	162.249
1012	879.486	155.581
1013	881.092	148.937
1014	882.849	142.317
1015	884.757	135.721
1016	886.815	129.149
1017	102.058	93.881
1018	101.265	86.8007
1019	100.176	79.8487
1020	98.7919	73.0251
1021	97.1126	66.3297
1022	95.1379	59.7625
1023	92.8678	53.3237
1024	90.3024	47.0132
1025	87.4416	40.8309
1026	84.2855	34.777
1027	80.834	28.8513
1028	77.0872	23.0539
1029	73.045	17.3848
1030	68.7074	11.844
1031	64.0745	6.43144
1032	180.223	100.066
1033	185.642	104.308
1034	191.153	108.399
1035	196.757	112.337
1036	202.454	116.122
1037	208.244	119.756
1038	214.126	123.238
1039	220.101	126.567
1040	226.169	129.744
1041	232.33	132.77
1042	238.583	135.643
1043	182.281	95.7807
1044	189.522	95.5721
1045	196.62	95.0463
1046	203.575	94.2031
1047	210.387	93.0427
1048	217.057	91.5649
1049	223.583	89.7698
1050	229.966	87.6574
1051	236.206	85.2276
1052	242.304	82.4806
1053	248.258	79.4162
1054	254.069	76.0345
1055	259.738	72.3355
1056	265.263	68.3192
1057	270.646	63.9856
1058	275.885	59.3346
1059	280.982	54.3664
1060	285.936	49.0808
1061	251.838	138.65
1062	258.701	138.723
1063	265.518	138.583
1064	272.288	138.231
1065	279.013	137.665
1066	285.691	136.886
1067	292.323	135.895
1068	298.909	134.69
1069	305.449	133.272
1070	311.942	131.642
1071	318.389	129.798
1072	324.791	127.742
1073	331.146	125.472
1074	337.455	122.99
1075	343.717	120.294
1076	349.934	117.386
1077	362.694	118.608
1078	369.309	122.484
1079	375.949	125.893
1080	382.614	128.833
1081	389.305	131.306
1082	396.021	133.311
1083	402.762	134.849
1084	409.528	135.918
1085	416.32	136.52
1086	423.137	136.654
1087	429.98	136.32
1088	436.847	135.518
1089	443.74	134.249
1090	450.659	132.511
1091	457.602	130.306
1092	464.571	127.634
1093	471.565	124.493
1094	349.421	111.068
1095	343.048	107.586
1096	336.985	103.817
1097	331.232	99.7629
1098	325.788	95.4222
1099	320.655	90.7953
1100	315.832	85.8822
1101	311.318	80.683
1102	307.115	75.1976
1103	303.221	69.426
1104	299.638	63.3682
1105	296.364	57.0243
1106	293.4	50.3942
1107	484.911	118.924
1108	491.263	117.121
1109	497.639	115.475
1110	504.04	113.986
1111	510.465	112.654
1112	516.915	111.48
1113	523.39	110.463
1114	529.89	109.603
1115	536.414	108.9
1116	542.963	108.354
1117	549.537	107.966
1118	556.136	107.735
1119	481.039	114.256
1120	483.114	107.628
1121	484.809	101.001
1122	486.123	94.3748
1123	487.058	87.7495
1124	487.613	81.1251
1125	487.788	74.5015
1126	487.583	67.8788
1127	486.999	61.257
1128	486.034	54.636
1129	484.689	48.0159
1130	482.964	41.3966
1131	480.86	34.7782
1132	569.742	109.488
1133	576.717	111.059
1134	583.684	112.373
1135	590.642	113.43
1136	597.592	114.23
1137	604.533	114.774
1138	611.466	115.06
1139	618.39	115.09
1140	625.306	114.863
1141	632.213	114.379
1142	639.113	113.638
1143	646.003	112.64
1144	652.885	111.385
1145	659.759	109.874
1146	666.624	108.106
1147	673.481	106.08
1148	561.61	100.164
1149	561.194	92.913
1150	561.509	85.9076
1151	562.557	79.148
1152	564.336	72.634
1153	566.847	66.3657
1154	570.09	60.343
1155	574.065	54.5661
1156	578.772	49.0348
1157	684.238	97.7747
1158	687.731	91.6486
1159	690.809	85.4201
1160	693.471	79.0892
1161	695.719	72.6559
1162	697.552	66.1202
1163	698.969	59.4821
1164	699.971	52.7415
1165	700.559	45.8986
1166	700.731	38.9533
1167	700.488	31.9055
1168	895.647	123.751
1169	902.164	124.199
1170	908.574	123.945
1171	914.877	122.989
1172	921.074	121.331
1173	927.165	118.972
1174	927.882	111.1
1175	922.774	106.185
1176	917.827	101.167
1177	913.04	96.0444
1178	908.414	90.8187
1179	903.948	85.4894
1180	899.642	80.0565
1181	895.497	74.52
1182	891.512	68.8798
1183	887.687	63.1361
1184	884.023	57.2887
1185	880.519	51.3378
1186	877.176	45.2832
1187	873.993	39.125
1188	870.97	32.8632
1189	868.108	26.4978
1190	865.406	20.0287
1191	862.864	13.4561
1192	860.483	6.77986
1193	402.268	37.5771
1194	409.3	37.7653
1195	416.31	37.7446
1196	423.296	37.5151
1197	430.26	37.0767
1198	437.202	36.4295
1199	444.121	35.5735
1200	451.017	34.5086
1201	457.89	33.2349
1202	464.741	31.7523
1203	471.569	30.0609
1204	591.537	45.8234
1205	598.797	47.4986
1206	605.991	48.775
1207	613.12	49.6524
1208	620.183	50.1308
1209	627.181	50.2103
1210	634.113	49.8909
1211	640.979	49.1726
1212	647.781	48.0553
1213	654.516	46.5391
1214	661.186	44.6239
1215	667.791	42.3098
1216	674.329	39.5968
1217	680.803	36.4849
1218	687.211	32.974
1219	693.553	29.0642
