NOMBRE : MTLARP8_9_5_2.dat
VERTICES ORIGINALES : 68
VERTICES TOTALES : 1030
DEPOTS : 5
64
65
66
67
68
LINEAS ORIGINALES : 64
LINE 1 2 197.879 19
	69 10.4149
	70 10.4148
	71 10.4148
	72 10.4147
	73 10.4147
	74 10.4146
	75 10.4146
	76 10.4146
	77 10.4145
	78 10.4145
	79 10.4145
	80 10.4146
	81 10.4146
	82 10.4146
	83 10.4147
	84 10.4147
	85 10.4148
	86 10.4148
	2 10.4149
LINE 3 11 147.566 14
	87 10.673
	88 10.6122
	89 10.5612
	90 10.5202
	91 10.4893
	92 10.4687
	93 10.4584
	94 10.4584
	95 10.4687
	96 10.4893
	97 10.5202
	98 10.5612
	99 10.6122
	11 10.673
LINE 4 12 162.729 16
	100 10.2341
	101 10.2087
	102 10.187
	103 10.1688
	104 10.1542
	105 10.1433
	106 10.136
	107 10.1323
	108 10.1323
	109 10.136
	110 10.1433
	111 10.1542
	112 10.1688
	113 10.187
	114 10.2087
	12 10.2341
LINE 5 14 311.947 30
	115 10.7794
	116 10.702
	117 10.6296
	118 10.5624
	119 10.5004
	120 10.4437
	121 10.3924
	122 10.3466
	123 10.3063
	124 10.2717
	125 10.2428
	126 10.2195
	127 10.2021
	128 10.1905
	129 10.1846
	130 10.1846
	131 10.1905
	132 10.2021
	133 10.2195
	134 10.2428
	135 10.2717
	136 10.3063
	137 10.3466
	138 10.3924
	139 10.4437
	140 10.5004
	141 10.5624
	142 10.6296
	143 10.702
	14 10.7794
LINE 6 14 161.231 15
	144 11.6556
	145 11.2807
	146 10.9534
	147 10.6783
	148 10.4592
	149 10.2999
	150 10.2031
	151 10.1707
	152 10.2031
	153 10.2999
	154 10.4592
	155 10.6783
	156 10.9534
	157 11.2807
	14 11.6556
LINE 7 16 211.686 21
	158 10.1539
	159 10.1319
	160 10.1122
	161 10.0947
	162 10.0796
	163 10.0667
	164 10.0562
	165 10.048
	166 10.0422
	167 10.0387
	168 10.0375
	169 10.0387
	170 10.0422
	171 10.048
	172 10.0562
	173 10.0667
	174 10.0796
	175 10.0947
	176 10.1122
	177 10.1319
	16 10.1539
LINE 8 16 174.316 17
	178 10.2923
	179 10.2779
	180 10.2654
	181 10.2549
	182 10.2462
	183 10.2395
	184 10.2347
	185 10.2318
	186 10.2309
	187 10.2318
	188 10.2347
	189 10.2395
	190 10.2462
	191 10.2549
	192 10.2654
	193 10.2779
	16 10.2923
LINE 9 10 174.011 17
	194 10.2361
	195 10.236
	196 10.236
	197 10.2359
	198 10.2359
	199 10.2359
	200 10.2359
	201 10.2359
	202 10.2358
	203 10.2359
	204 10.2359
	205 10.2359
	206 10.2359
	207 10.2359
	208 10.236
	209 10.236
	10 10.2361
LINE 11 19 101.434 10
	210 10.1523
	211 10.1464
	212 10.142
	213 10.139
	214 10.1375
	215 10.1375
	216 10.139
	217 10.142
	218 10.1464
	19 10.1523
LINE 12 13 196.126 18
	219 11.7374
	220 11.4506
	221 11.1936
	222 10.9686
	223 10.7775
	224 10.6221
	225 10.5041
	226 10.4247
	227 10.3847
	228 10.3847
	229 10.4247
	230 10.5041
	231 10.6221
	232 10.7775
	233 10.9686
	234 11.1936
	235 11.4506
	13 11.7374
LINE 13 14 204.793 20
	236 10.5069
	237 10.4236
	238 10.3489
	239 10.2831
	240 10.2264
	241 10.1789
	242 10.1407
	243 10.112
	244 10.0928
	245 10.0832
	246 10.0832
	247 10.0928
	248 10.112
	249 10.1407
	250 10.1789
	251 10.2264
	252 10.2831
	253 10.3489
	254 10.4236
	14 10.5069
LINE 13 21 116.188 11
	255 10.7693
	256 10.6462
	257 10.5494
	258 10.4797
	259 10.4376
	260 10.4236
	261 10.4376
	262 10.4797
	263 10.5494
	264 10.6462
	21 10.7693
LINE 14 22 162.329 16
	265 10.217
	266 10.1885
	267 10.164
	268 10.1436
	269 10.1272
	270 10.1149
	271 10.1066
	272 10.1025
	273 10.1025
	274 10.1066
	275 10.1149
	276 10.1272
	277 10.1436
	278 10.164
	279 10.1885
	22 10.217
LINE 15 23 163.806 16
	280 10.3308
	281 10.2938
	282 10.2619
	283 10.2353
	284 10.214
	285 10.1979
	286 10.1872
	287 10.1819
	288 10.1819
	289 10.1872
	290 10.1979
	291 10.214
	292 10.2353
	293 10.2619
	294 10.2938
	23 10.3308
LINE 15 24 72.3765 7
	295 10.3508
	296 10.3395
	297 10.3327
	298 10.3304
	299 10.3327
	300 10.3395
	24 10.3508
LINE 15 25 242.207 24
	301 10.1042
	302 10.101
	303 10.0981
	304 10.0955
	305 10.0932
	306 10.0911
	307 10.0894
	308 10.0879
	309 10.0868
	310 10.0859
	311 10.0853
	312 10.085
	313 10.085
	314 10.0853
	315 10.0859
	316 10.0868
	317 10.0879
	318 10.0894
	319 10.0911
	320 10.0932
	321 10.0955
	322 10.0981
	323 10.101
	25 10.1042
LINE 17 26 129.09 12
	324 11.7187
	325 11.2123
	326 10.7901
	327 10.4623
	328 10.2379
	329 10.1239
	330 10.1239
	331 10.2379
	332 10.4623
	333 10.7901
	334 11.2123
	26 11.7187
LINE 18 27 78.7877 8
	335 9.88324
	336 9.85346
	337 9.83356
	338 9.8236
	339 9.8236
	340 9.83356
	341 9.85346
	27 9.88324
LINE 19 20 132.037 13
	342 10.5981
	343 10.3813
	344 10.2004
	345 10.0575
	346 9.9542
	347 9.89169
	348 9.87076
	349 9.89169
	350 9.9542
	351 10.0575
	352 10.2004
	353 10.3813
	20 10.5981
LINE 20 30 235.375 23
	354 10.3542
	355 10.3216
	356 10.2919
	357 10.2653
	358 10.2418
	359 10.2213
	360 10.204
	361 10.1898
	362 10.1787
	363 10.1708
	364 10.1661
	365 10.1645
	366 10.1661
	367 10.1708
	368 10.1787
	369 10.1898
	370 10.204
	371 10.2213
	372 10.2418
	373 10.2653
	374 10.2919
	375 10.3216
	30 10.3542
LINE 21 22 128.969 13
	376 10.0093
	377 9.96517
	378 9.92891
	379 9.90061
	380 9.88034
	381 9.86816
	382 9.8641
	383 9.86816
	384 9.88034
	385 9.90061
	386 9.92891
	387 9.96517
	22 10.0093
LINE 21 30 120.141 12
	388 10.0311
	389 10.0205
	390 10.0121
	391 10.0058
	392 10.0015
	393 9.99942
	394 9.99942
	395 10.0015
	396 10.0058
	397 10.0121
	398 10.0205
	30 10.0311
LINE 22 23 141.851 14
	399 10.2601
	400 10.2014
	401 10.1522
	402 10.1127
	403 10.0829
	404 10.063
	405 10.0531
	406 10.0531
	407 10.063
	408 10.0829
	409 10.1127
	410 10.1522
	411 10.2014
	23 10.2601
LINE 22 31 67.3266 7
	412 9.61811
	413 9.61809
	414 9.61808
	415 9.61807
	416 9.61808
	417 9.61809
	31 9.61811
LINE 22 32 199.133 19
	418 10.8505
	419 10.7292
	420 10.6211
	421 10.5264
	422 10.4457
	423 10.3792
	424 10.3271
	425 10.2898
	426 10.2673
	427 10.2598
	428 10.2673
	429 10.2898
	430 10.3271
	431 10.3792
	432 10.4457
	433 10.5264
	434 10.6211
	435 10.7292
	32 10.8505
LINE 23 32 99.0231 9
	436 11.7924
	437 11.2136
	438 10.7812
	439 10.5132
	440 10.4223
	441 10.5132
	442 10.7812
	443 11.2136
	32 11.7924
LINE 23 33 204.446 20
	444 10.2875
	445 10.267
	446 10.2487
	447 10.2327
	448 10.2189
	449 10.2074
	450 10.1982
	451 10.1913
	452 10.1867
	453 10.1844
	454 10.1844
	455 10.1867
	456 10.1913
	457 10.1982
	458 10.2074
	459 10.2189
	460 10.2327
	461 10.2487
	462 10.267
	33 10.2875
LINE 24 25 181.119 17
	463 11.1237
	464 10.9511
	465 10.7992
	466 10.669
	467 10.5612
	468 10.4767
	469 10.4159
	470 10.3792
	471 10.367
	472 10.3792
	473 10.4159
	474 10.4767
	475 10.5612
	476 10.669
	477 10.7992
	478 10.9511
	25 11.1237
LINE 25 34 133.053 13
	479 10.7928
	480 10.5199
	481 10.2913
	482 10.1099
	483 9.97833
	484 9.89854
	485 9.8718
	486 9.89854
	487 9.97833
	488 10.1099
	489 10.2913
	490 10.5199
	34 10.7928
LINE 27 36 250.361 24
	491 10.5315
	492 10.5056
	493 10.482
	494 10.4607
	495 10.4417
	496 10.4251
	497 10.4108
	498 10.3989
	499 10.3894
	500 10.3822
	501 10.3775
	502 10.3751
	503 10.3751
	504 10.3775
	505 10.3822
	506 10.3894
	507 10.3989
	508 10.4108
	509 10.4251
	510 10.4417
	511 10.4607
	512 10.482
	513 10.5056
	36 10.5315
LINE 28 29 157.91 15
	514 10.7439
	515 10.6519
	516 10.5734
	517 10.5088
	518 10.4583
	519 10.422
	520 10.4002
	521 10.3929
	522 10.4002
	523 10.422
	524 10.4583
	525 10.5088
	526 10.5734
	527 10.6519
	29 10.7439
LINE 31 38 255.702 24
	528 11.5157
	529 11.2996
	530 11.0995
	531 10.9162
	532 10.7507
	533 10.6038
	534 10.4762
	535 10.3687
	536 10.2819
	537 10.2163
	538 10.1723
	539 10.1502
	540 10.1502
	541 10.1723
	542 10.2163
	543 10.2819
	544 10.3687
	545 10.4762
	546 10.6038
	547 10.7507
	548 10.9162
	549 11.0995
	550 11.2996
	38 11.5157
LINE 31 39 203.228 20
	551 10.2385
	552 10.2143
	553 10.1927
	554 10.1737
	555 10.1574
	556 10.1438
	557 10.133
	558 10.1248
	559 10.1193
	560 10.1166
	561 10.1166
	562 10.1193
	563 10.1248
	564 10.133
	565 10.1438
	566 10.1574
	567 10.1737
	568 10.1927
	569 10.2143
	39 10.2385
LINE 32 33 125.201 12
	570 11.0656
	571 10.7288
	572 10.4516
	573 10.2388
	574 10.0944
	575 10.0214
	576 10.0214
	577 10.0944
	578 10.2388
	579 10.4516
	580 10.7288
	33 11.0656
LINE 33 34 106.936 10
	581 10.7017
	582 10.6963
	583 10.6922
	584 10.6895
	585 10.6882
	586 10.6882
	587 10.6895
	588 10.6922
	589 10.6963
	34 10.7017
LINE 33 40 188.992 18
	590 11.091
	591 10.8875
	592 10.7064
	593 10.5486
	594 10.4153
	595 10.3074
	596 10.2257
	597 10.1709
	598 10.1434
	599 10.1434
	600 10.1709
	601 10.2257
	602 10.3074
	603 10.4153
	604 10.5486
	605 10.7064
	606 10.8875
	40 11.091
LINE 34 40 196.9 18
	607 11.8052
	608 11.5102
	609 11.2458
	610 11.014
	611 10.8171
	612 10.657
	613 10.5353
	614 10.4534
	615 10.4122
	616 10.4122
	617 10.4534
	618 10.5353
	619 10.657
	620 10.8171
	621 11.014
	622 11.2458
	623 11.5102
	40 11.8052
LINE 35 36 96.9907 9
	624 11.3938
	625 10.9395
	626 10.6031
	627 10.396
	628 10.326
	629 10.396
	630 10.6031
	631 10.9395
	36 11.3938
LINE 35 42 205.355 20
	632 10.7715
	633 10.616
	634 10.4759
	635 10.3517
	636 10.2441
	637 10.1536
	638 10.0805
	639 10.0254
	640 9.98851
	641 9.97
	642 9.97
	643 9.98851
	644 10.0254
	645 10.0805
	646 10.1536
	647 10.2441
	648 10.3517
	649 10.4759
	650 10.616
	42 10.7715
LINE 36 42 205.243 19
	651 11.4277
	652 11.2247
	653 11.0425
	654 10.8822
	655 10.7446
	656 10.6307
	657 10.5413
	658 10.4769
	659 10.4381
	660 10.4252
	661 10.4381
	662 10.4769
	663 10.5413
	664 10.6307
	665 10.7446
	666 10.8822
	667 11.0425
	668 11.2247
	42 11.4277
LINE 37 44 154.437 15
	669 10.8339
	670 10.6084
	671 10.4138
	672 10.2518
	673 10.1241
	674 10.0318
	675 9.97604
	676 9.95738
	677 9.97604
	678 10.0318
	679 10.1241
	680 10.2518
	681 10.4138
	682 10.6084
	44 10.8339
LINE 38 46 134.24 13
	683 10.3512
	684 10.3387
	685 10.3285
	686 10.3205
	687 10.3148
	688 10.3114
	689 10.3103
	690 10.3114
	691 10.3148
	692 10.3205
	693 10.3285
	694 10.3387
	46 10.3512
LINE 39 47 155.13 15
	695 10.5558
	696 10.465
	697 10.3875
	698 10.3237
	699 10.2738
	700 10.238
	701 10.2164
	702 10.2092
	703 10.2164
	704 10.238
	705 10.2738
	706 10.3237
	707 10.3875
	708 10.465
	47 10.5558
LINE 40 41 81.5863 8
	709 10.3016
	710 10.2133
	711 10.154
	712 10.1242
	713 10.1242
	714 10.154
	715 10.2133
	41 10.3016
LINE 40 47 221.807 21
	716 10.9667
	717 10.8475
	718 10.7398
	719 10.6439
	720 10.56
	721 10.4885
	722 10.4297
	723 10.3837
	724 10.3507
	725 10.3308
	726 10.3242
	727 10.3308
	728 10.3507
	729 10.3837
	730 10.4297
	731 10.4885
	732 10.56
	733 10.6439
	734 10.7398
	735 10.8475
	47 10.9667
LINE 40 48 173.134 16
	736 11.7473
	737 11.3903
	738 11.0751
	739 10.8055
	740 10.5849
	741 10.4163
	742 10.3024
	743 10.245
	744 10.245
	745 10.3024
	746 10.4163
	747 10.5849
	748 10.8055
	749 11.0751
	750 11.3903
	48 11.7473
LINE 41 49 161.213 15
	751 11.112
	752 10.9581
	753 10.8261
	754 10.7169
	755 10.6312
	756 10.5696
	757 10.5325
	758 10.5201
	759 10.5325
	760 10.5696
	761 10.6312
	762 10.7169
	763 10.8261
	764 10.9581
	49 11.112
LINE 42 43 226.977 22
	765 10.3748
	766 10.3583
	767 10.3435
	768 10.3304
	769 10.3188
	770 10.3089
	771 10.3007
	772 10.2941
	773 10.2891
	774 10.2858
	775 10.2841
	776 10.2841
	777 10.2858
	778 10.2891
	779 10.2941
	780 10.3007
	781 10.3089
	782 10.3188
	783 10.3304
	784 10.3435
	785 10.3583
	43 10.3748
LINE 42 50 99.0629 10
	786 9.93038
	787 9.91433
	788 9.90228
	789 9.89424
	790 9.89021
	791 9.89021
	792 9.89424
	793 9.90228
	794 9.91433
	50 9.93038
LINE 45 53 168.379 16
	795 11.3497
	796 11.0305
	797 10.7493
	798 10.5092
	799 10.3131
	800 10.1635
	801 10.0626
	802 10.0117
	803 10.0117
	804 10.0626
	805 10.1635
	806 10.3131
	807 10.5092
	808 10.7493
	809 11.0305
	53 11.3497
LINE 48 55 227.512 22
	810 10.4055
	811 10.3873
	812 10.3708
	813 10.3562
	814 10.3433
	815 10.3323
	816 10.3232
	817 10.3158
	818 10.3103
	819 10.3066
	820 10.3048
	821 10.3048
	822 10.3066
	823 10.3103
	824 10.3158
	825 10.3232
	826 10.3323
	827 10.3433
	828 10.3562
	829 10.3708
	830 10.3873
	55 10.4055
LINE 48 56 141.257 13
	831 11.4195
	832 11.1484
	833 10.9216
	834 10.7419
	835 10.6116
	836 10.5327
	837 10.5063
	838 10.5327
	839 10.6116
	840 10.7419
	841 10.9216
	842 11.1484
	56 11.4195
LINE 49 56 227.433 21
	843 11.6984
	844 11.4475
	845 11.2184
	846 11.0122
	847 10.8303
	848 10.674
	849 10.5444
	850 10.4424
	851 10.369
	852 10.3247
	853 10.3099
	854 10.3247
	855 10.369
	856 10.4424
	857 10.5444
	858 10.674
	859 10.8303
	860 11.0122
	861 11.2184
	862 11.4475
	56 11.6984
LINE 49 57 99.4885 10
	863 10.1862
	864 10.0293
	865 9.90997
	866 9.82963
	867 9.78922
	868 9.78922
	869 9.82963
	870 9.90997
	871 10.0293
	57 10.1862
LINE 50 51 198.604 18
	872 12.086
	873 11.7302
	874 11.4098
	875 11.1277
	876 10.8871
	877 10.6908
	878 10.5411
	879 10.4401
	880 10.3892
	881 10.3892
	882 10.4401
	883 10.5411
	884 10.6908
	885 10.8871
	886 11.1277
	887 11.4098
	888 11.7302
	51 12.086
LINE 50 58 227.041 22
	889 10.3433
	890 10.3366
	891 10.3307
	892 10.3254
	893 10.3207
	894 10.3167
	895 10.3134
	896 10.3107
	897 10.3087
	898 10.3074
	899 10.3067
	900 10.3067
	901 10.3074
	902 10.3087
	903 10.3107
	904 10.3134
	905 10.3167
	906 10.3207
	907 10.3254
	908 10.3307
	909 10.3366
	58 10.3433
LINE 51 58 117.287 11
	910 10.6685
	911 10.6649
	912 10.662
	913 10.66
	914 10.6588
	915 10.6584
	916 10.6588
	917 10.66
	918 10.662
	919 10.6649
	58 10.6685
LINE 52 53 212.701 21
	920 10.3794
	921 10.3051
	922 10.2381
	923 10.1786
	924 10.1268
	925 10.0827
	926 10.0466
	927 10.0183
	928 9.9981
	929 9.98595
	930 9.9819
	931 9.98595
	932 9.9981
	933 10.0183
	934 10.0466
	935 10.0827
	936 10.1268
	937 10.1786
	938 10.2381
	939 10.3051
	53 10.3794
LINE 54 55 117.271 11
	940 10.6751
	941 10.6666
	942 10.6601
	943 10.6554
	944 10.6525
	945 10.6516
	946 10.6525
	947 10.6554
	948 10.6601
	949 10.6666
	55 10.6751
LINE 56 57 138.49 13
	950 11.3718
	951 11.0221
	952 10.7275
	953 10.4927
	954 10.3217
	955 10.2177
	956 10.1828
	957 10.2177
	958 10.3217
	959 10.4927
	960 10.7275
	961 11.0221
	57 11.3718
LINE 56 63 208.559 20
	962 10.9902
	963 10.8171
	964 10.6608
	965 10.5222
	966 10.402
	967 10.3007
	968 10.2189
	969 10.1571
	970 10.1158
	971 10.095
	972 10.095
	973 10.1158
	974 10.1571
	975 10.2189
	976 10.3007
	977 10.402
	978 10.5222
	979 10.6608
	980 10.8171
	63 10.9902
LINE 57 63 200.658 20
	981 10.0333
	982 10.0332
	983 10.0331
	984 10.033
	985 10.0329
	986 10.0328
	987 10.0328
	988 10.0327
	989 10.0327
	990 10.0327
	991 10.0327
	992 10.0327
	993 10.0327
	994 10.0328
	995 10.0328
	996 10.0329
	997 10.033
	998 10.0331
	999 10.0332
	63 10.0333
LINE 59 60 184.765 18
	1000 10.5113
	1001 10.4252
	1002 10.3493
	1003 10.2838
	1004 10.2289
	1005 10.1848
	1006 10.1516
	1007 10.1294
	1008 10.1182
	1009 10.1182
	1010 10.1294
	1011 10.1516
	1012 10.1848
	1013 10.2289
	1014 10.2838
	1015 10.3493
	1016 10.4252
	60 10.5113
LINE 61 62 152.289 15
	1017 10.3902
	1018 10.2894
	1019 10.2033
	1020 10.1324
	1021 10.0768
	1022 10.0369
	1023 10.0129
	1024 10.0049
	1025 10.0129
	1026 10.0369
	1027 10.0768
	1028 10.1324
	1029 10.2033
	1030 10.2894
	62 10.3902
COORDENADAS :
1	52.0809	704.273
2	183.489	715.858
3	296.7	696.18
4	394.301	752.401
5	444.431	728.084
6	591.771	694.939
7	748.404	701.997
8	890.72	741.474
9	82.3223	608.735
10	197.922	599.026
11	288.033	598.966
12	357.678	650.722
13	463.079	584.352
14	597.202	593.377
15	746.644	583.397
16	867.757	627.821
17	67.3832	511.769
18	172.512	489.096
19	281.519	531.698
20	367.016	528.776
21	504.694	520.233
22	583.258	486.529
23	675.96	500.949
24	773.232	543.183
25	877.417	488.87
26	82.9632	432.408
27	197.849	443.245
28	302.895	403.26
29	403.863	427.894
30	495.636	440.754
31	596.95	443.783
32	706.939	446.627
33	779.893	413.561
34	850.891	407.53
35	100.97	312.69
36	155.245	282.809
37	389.378	336.898
38	547.817	289.037
39	670.353	330.622
40	799.889	293.536
41	853.356	286.142
42	67.5861	184.048
43	211.846	228.084
44	347.112	246.74
45	487.979	212.969
46	544.83	199.731
47	670.793	228.53
48	798.088	184.347
49	901.179	192.44
50	87.7549	121.278
51	212.201	115.189
52	358.392	103.798
53	498.107	106.727
54	576.999	125.311
55	650.532	151.66
56	796.264	93.3113
57	875.305	132.564
58	213.269	37.0348
59	288.272	26.2337
60	409.584	30.9207
61	563.643	22.4503
62	663.683	21.1258
63	893.222	0
64	24.4728	435.487
65	689.688	581.072
66	0	603.143
67	476.382	749.119
68	766.347	655.293
69	59.0022	704.824
70	65.923	705.383
71	72.8431	705.947
72	79.7628	706.518
73	86.6818	707.096
74	93.6003	707.68
75	100.518	708.27
76	107.436	708.867
77	114.352	709.47
78	121.268	710.08
79	128.184	710.696
80	135.099	711.319
81	142.014	711.948
82	148.928	712.583
83	155.841	713.225
84	162.754	713.874
85	169.666	714.529
86	176.578	715.19
87	294.662	689.363
88	292.843	682.526
89	291.242	675.67
90	289.859	668.794
91	288.695	661.899
92	287.748	654.984
93	287.02	648.05
94	286.51	641.096
95	286.218	634.123
96	286.145	627.131
97	286.289	620.119
98	286.652	613.087
99	287.233	606.036
100	391.107	746.372
101	388.034	740.3
102	385.081	734.184
103	382.249	728.024
104	379.538	721.822
105	376.947	715.575
106	374.477	709.285
107	372.128	702.952
108	369.9	696.576
109	367.792	690.155
110	365.804	683.692
111	363.938	677.185
112	362.192	670.634
113	360.567	664.04
114	359.062	657.403
115	451.081	725.36
116	457.624	722.515
117	464.059	719.548
118	470.387	716.459
119	476.607	713.248
120	482.72	709.915
121	488.726	706.46
122	494.624	702.884
123	500.415	699.186
124	506.098	695.366
125	511.674	691.424
126	517.142	687.36
127	522.503	683.174
128	527.756	678.867
129	532.903	674.438
130	537.941	669.887
131	542.872	665.214
132	547.696	660.419
133	552.412	655.502
134	557.021	650.464
135	561.523	645.303
136	565.917	640.021
137	570.204	634.617
138	574.383	629.091
139	578.454	623.444
140	582.419	617.674
141	586.276	611.783
142	590.025	605.769
143	593.667	599.634
144	595.923	688.371
145	599.534	681.774
146	602.603	675.148
147	605.13	668.493
148	607.117	661.809
149	608.561	655.096
150	609.465	648.354
151	609.827	641.583
152	609.648	634.784
153	608.927	627.955
154	607.665	621.097
155	605.861	614.211
156	603.516	607.295
157	600.629	600.351
158	754.627	699.333
159	760.797	696.583
160	766.912	693.745
161	772.973	690.821
162	778.98	687.809
163	784.933	684.711
164	790.833	681.526
165	796.678	678.255
166	802.469	674.896
167	808.207	671.451
168	813.89	667.919
169	819.52	664.299
170	825.095	660.594
171	830.617	656.801
172	836.085	652.921
173	841.498	648.955
174	846.858	644.902
175	852.164	640.762
176	857.415	636.535
177	862.613	632.221
178	888.636	734.937
179	886.643	728.381
180	884.742	721.807
181	882.932	715.214
182	881.215	708.603
183	879.589	701.973
184	878.055	695.324
185	876.612	688.657
186	875.261	681.972
187	874.002	675.268
188	872.835	668.545
189	871.759	661.804
190	870.776	655.045
191	869.883	648.267
192	869.083	641.47
193	868.374	634.655
194	89.1261	608.21
195	95.9294	607.678
196	102.732	607.141
197	109.535	606.598
198	116.336	606.05
199	123.138	605.496
200	129.939	604.936
201	136.739	604.37
202	143.539	603.799
203	150.339	603.222
204	157.138	602.64
205	163.936	602.052
206	170.734	601.458
207	177.532	600.858
208	184.329	600.253
209	191.125	599.642
210	287.747	592.204
211	287.379	585.45
212	286.931	578.703
213	286.401	571.965
214	285.791	565.234
215	285.099	558.511
216	284.325	551.796
217	283.471	545.089
218	282.536	538.39
219	365.48	650.126
220	373.053	649.167
221	380.398	647.843
222	387.513	646.156
223	394.399	644.106
224	401.056	641.691
225	407.484	638.913
226	413.683	635.771
227	419.653	632.266
228	425.394	628.397
229	430.906	624.164
230	436.189	619.568
231	441.243	614.608
232	446.069	609.284
233	450.665	603.596
234	455.032	597.545
235	459.17	591.13
236	469.917	582.835
237	476.742	581.526
238	483.552	580.424
239	490.349	579.53
240	497.132	578.842
241	503.901	578.361
242	510.656	578.088
243	517.397	578.021
244	524.124	578.162
245	530.837	578.509
246	537.536	579.064
247	544.221	579.826
248	550.893	580.795
249	557.55	581.971
250	564.193	583.355
251	570.823	584.945
252	577.439	586.743
253	584.04	588.747
254	590.628	590.959
255	468.375	579.505
256	473.37	574.462
257	478.061	569.223
258	482.45	563.787
259	486.536	558.154
260	490.319	552.325
261	493.799	546.3
262	496.977	540.078
263	499.852	533.659
264	502.424	527.044
265	595.32	586.831
266	593.572	580.268
267	591.96	573.686
268	590.482	567.087
269	589.139	560.471
270	587.931	553.837
271	586.857	547.185
272	585.918	540.516
273	585.114	533.829
274	584.445	527.124
275	583.91	520.402
276	583.51	513.663
277	583.245	506.906
278	583.115	500.131
279	583.119	493.338
280	741.34	579.004
281	736.154	574.509
282	731.086	569.914
283	726.136	565.217
284	721.305	560.418
285	716.592	555.519
286	711.996	550.518
287	707.52	545.415
288	703.161	540.212
289	698.921	534.907
290	694.798	529.5
291	690.794	523.993
292	686.909	518.384
293	683.141	512.673
294	679.492	506.862
295	750.804	577.891
296	754.843	572.305
297	758.761	566.64
298	762.56	560.895
299	766.238	555.071
300	769.795	549.167
301	751.85	579.122
302	757.076	574.876
303	762.324	570.659
304	767.593	566.472
305	772.884	562.314
306	778.195	558.185
307	783.528	554.085
308	788.881	550.015
309	794.256	545.974
310	799.652	541.962
311	805.069	537.98
312	810.508	534.026
313	815.967	530.102
314	821.448	526.208
315	826.95	522.342
316	832.473	518.506
317	838.017	514.699
318	843.582	510.921
319	849.168	507.173
320	854.776	503.454
321	860.404	499.764
322	866.054	496.103
323	871.725	492.472
324	72.5586	505.917
325	77.0291	499.926
326	80.7946	493.797
327	83.8552	487.529
328	86.211	481.123
329	87.8618	474.579
330	88.8076	467.897
331	89.0486	461.076
332	88.5846	454.116
333	87.4157	447.018
334	85.5419	439.782
335	176.319	483.718
336	179.942	478.239
337	183.383	472.659
338	186.642	466.978
339	189.717	461.196
340	192.61	455.313
341	195.321	449.33
342	288.008	528.903
343	294.511	526.536
344	301.029	524.597
345	307.562	523.087
346	314.109	522.005
347	320.672	521.352
348	327.248	521.127
349	333.839	521.331
350	340.445	521.963
351	347.066	523.023
352	353.701	524.512
353	360.351	526.43
354	371.865	523.863
355	376.782	519.049
356	381.766	514.334
357	386.818	509.718
358	391.937	505.2
359	397.124	500.781
360	402.379	496.46
361	407.701	492.238
362	413.09	488.115
363	418.547	484.091
364	424.072	480.165
365	429.664	476.338
366	435.324	472.61
367	441.051	468.98
368	446.846	465.449
369	452.708	462.017
370	458.638	458.683
371	464.636	455.448
372	470.701	452.312
373	476.833	449.275
374	483.033	446.336
375	489.301	443.496
376	511.184	518.681
377	517.599	516.956
378	523.94	515.057
379	530.207	512.985
380	536.399	510.739
381	542.517	508.32
382	548.56	505.727
383	554.529	502.961
384	560.424	500.022
385	566.244	496.909
386	571.99	493.622
387	577.661	490.162
388	504.468	513.549
389	504.147	506.877
390	503.729	500.215
391	503.215	493.564
392	502.605	486.925
393	501.898	480.296
394	501.095	473.678
395	500.196	467.071
396	499.2	460.476
397	498.108	453.891
398	496.92	447.317
399	589.669	488.913
400	596.112	491.09
401	602.588	493.058
402	609.096	494.818
403	615.636	496.369
404	622.209	497.711
405	628.815	498.846
406	635.453	499.771
407	642.123	500.489
408	648.825	500.998
409	655.561	501.298
410	662.328	501.39
411	669.128	501.273
412	585.198	480.417
413	587.143	474.307
414	589.094	468.199
415	591.05	462.092
416	593.011	455.988
417	594.978	449.885
418	590.49	486.669
419	597.642	486.56
420	604.714	486.202
421	611.705	485.596
422	618.616	484.74
423	625.447	483.636
424	632.198	482.283
425	638.868	480.68
426	645.458	478.829
427	651.967	476.729
428	658.396	474.38
429	664.745	471.782
430	671.014	468.935
431	677.202	465.84
432	683.31	462.495
433	689.338	458.901
434	695.285	455.059
435	701.152	450.967
436	676.208	493.091
437	677.254	485.689
438	679.098	478.742
439	681.742	472.251
440	685.184	466.215
441	689.424	460.635
442	694.464	455.51
443	700.302	450.841
444	680.533	495.837
445	685.171	490.804
446	689.876	485.848
447	694.645	480.971
448	699.481	476.172
449	704.382	471.451
450	709.349	466.809
451	714.381	462.244
452	719.479	457.758
453	724.643	453.349
454	729.872	449.019
455	735.168	444.767
456	740.528	440.593
457	745.955	436.497
458	751.447	432.479
459	757.005	428.539
460	762.629	424.677
461	768.318	420.894
462	774.073	417.188
463	780.604	542.372
464	787.82	541.263
465	794.88	539.856
466	801.786	538.152
467	808.536	536.149
468	815.13	533.848
469	821.569	531.249
470	827.853	528.352
471	833.982	525.157
472	839.955	521.664
473	845.773	517.873
474	851.435	513.784
475	856.942	509.398
476	862.294	504.713
477	867.491	499.73
478	872.532	494.449
479	872.612	483.515
480	868.267	478.009
481	864.383	472.354
482	860.96	466.548
483	857.998	460.591
484	855.497	454.485
485	853.456	448.228
486	851.877	441.821
487	850.758	435.263
488	850.1	428.555
489	849.903	421.697
490	850.166	414.689
491	194.907	436.87
492	192.067	430.468
493	189.329	424.039
494	186.691	417.583
495	184.156	411.1
496	181.721	404.59
497	179.388	398.054
498	177.157	391.49
499	175.027	384.9
500	172.998	378.282
501	171.071	371.638
502	169.245	364.966
503	167.52	358.268
504	165.897	351.543
505	164.376	344.791
506	162.955	338.011
507	161.637	331.205
508	160.419	324.373
509	159.303	317.513
510	158.289	310.626
511	157.376	303.712
512	156.564	296.771
513	155.854	289.804
514	309.196	406.666
515	315.558	409.821
516	321.982	412.723
517	328.467	415.373
518	335.014	417.771
519	341.622	419.918
520	348.292	421.812
521	355.023	423.454
522	361.815	424.844
523	368.67	425.982
524	375.585	426.869
525	382.562	427.503
526	389.601	427.885
527	396.701	428.015
528	591.443	438.434
529	586.237	432.989
530	581.332	427.449
531	576.728	421.813
532	572.425	416.081
533	568.422	410.254
534	564.721	404.332
535	561.32	398.314
536	558.22	392.2
537	555.421	385.991
538	552.922	379.687
539	550.725	373.287
540	548.828	366.791
541	547.232	360.2
542	545.937	353.513
543	544.942	346.731
544	544.249	339.854
545	543.856	332.881
546	543.764	325.812
547	543.973	318.648
548	544.483	311.388
549	545.293	304.033
550	546.405	296.583
551	599.737	437.553
552	602.618	431.383
553	605.592	425.273
554	608.658	419.223
555	611.817	413.234
556	615.069	407.304
557	618.415	401.436
558	621.853	395.627
559	625.383	389.878
560	629.007	384.19
561	632.724	378.562
562	636.533	372.994
563	640.436	367.487
564	644.431	362.04
565	648.519	356.653
566	652.7	351.326
567	656.974	346.06
568	661.34	340.853
569	665.8	335.707
570	714.315	446.732
571	721.456	446.318
572	728.36	445.383
573	735.029	443.928
574	741.463	441.953
575	747.66	439.458
576	753.622	436.442
577	759.348	432.906
578	764.838	428.85
579	770.092	424.274
580	775.111	419.178
581	786.963	412.598
582	794.038	411.715
583	801.121	410.912
584	808.211	410.189
585	815.307	409.546
586	822.41	408.983
587	829.52	408.5
588	836.637	408.096
589	843.761	407.773
590	783.959	407.385
591	787.677	401.152
592	791.048	394.86
593	794.07	388.51
594	796.746	382.103
595	799.073	375.638
596	801.053	369.114
597	802.685	362.533
598	803.97	355.894
599	804.907	349.197
600	805.497	342.442
601	805.738	335.629
602	805.633	328.758
603	805.179	321.829
604	804.378	314.843
605	803.229	307.798
606	801.733	300.696
607	851.449	399.68
608	851.608	392.008
609	851.368	384.515
610	850.729	377.2
611	849.691	370.064
612	848.254	363.106
613	846.418	356.327
614	844.183	349.726
615	841.549	343.304
616	838.516	337.06
617	835.084	330.994
618	831.253	325.108
619	827.023	319.399
620	822.394	313.87
621	817.366	308.518
622	811.94	303.346
623	806.114	298.351
624	108.549	312.182
625	115.741	310.971
626	122.545	309.057
627	128.963	306.441
628	134.994	303.12
629	140.637	299.097
630	145.893	294.371
631	150.763	288.942
632	101.935	305.574
633	102.624	298.53
634	103.034	291.558
635	103.168	284.658
636	103.024	277.83
637	102.603	271.074
638	101.904	264.39
639	100.928	257.778
640	99.6751	251.238
641	98.1446	244.77
642	96.3367	238.374
643	94.2515	232.05
644	91.889	225.798
645	89.2492	219.618
646	86.332	213.51
647	83.1375	207.473
648	79.6656	201.509
649	75.9165	195.617
650	71.89	189.797
651	152.965	275.54
652	150.426	268.501
653	147.627	261.692
654	144.57	255.113
655	141.252	248.764
656	137.676	242.645
657	133.84	236.757
658	129.745	231.099
659	125.391	225.671
660	120.777	220.473
661	115.905	215.505
662	110.772	210.767
663	105.381	206.26
664	99.73	201.982
665	93.8198	197.935
666	87.6504	194.118
667	81.2216	190.531
668	74.5335	187.175
669	389.138	329.679
670	388.529	322.633
671	387.551	315.76
672	386.206	309.059
673	384.493	302.531
674	382.411	296.175
675	379.962	289.992
676	377.144	283.982
677	373.958	278.144
678	370.404	272.478
679	366.482	266.985
680	362.191	261.665
681	357.533	256.518
682	352.507	251.542
683	546.975	282.187
684	546.234	275.335
685	545.596	268.479
686	545.06	261.619
687	544.626	254.756
688	544.294	247.89
689	544.065	241.021
690	543.937	234.147
691	543.912	227.271
692	543.988	220.391
693	544.167	213.508
694	544.447	206.621
695	672.17	323.823
696	673.733	317.024
697	675.04	310.223
698	676.091	303.422
699	676.887	296.619
700	677.427	289.815
701	677.712	283.01
702	677.741	276.204
703	677.515	269.397
704	677.033	262.588
705	676.296	255.779
706	675.304	248.968
707	674.055	242.157
708	672.552	235.344
709	806.748	293.881
710	813.557	293.864
711	820.316	293.485
712	827.024	292.742
713	833.682	291.636
714	840.291	290.168
715	846.849	288.336
716	792.633	292.642
717	785.487	291.529
718	778.453	290.195
719	771.529	288.641
720	764.716	286.867
721	758.014	284.872
722	751.423	282.658
723	744.943	280.223
724	738.574	277.568
725	732.316	274.692
726	726.168	271.597
727	720.132	268.281
728	714.206	264.745
729	708.391	260.989
730	702.687	257.013
731	697.094	252.816
732	691.612	248.4
733	686.241	243.763
734	680.981	238.905
735	675.831	233.828
736	795.937	286.775
737	792.496	280.005
738	789.568	273.227
739	787.151	266.441
740	785.246	259.646
741	783.854	252.843
742	782.973	246.032
743	782.605	239.212
744	782.748	232.383
745	783.404	225.546
746	784.571	218.701
747	786.251	211.847
748	788.442	204.985
749	791.145	198.114
750	794.361	191.235
751	854.42	278.811
752	855.787	271.634
753	857.457	264.613
754	859.431	257.746
755	861.709	251.035
756	864.29	244.478
757	867.174	238.076
758	870.362	231.829
759	873.854	225.738
760	877.65	219.801
761	881.748	214.019
762	886.151	208.391
763	890.857	202.919
764	895.866	197.602
765	74.41	185.176
766	81.2085	186.388
767	87.9816	187.682
768	94.7293	189.06
769	101.452	190.521
770	108.149	192.065
771	114.82	193.692
772	121.466	195.403
773	128.087	197.197
774	134.682	199.073
775	141.252	201.033
776	147.797	203.077
777	154.316	205.203
778	160.81	207.413
779	167.278	209.705
780	173.721	212.081
781	180.139	214.54
782	186.531	217.083
783	192.898	219.708
784	199.239	222.417
785	205.555	225.209
786	70.1729	177.954
787	72.6329	171.82
788	74.9664	165.644
789	77.1732	159.428
790	79.2534	153.171
791	81.207	146.874
792	83.0339	140.536
793	84.7342	134.157
794	86.3079	127.738
795	492.168	206.668
796	495.883	200.322
797	499.124	193.93
798	501.89	187.494
799	504.183	181.012
800	506.001	174.485
801	507.345	167.912
802	508.215	161.295
803	508.611	154.632
804	508.533	147.924
805	507.981	141.171
806	506.954	134.373
807	505.454	127.529
808	503.479	120.64
809	501.03	113.706
810	791.59	181.92
811	785.071	179.583
812	778.533	177.335
813	771.975	175.177
814	765.397	173.109
815	758.799	171.13
816	752.181	169.241
817	745.543	167.441
818	738.886	165.732
819	732.209	164.111
820	725.511	162.581
821	718.794	161.14
822	712.058	159.788
823	705.301	158.527
824	698.524	157.355
825	691.728	156.272
826	684.911	155.279
827	678.075	154.376
828	671.219	153.563
829	664.343	152.839
830	657.448	152.205
831	800.93	177.285
832	803.275	170.232
833	805.123	163.19
834	806.474	156.157
835	807.328	149.134
836	807.685	142.122
837	807.545	135.119
838	806.907	128.126
839	805.773	121.143
840	804.141	114.17
841	802.012	107.207
842	799.387	100.254
843	898.714	185.041
844	895.996	177.909
845	893.025	171.046
846	889.801	164.45
847	886.323	158.123
848	882.593	152.063
849	878.609	146.271
850	874.373	140.747
851	869.883	135.491
852	865.14	130.503
853	860.144	125.782
854	854.895	121.33
855	849.393	117.145
856	843.637	113.228
857	837.629	109.579
858	831.368	106.198
859	824.853	103.085
860	818.085	100.24
861	811.065	97.6625
862	803.791	95.3529
863	896.858	187.201
864	892.922	181.797
865	889.371	176.225
866	886.206	170.487
867	883.425	164.583
868	881.031	158.512
869	879.021	152.275
870	877.397	145.871
871	876.158	139.3
872	94.467	116.82
873	101.203	112.847
874	107.962	109.359
875	114.746	106.355
876	121.553	103.837
877	128.383	101.802
878	135.238	100.252
879	142.116	99.1872
880	149.017	98.6067
881	155.943	98.5107
882	162.892	98.8994
883	169.865	99.7727
884	176.862	101.131
885	183.882	102.973
886	190.926	105.3
887	197.994	108.112
888	205.085	111.408
889	93.1368	116.967
890	98.5495	112.702
891	103.993	108.483
892	109.467	104.309
893	114.972	100.182
894	120.508	96.1006
895	126.075	92.065
896	131.672	88.0752
897	137.301	84.1314
898	142.96	80.2334
899	148.649	76.3812
900	154.37	72.5749
901	160.121	68.8145
902	165.903	65.1
903	171.716	61.4313
904	177.56	57.8085
905	183.434	54.2315
906	189.34	50.7005
907	195.276	47.2152
908	201.243	43.7759
909	207.24	40.3824
910	211.988	108.08
911	211.837	100.972
912	211.749	93.8641
913	211.722	86.7575
914	211.757	79.6517
915	211.854	72.5468
916	212.013	65.4427
917	212.234	58.3395
918	212.517	51.2371
919	212.862	44.1355
920	365.005	105.834
921	371.622	107.68
922	378.244	109.337
923	384.869	110.803
924	391.498	112.081
925	398.131	113.168
926	404.769	114.066
927	411.41	114.774
928	418.055	115.293
929	424.704	115.622
930	431.357	115.762
931	438.015	115.712
932	444.676	115.472
933	451.341	115.042
934	458.01	114.423
935	464.683	113.615
936	471.36	112.616
937	478.041	111.429
938	484.726	110.051
939	491.415	108.484
940	583.524	128.15
941	590.082	130.901
942	596.671	133.563
943	603.292	136.136
944	609.945	138.62
945	616.63	141.015
946	623.347	143.322
947	630.096	145.54
948	636.876	147.669
949	643.688	149.709
950	800.843	99.3534
951	805.672	104.892
952	810.751	109.926
953	816.081	114.457
954	821.66	118.484
955	827.49	122.007
956	833.57	125.027
957	839.901	127.542
958	846.481	129.554
959	853.312	131.062
960	860.392	132.066
961	867.723	132.567
962	803.123	90.7355
963	809.77	87.9397
964	816.206	84.924
965	822.43	81.6883
966	828.442	78.2326
967	834.243	74.557
968	839.832	70.6613
969	845.209	66.5457
970	850.374	62.2101
971	855.328	57.6546
972	860.07	52.879
973	864.6	47.8835
974	868.919	42.668
975	873.026	37.2325
976	876.921	31.577
977	880.605	25.7016
978	884.076	19.6061
979	887.337	13.2907
980	890.385	6.75536
981	876.126	125.925
982	876.956	119.288
983	877.794	112.652
984	878.639	106.017
985	879.492	99.3832
986	880.353	92.7503
987	881.221	86.1184
988	882.098	79.4876
989	882.982	72.8578
990	883.874	66.2291
991	884.773	59.6015
992	885.681	52.9749
993	886.596	46.3493
994	887.519	39.7248
995	888.45	33.1014
996	889.389	26.479
997	890.335	19.8577
998	891.29	13.2374
999	892.252	6.61818
1000	294.938	28.3943
1001	301.613	30.3313
1002	308.296	32.0448
1003	314.988	33.5347
1004	321.689	34.8011
1005	328.398	35.8439
1006	335.116	36.6632
1007	341.843	37.2589
1008	348.578	37.6311
1009	355.322	37.7797
1010	362.074	37.7048
1011	368.835	37.4063
1012	375.605	36.8842
1013	382.384	36.1386
1014	389.171	35.1695
1015	395.966	33.9768
1016	402.771	32.5605
1017	570.287	20.4934
1018	576.935	18.8034
1019	583.587	17.3804
1020	590.242	16.2243
1021	596.901	15.3352
1022	603.563	14.713
1023	610.229	14.3578
1024	616.899	14.2695
1025	623.571	14.4481
1026	630.248	14.8937
1027	636.928	15.6062
1028	643.611	16.5857
1029	650.298	17.8321
1030	656.989	19.3455
