NOMBRE : MTLARP9_10_3_1.dat
VERTICES ORIGINALES : 73
VERTICES TOTALES : 961
DEPOTS : 3
71
72
73
LINEAS ORIGINALES : 59
LINE 1 2 177.573 16
	74 11.4229
	75 11.2947
	76 11.1837
	77 11.0903
	78 11.0151
	79 10.9583
	80 10.9203
	81 10.9012
	82 10.9012
	83 10.9203
	84 10.9583
	85 11.0151
	86 11.0903
	87 11.1837
	88 11.2947
	2 11.4229
LINE 3 8 234.473 22
	89 11.0934
	90 10.9714
	91 10.8604
	92 10.7608
	93 10.6728
	94 10.5969
	95 10.5332
	96 10.482
	97 10.4434
	98 10.4176
	99 10.4046
	100 10.4046
	101 10.4176
	102 10.4434
	103 10.482
	104 10.5332
	105 10.5969
	106 10.6728
	107 10.7608
	108 10.8604
	109 10.9714
	8 11.0934
LINE 3 9 164.906 16
	110 10.3133
	111 10.3106
	112 10.3084
	113 10.3065
	114 10.3049
	115 10.3038
	116 10.303
	117 10.3027
	118 10.3027
	119 10.303
	120 10.3038
	121 10.3049
	122 10.3065
	123 10.3084
	124 10.3106
	9 10.3133
LINE 4 12 273.13 26
	125 10.6118
	126 10.5863
	127 10.5629
	128 10.5415
	129 10.5223
	130 10.5051
	131 10.4901
	132 10.4772
	133 10.4664
	134 10.4578
	135 10.4514
	136 10.4471
	137 10.4449
	138 10.4449
	139 10.4471
	140 10.4514
	141 10.4578
	142 10.4664
	143 10.4772
	144 10.4901
	145 10.5051
	146 10.5223
	147 10.5415
	148 10.5629
	149 10.5863
	12 10.6118
LINE 5 13 223.769 21
	150 10.7177
	151 10.6991
	152 10.6825
	153 10.6678
	154 10.655
	155 10.6442
	156 10.6354
	157 10.6285
	158 10.6236
	159 10.6206
	160 10.6196
	161 10.6206
	162 10.6236
	163 10.6285
	164 10.6354
	165 10.6442
	166 10.655
	167 10.6678
	168 10.6825
	169 10.6991
	13 10.7177
LINE 6 7 176.611 16
	170 11.3103
	171 11.2026
	172 11.1095
	173 11.0314
	174 10.9684
	175 10.921
	176 10.8892
	177 10.8733
	178 10.8733
	179 10.8892
	180 10.921
	181 10.9684
	182 11.0314
	183 11.1095
	184 11.2026
	7 11.3103
LINE 7 8 90.2533 9
	185 10.0603
	186 10.0362
	187 10.019
	188 10.0086
	189 10.0052
	190 10.0086
	191 10.019
	192 10.0362
	8 10.0603
LINE 8 16 201.613 17
	193 13.7674
	194 13.1004
	195 12.4936
	196 11.9561
	197 11.4977
	198 11.1281
	199 10.8563
	200 10.69
	201 10.634
	202 10.69
	203 10.8563
	204 11.1281
	205 11.4977
	206 11.9561
	207 12.4936
	208 13.1004
	16 13.7674
LINE 9 17 163.49 15
	209 10.9991
	210 10.9565
	211 10.9203
	212 10.8907
	213 10.8675
	214 10.851
	215 10.841
	216 10.8377
	217 10.841
	218 10.851
	219 10.8675
	220 10.8907
	221 10.9203
	222 10.9565
	17 10.9991
LINE 10 11 154.589 15
	223 10.3522
	224 10.3324
	225 10.3156
	226 10.3019
	227 10.2912
	228 10.2835
	229 10.2789
	230 10.2774
	231 10.2789
	232 10.2835
	233 10.2912
	234 10.3019
	235 10.3156
	236 10.3324
	11 10.3522
LINE 10 18 204.286 19
	237 11.3985
	238 11.1889
	239 11.0006
	240 10.8348
	241 10.6925
	242 10.5746
	243 10.482
	244 10.4153
	245 10.3752
	246 10.3617
	247 10.3752
	248 10.4153
	249 10.482
	250 10.5746
	251 10.6925
	252 10.8348
	253 11.0006
	254 11.1889
	18 11.3985
LINE 11 12 119.039 10
	255 13.367
	256 12.4327
	257 11.6829
	258 11.1552
	259 10.8817
	260 10.8817
	261 11.1552
	262 11.6829
	263 12.4327
	12 13.367
LINE 12 20 106.791 9
	264 12.9145
	265 12.1501
	266 11.5732
	267 11.2129
	268 11.0901
	269 11.2129
	270 11.5732
	271 12.1501
	20 12.9145
LINE 14 22 252.799 23
	272 11.925
	273 11.6805
	274 11.4548
	275 11.249
	276 11.0642
	277 10.9015
	278 10.762
	279 10.6464
	280 10.5557
	281 10.4904
	282 10.451
	283 10.4379
	284 10.451
	285 10.4904
	286 10.5557
	287 10.6464
	288 10.762
	289 10.9015
	290 11.0642
	291 11.249
	292 11.4548
	293 11.6805
	22 11.925
LINE 15 23 135.738 12
	294 12.1286
	295 11.6953
	296 11.3367
	297 11.0601
	298 10.8719
	299 10.7765
	300 10.7765
	301 10.8719
	302 11.0601
	303 11.3367
	304 11.6953
	23 12.1286
LINE 16 25 253.652 24
	305 10.8571
	306 10.7829
	307 10.715
	308 10.6535
	309 10.5986
	310 10.5503
	311 10.5087
	312 10.4739
	313 10.446
	314 10.425
	315 10.411
	316 10.404
	317 10.404
	318 10.411
	319 10.425
	320 10.446
	321 10.4739
	322 10.5087
	323 10.5503
	324 10.5986
	325 10.6535
	326 10.715
	327 10.7829
	25 10.8571
LINE 19 27 195.442 18
	328 10.8658
	329 10.863
	330 10.8606
	331 10.8585
	332 10.8567
	333 10.8553
	334 10.8543
	335 10.8535
	336 10.8532
	337 10.8532
	338 10.8535
	339 10.8543
	340 10.8553
	341 10.8567
	342 10.8585
	343 10.8606
	344 10.863
	27 10.8658
LINE 20 21 157.641 14
	345 12.1543
	346 11.755
	347 11.4116
	348 11.1293
	349 10.9127
	350 10.7659
	351 10.6918
	352 10.6918
	353 10.7659
	354 10.9127
	355 11.1293
	356 11.4116
	357 11.755
	21 12.1543
LINE 21 29 209.285 19
	358 11.424
	359 11.29
	360 11.1704
	361 11.0657
	362 10.9764
	363 10.9027
	364 10.8451
	365 10.8038
	366 10.7789
	367 10.7706
	368 10.7789
	369 10.8038
	370 10.8451
	371 10.9027
	372 10.9764
	373 11.0657
	374 11.1704
	375 11.29
	29 11.424
LINE 22 32 174.947 15
	376 13.2239
	377 12.5918
	378 12.031
	379 11.5519
	380 11.165
	381 10.8803
	382 10.7058
	383 10.6471
	384 10.7058
	385 10.8803
	386 11.165
	387 11.5519
	388 12.031
	389 12.5918
	32 13.2239
LINE 23 33 229.223 21
	390 11.111
	391 11.0528
	392 11.0005
	393 10.9541
	394 10.9138
	395 10.8795
	396 10.8514
	397 10.8295
	398 10.8138
	399 10.8044
	400 10.8013
	401 10.8044
	402 10.8138
	403 10.8295
	404 10.8514
	405 10.8795
	406 10.9138
	407 10.9541
	408 11.0005
	409 11.0528
	33 11.111
LINE 24 33 271.722 24
	410 12.608
	411 12.2902
	412 11.994
	413 11.7209
	414 11.4728
	415 11.2512
	416 11.0577
	417 10.8939
	418 10.761
	419 10.6602
	420 10.5925
	421 10.5585
	422 10.5585
	423 10.5925
	424 10.6602
	425 10.761
	426 10.8939
	427 11.0577
	428 11.2512
	429 11.4728
	430 11.7209
	431 11.994
	432 12.2902
	33 12.608
LINE 25 35 123.752 11
	433 12.4428
	434 11.7548
	435 11.1905
	436 10.7693
	437 10.5085
	438 10.4201
	439 10.5085
	440 10.7693
	441 11.1905
	442 11.7548
	35 12.4428
LINE 26 27 116.323 11
	443 10.9898
	444 10.7444
	445 10.5497
	446 10.4083
	447 10.3225
	448 10.2938
	449 10.3225
	450 10.4083
	451 10.5497
	452 10.7444
	27 10.9898
LINE 26 36 228.721 20
	453 13.2081
	454 12.6865
	455 12.2042
	456 11.766
	457 11.377
	458 11.0423
	459 10.7671
	460 10.556
	461 10.4129
	462 10.3406
	463 10.3406
	464 10.4129
	465 10.556
	466 10.7671
	467 11.0423
	468 11.377
	469 11.766
	470 12.2042
	471 12.6865
	36 13.2081
LINE 28 29 125.405 12
	472 10.7366
	473 10.5822
	474 10.457
	475 10.3621
	476 10.2983
	477 10.2663
	478 10.2663
	479 10.2983
	480 10.3621
	481 10.457
	482 10.5822
	29 10.7366
LINE 29 30 209.421 20
	483 10.6378
	484 10.5855
	485 10.5388
	486 10.4978
	487 10.4626
	488 10.4331
	489 10.4094
	490 10.3917
	491 10.3798
	492 10.3739
	493 10.3739
	494 10.3798
	495 10.3917
	496 10.4094
	497 10.4331
	498 10.4626
	499 10.4978
	500 10.5388
	501 10.5855
	30 10.6378
LINE 31 41 170.889 16
	502 11.2509
	503 11.0281
	504 10.8334
	505 10.6685
	506 10.5346
	507 10.4332
	508 10.365
	509 10.3307
	510 10.3307
	511 10.365
	512 10.4332
	513 10.5346
	514 10.6685
	515 10.8334
	516 11.0281
	41 11.2509
LINE 32 33 188.605 17
	517 11.6651
	518 11.456
	519 11.2716
	520 11.1132
	521 10.9819
	522 10.8787
	523 10.8043
	524 10.7595
	525 10.7445
	526 10.7595
	527 10.8043
	528 10.8787
	529 10.9819
	530 11.1132
	531 11.2716
	532 11.456
	33 11.6651
LINE 32 41 124.886 11
	533 12.354
	534 11.7729
	535 11.3003
	536 10.9503
	537 10.7347
	538 10.6619
	539 10.7347
	540 10.9503
	541 11.3003
	542 11.7729
	41 12.354
LINE 33 34 203.219 18
	543 12.6211
	544 12.1754
	545 11.7716
	546 11.4142
	547 11.1075
	548 10.8559
	549 10.6634
	550 10.533
	551 10.4672
	552 10.4672
	553 10.533
	554 10.6634
	555 10.8559
	556 11.1075
	557 11.4142
	558 11.7716
	559 12.1754
	34 12.6211
LINE 34 42 168.886 15
	560 12.4181
	561 11.9427
	562 11.5251
	563 11.1718
	564 10.8891
	565 10.6826
	566 10.5567
	567 10.5144
	568 10.5567
	569 10.6826
	570 10.8891
	571 11.1718
	572 11.5251
	573 11.9427
	42 12.4181
LINE 35 36 201.291 18
	574 12.031
	575 11.7417
	576 11.4827
	577 11.2559
	578 11.0633
	579 10.9068
	580 10.788
	581 10.708
	582 10.6678
	583 10.6678
	584 10.708
	585 10.788
	586 10.9068
	587 11.0633
	588 11.2559
	589 11.4827
	590 11.7417
	36 12.031
LINE 36 37 107.903 10
	591 11.4129
	592 11.0061
	593 10.6909
	594 10.4755
	595 10.3661
	596 10.3661
	597 10.4755
	598 10.6909
	599 11.0061
	37 11.4129
LINE 36 44 75.3142 7
	600 11.2751
	601 10.7652
	602 10.4473
	603 10.3391
	604 10.4473
	605 10.7652
	44 11.2751
LINE 38 39 101.129 9
	606 12.553
	607 11.6025
	608 10.8728
	609 10.4105
	610 10.2518
	611 10.4105
	612 10.8728
	613 11.6025
	39 12.553
LINE 39 40 223.017 20
	614 12.2701
	615 11.9327
	616 11.6245
	617 11.348
	618 11.1055
	619 10.8993
	620 10.7315
	621 10.6039
	622 10.518
	623 10.4748
	624 10.4748
	625 10.518
	626 10.6039
	627 10.7315
	628 10.8993
	629 11.1055
	630 11.348
	631 11.6245
	632 11.9327
	40 12.2701
LINE 39 47 157.001 15
	633 10.7176
	634 10.6112
	635 10.5203
	636 10.4454
	637 10.3867
	638 10.3446
	639 10.3192
	640 10.3108
	641 10.3192
	642 10.3446
	643 10.3867
	644 10.4454
	645 10.5203
	646 10.6112
	47 10.7176
LINE 40 48 201.313 17
	647 13.748
	648 13.0817
	649 12.4754
	650 11.9384
	651 11.4803
	652 11.111
	653 10.8395
	654 10.6733
	655 10.6173
	656 10.6733
	657 10.8395
	658 11.111
	659 11.4803
	660 11.9384
	661 12.4754
	662 13.0817
	48 13.748
LINE 41 50 136.66 12
	663 12.0884
	664 11.7156
	665 11.4086
	666 11.1728
	667 11.0128
	668 10.9319
	669 10.9319
	670 11.0128
	671 11.1728
	672 11.4086
	673 11.7156
	50 12.0884
LINE 42 51 217.644 20
	674 11.7891
	675 11.5136
	676 11.263
	677 11.0391
	678 10.8435
	679 10.6778
	680 10.5433
	681 10.4413
	682 10.3728
	683 10.3383
	684 10.3383
	685 10.3728
	686 10.4413
	687 10.5433
	688 10.6778
	689 10.8435
	690 11.0391
	691 11.263
	692 11.5136
	51 11.7891
LINE 43 52 149.476 13
	693 12.4991
	694 12.0159
	695 11.6056
	696 11.2762
	697 11.0349
	698 10.8875
	699 10.8379
	700 10.8875
	701 11.0349
	702 11.2762
	703 11.6056
	704 12.0159
	52 12.4991
LINE 45 54 75.6694 7
	705 11.4204
	706 10.8183
	707 10.4403
	708 10.3113
	709 10.4403
	710 10.8183
	54 11.4204
LINE 46 54 167.332 16
	711 10.6258
	712 10.5592
	713 10.5019
	714 10.4538
	715 10.4152
	716 10.3861
	717 10.3667
	718 10.357
	719 10.357
	720 10.3667
	721 10.3861
	722 10.4152
	723 10.4538
	724 10.5019
	725 10.5592
	54 10.6258
LINE 47 55 136.158 12
	726 12.4307
	727 11.8609
	728 11.3845
	729 11.0137
	730 10.7594
	731 10.63
	732 10.63
	733 10.7594
	734 11.0137
	735 11.3845
	736 11.8609
	55 12.4307
LINE 47 57 273.549 24
	737 12.6706
	738 12.3559
	739 12.0626
	740 11.7924
	741 11.5469
	742 11.3278
	743 11.1365
	744 10.9746
	745 10.8433
	746 10.7438
	747 10.6769
	748 10.6433
	749 10.6433
	750 10.6769
	751 10.7438
	752 10.8433
	753 10.9746
	754 11.1365
	755 11.3278
	756 11.5469
	757 11.7924
	758 12.0626
	759 12.3559
	57 12.6706
LINE 48 57 139.77 13
	760 11.5504
	761 11.1628
	762 10.8354
	763 10.5737
	764 10.3827
	765 10.2664
	766 10.2274
	767 10.2664
	768 10.3827
	769 10.5737
	770 10.8354
	771 11.1628
	57 11.5504
LINE 49 59 202.218 19
	772 10.681
	773 10.6683
	774 10.6572
	775 10.6475
	776 10.6393
	777 10.6326
	778 10.6274
	779 10.6237
	780 10.6214
	781 10.6207
	782 10.6214
	783 10.6237
	784 10.6274
	785 10.6326
	786 10.6393
	787 10.6475
	788 10.6572
	789 10.6683
	59 10.681
LINE 53 61 134.677 12
	790 12.425
	791 11.7961
	792 11.2677
	793 10.8545
	794 10.5701
	795 10.425
	796 10.425
	797 10.5701
	798 10.8545
	799 11.2677
	800 11.7961
	61 12.425
LINE 55 56 138.041 13
	801 10.662
	802 10.6403
	803 10.6225
	804 10.6086
	805 10.5987
	806 10.5928
	807 10.5908
	808 10.5928
	809 10.5987
	810 10.6086
	811 10.6225
	812 10.6403
	56 10.662
LINE 55 63 149.207 14
	813 11.0656
	814 10.8803
	815 10.7235
	816 10.5963
	817 10.4999
	818 10.4352
	819 10.4027
	820 10.4027
	821 10.4352
	822 10.4999
	823 10.5963
	824 10.7235
	825 10.8803
	63 11.0656
LINE 58 64 173.618 16
	826 11.0196
	827 10.9527
	828 10.895
	829 10.8467
	830 10.8079
	831 10.7787
	832 10.7592
	833 10.7494
	834 10.7494
	835 10.7592
	836 10.7787
	837 10.8079
	838 10.8467
	839 10.895
	840 10.9527
	64 11.0196
LINE 60 66 186.662 17
	841 11.7894
	842 11.4957
	843 11.235
	844 11.0096
	845 10.8216
	846 10.6732
	847 10.5659
	848 10.5009
	849 10.4792
	850 10.5009
	851 10.5659
	852 10.6732
	853 10.8216
	854 11.0096
	855 11.235
	856 11.4957
	66 11.7894
LINE 61 62 207.51 18
	857 12.9366
	858 12.466
	859 12.0391
	860 11.6608
	861 11.3359
	862 11.0692
	863 10.8648
	864 10.7264
	865 10.6565
	866 10.6565
	867 10.7264
	868 10.8648
	869 11.0692
	870 11.3359
	871 11.6608
	872 12.0391
	873 12.466
	62 12.9366
LINE 63 69 145.931 14
	874 10.4823
	875 10.4553
	876 10.4327
	877 10.4146
	878 10.401
	879 10.392
	880 10.3874
	881 10.3874
	882 10.392
	883 10.401
	884 10.4146
	885 10.4327
	886 10.4553
	69 10.4823
LINE 63 70 295.623 27
	887 11.8145
	888 11.6224
	889 11.4429
	890 11.2764
	891 11.1237
	892 10.9852
	893 10.8616
	894 10.7533
	895 10.6608
	896 10.5845
	897 10.5248
	898 10.4819
	899 10.4561
	900 10.4475
	901 10.4561
	902 10.4819
	903 10.5248
	904 10.5845
	905 10.6608
	906 10.7533
	907 10.8616
	908 10.9852
	909 11.1237
	910 11.2764
	911 11.4429
	912 11.6224
	70 11.8145
LINE 64 65 163 15
	913 11.0449
	914 10.969
	915 10.9044
	916 10.8513
	917 10.8098
	918 10.7801
	919 10.7622
	920 10.7562
	921 10.7622
	922 10.7801
	923 10.8098
	924 10.8513
	925 10.9044
	926 10.969
	65 11.0449
LINE 66 67 151.54 14
	927 10.9035
	928 10.8671
	929 10.8366
	930 10.8121
	931 10.7938
	932 10.7815
	933 10.7754
	934 10.7754
	935 10.7815
	936 10.7938
	937 10.8121
	938 10.8366
	939 10.8671
	67 10.9035
LINE 67 68 240.337 23
	940 10.4775
	941 10.4699
	942 10.463
	943 10.4568
	944 10.4513
	945 10.4465
	946 10.4425
	947 10.4392
	948 10.4366
	949 10.4348
	950 10.4337
	951 10.4334
	952 10.4337
	953 10.4348
	954 10.4366
	955 10.4392
	956 10.4425
	957 10.4465
	958 10.4513
	959 10.4568
	960 10.463
	961 10.4699
	68 10.4775
COORDENADAS :
1	204.619	829.293
2	318.791	807.389
3	406.319	848.364
4	705.678	854.572
5	950.842	857.838
6	134.458	717.708
7	249.786	705.61
8	288.308	751.651
9	420.427	739.378
10	650.634	701.762
11	745.001	742.474
12	806.255	704.04
13	919.06	712.6
14	104.027	661.102
15	222.288	643.1
16	291.724	631.181
17	410.246	631.48
18	539.242	632.352
19	710.472	644.875
20	820.957	639.143
21	911.369	597.116
22	133.258	503.747
23	227.321	557.131
24	318.112	549.017
25	418.49	523.311
26	538.682	535.401
27	608.703	563.604
28	727.866	509.064
29	809.904	505.918
30	935.736	563.324
31	26.5456	398.652
32	106.796	400.617
33	228.451	405.918
34	343.001	457.206
35	425.488	447.219
36	543.484	397.731
37	592.559	446.257
38	726.907	411.933
39	788.323	408.528
40	927.394	420.573
41	106.065	322.433
42	329.977	352.871
43	440.188	333.561
44	526.484	352.576
45	646.749	306.84
46	727.819	324.873
47	801.465	306.261
48	943.57	301.335
49	13.6531	236.838
50	104.866	235.067
51	299.496	218.498
52	391.451	253.266
53	493.136	216.601
54	638.874	259.37
55	738.981	248.769
56	826.772	221.982
57	943.672	212.698
58	44.1572	112.764
59	101.175	134.672
60	252.645	100.47
61	489.406	133.431
62	613.583	103.33
63	701.822	159.111
64	0	6.96219
65	92.4631	61.9184
66	189.314	0
67	287.817	20.2521
68	447.736	24.6059
69	714.001	62.9353
70	842.309	34.0996
71	603.176	388.578
72	754.425	564.694
73	118.298	886.219
74	212.184	830.163
75	219.692	830.735
76	227.143	831.008
77	234.536	830.983
78	241.873	830.659
79	249.152	830.036
80	256.373	829.115
81	263.538	827.895
82	270.645	826.377
83	277.695	824.56
84	284.687	822.445
85	291.622	820.031
86	298.5	817.318
87	305.321	814.307
88	312.085	810.998
89	402.583	841.981
90	398.692	835.788
91	394.645	829.784
92	390.444	823.969
93	386.087	818.343
94	381.576	812.907
95	376.909	807.66
96	372.088	802.602
97	367.111	797.733
98	361.98	793.053
99	356.693	788.562
100	351.252	784.261
101	345.655	780.149
102	339.903	776.225
103	333.996	772.492
104	327.935	768.947
105	321.718	765.591
106	315.346	762.425
107	308.819	759.448
108	302.137	756.66
109	295.3	754.061
110	407.511	841.592
111	408.662	834.815
112	409.771	828.033
113	410.839	821.246
114	411.865	814.453
115	412.851	807.655
116	413.794	800.851
117	414.697	794.042
118	415.558	787.228
119	416.378	780.408
120	417.156	773.583
121	417.893	766.753
122	418.589	759.917
123	419.243	753.076
124	419.856	746.23
125	708.507	848.087
126	711.418	841.658
127	714.413	835.285
128	717.491	828.967
129	720.652	822.705
130	723.896	816.498
131	727.224	810.347
132	730.634	804.252
133	734.128	798.212
134	737.705	792.227
135	741.366	786.299
136	745.109	780.426
137	748.936	774.608
138	752.846	768.846
139	756.839	763.14
140	760.915	757.489
141	765.075	751.894
142	769.318	746.355
143	773.644	740.871
144	778.053	735.442
145	782.545	730.07
146	787.121	724.752
147	791.78	719.491
148	796.522	714.285
149	801.347	709.135
150	948.386	851.128
151	946.025	844.398
152	943.758	837.646
153	941.585	830.875
154	939.506	824.082
155	937.522	817.269
156	935.632	810.435
157	933.835	803.581
158	932.134	796.706
159	930.526	789.811
160	929.013	782.895
161	927.593	775.958
162	926.268	769.001
163	925.038	762.023
164	923.901	755.024
165	922.859	748.005
166	921.911	740.965
167	921.057	733.905
168	920.297	726.824
169	919.631	719.722
170	141.883	719.021
171	149.28	720.058
172	156.647	720.819
173	163.985	721.304
174	171.294	721.513
175	178.575	721.447
176	185.826	721.104
177	193.048	720.486
178	200.242	719.592
179	207.407	718.422
180	214.542	716.977
181	221.649	715.255
182	228.727	713.257
183	235.776	710.984
184	242.795	708.435
185	254.604	710.276
186	259.287	715.054
187	263.836	719.945
188	268.251	724.949
189	272.531	730.064
190	276.677	735.292
191	280.688	740.633
192	284.565	746.086
193	282.682	744.4
194	277.784	737.169
195	273.615	729.958
196	270.174	722.768
197	267.461	715.599
198	265.477	708.451
199	264.221	701.323
200	263.694	694.216
201	263.895	687.13
202	264.824	680.064
203	266.482	673.019
204	268.868	665.994
205	271.982	658.99
206	275.825	652.007
207	280.396	645.045
208	285.696	638.103
209	418.503	732.303
210	416.756	725.21
211	415.187	718.101
212	413.797	710.975
213	412.584	703.832
214	411.549	696.673
215	410.692	689.496
216	410.014	682.303
217	409.513	675.093
218	409.19	667.866
219	409.045	660.623
220	409.078	653.362
221	409.289	646.085
222	409.679	638.791
223	656.598	705.237
224	662.608	708.602
225	668.664	711.86
226	674.768	715.008
227	680.919	718.048
228	687.116	720.979
229	693.36	723.802
230	699.651	726.516
231	705.989	729.121
232	712.374	731.618
233	718.806	734.007
234	725.284	736.286
235	731.81	738.457
236	738.382	740.52
237	646.446	695.422
238	642.072	689.38
239	637.512	683.636
240	632.765	678.191
241	627.833	673.045
242	622.715	668.197
243	617.41	663.648
244	611.919	659.398
245	606.243	655.446
246	600.38	651.793
247	594.331	648.438
248	588.096	645.383
249	581.675	642.625
250	575.068	640.166
251	568.275	638.006
252	561.296	636.145
253	554.13	634.582
254	546.779	633.318
255	748.359	734.219
256	752.331	726.945
257	756.919	720.651
258	762.122	715.337
259	767.94	711.003
260	774.373	707.65
261	781.421	705.277
262	789.084	703.884
263	797.362	703.472
264	803.586	695.854
265	801.992	687.912
266	801.475	680.214
267	802.033	672.76
268	803.666	665.549
269	806.375	658.582
270	810.16	651.859
271	815.021	645.379
272	109.078	654.963
273	113.785	648.76
274	118.149	642.493
275	122.169	636.162
276	125.845	629.767
277	129.178	623.309
278	132.167	616.786
279	134.812	610.2
280	137.114	603.55
281	139.072	596.836
282	140.687	590.059
283	141.957	583.217
284	142.885	576.312
285	143.468	569.342
286	143.708	562.309
287	143.605	555.213
288	143.158	548.052
289	142.367	540.827
290	141.232	533.539
291	139.754	526.187
292	137.932	518.771
293	135.767	511.291
294	226.427	636.153
295	229.889	629.168
296	232.675	622.142
297	234.785	615.077
298	236.219	607.972
299	236.976	600.828
300	237.057	593.644
301	236.463	586.421
302	235.192	579.158
303	233.244	571.855
304	230.621	564.513
305	298.348	628.264
306	304.856	625.21
307	311.246	622.018
308	317.52	618.69
309	323.678	615.224
310	329.718	611.621
311	335.642	607.88
312	341.449	604.003
313	347.14	599.989
314	352.713	595.837
315	358.17	591.548
316	363.51	587.122
317	368.734	582.559
318	373.841	577.858
319	378.831	573.021
320	383.704	568.046
321	388.461	562.935
322	393.101	557.686
323	397.624	552.299
324	402.031	546.776
325	406.321	541.116
326	410.494	535.318
327	414.55	529.383
328	704.6	640.633
329	698.753	636.36
330	692.932	632.054
331	687.137	627.716
332	681.368	623.346
333	675.624	618.943
334	669.906	614.508
335	664.214	610.042
336	658.547	605.543
337	652.906	601.012
338	647.291	596.448
339	641.701	591.853
340	636.137	587.225
341	630.599	582.565
342	625.087	577.873
343	619.6	573.149
344	614.139	568.393
345	825.786	632.637
346	830.865	626.669
347	836.195	621.24
348	841.776	616.351
349	847.608	612.001
350	853.69	608.191
351	860.022	604.919
352	866.606	602.187
353	873.44	599.993
354	880.524	598.34
355	887.86	597.225
356	895.446	596.649
357	903.282	596.613
358	904.332	594.204
359	897.483	591.083
360	890.823	587.751
361	884.351	584.21
362	878.068	580.459
363	871.973	576.499
364	866.068	572.328
365	860.35	567.948
366	854.821	563.358
367	849.481	558.558
368	844.329	553.548
369	839.366	548.328
370	834.591	542.899
371	830.005	537.26
372	825.608	531.411
373	821.399	525.352
374	817.379	519.084
375	813.547	512.606
376	136.558	495.572
377	139.135	487.583
378	140.989	479.779
379	142.119	472.162
380	142.525	464.729
381	142.208	457.483
382	141.167	450.422
383	139.403	443.546
384	136.915	436.857
385	133.704	430.353
386	129.77	424.034
387	125.111	417.902
388	119.73	411.955
389	113.624	406.193
390	229.112	549.943
391	230.729	542.754
392	232.172	535.564
393	233.442	528.373
394	234.537	521.18
395	235.46	513.986
396	236.208	506.79
397	236.783	499.593
398	237.184	492.395
399	237.412	485.196
400	237.466	477.995
401	237.346	470.793
402	237.052	463.59
403	236.585	456.386
404	235.944	449.18
405	235.129	441.973
406	234.141	434.764
407	232.979	427.555
408	231.644	420.343
409	230.134	413.131
410	318.272	540.613
411	318.094	532.422
412	317.577	524.443
413	316.721	516.676
414	315.526	509.121
415	313.993	501.779
416	312.12	494.649
417	309.909	487.731
418	307.359	481.025
419	304.47	474.532
420	301.243	468.251
421	297.676	462.183
422	293.771	456.326
423	289.527	450.682
424	284.944	445.25
425	280.022	440.031
426	274.762	435.024
427	269.162	430.229
428	263.224	425.646
429	256.947	421.276
430	250.331	417.118
431	243.377	413.172
432	236.083	409.439
433	423.64	516.809
434	427.888	510.224
435	431.233	503.555
436	433.675	496.804
437	435.214	489.969
438	435.851	483.052
439	435.584	476.051
440	434.414	468.968
441	432.342	461.801
442	429.366	454.551
443	546.006	535.584
444	553.139	536.244
445	560.079	537.38
446	566.828	538.992
447	573.386	541.08
448	579.751	543.644
449	585.925	546.684
450	591.907	550.2
451	597.698	554.192
452	603.296	558.66
453	544.405	528.708
454	549.55	521.996
455	554.119	515.264
456	558.11	508.511
457	561.524	501.738
458	564.361	494.945
459	566.621	488.132
460	568.304	481.299
461	569.41	474.446
462	569.939	467.572
463	569.89	460.679
464	569.265	453.765
465	568.062	446.832
466	566.282	439.878
467	563.925	432.904
468	560.991	425.909
469	557.48	418.895
470	553.392	411.861
471	548.727	404.806
472	734.622	506.7
473	741.392	504.717
474	748.177	503.117
475	754.977	501.899
476	761.792	501.063
477	768.621	500.61
478	775.465	500.539
479	782.323	500.85
480	789.196	501.544
481	796.084	502.619
482	802.987	504.077
483	816.848	507.358
484	823.723	508.948
485	830.53	510.69
486	837.268	512.581
487	843.937	514.624
488	850.538	516.817
489	857.07	519.16
490	863.533	521.654
491	869.928	524.299
492	876.254	527.094
493	882.511	530.039
494	888.7	533.135
495	894.82	536.382
496	900.871	539.779
497	906.853	543.327
498	912.767	547.025
499	918.613	550.874
500	924.389	554.874
501	930.097	559.024
502	29.4552	391.739
503	32.6394	385.112
504	36.0984	378.772
505	39.8321	372.718
506	43.8406	366.952
507	48.1237	361.471
508	52.6816	356.278
509	57.5142	351.371
510	62.6215	346.751
511	68.0036	342.417
512	73.6603	338.37
513	79.5918	334.609
514	85.798	331.135
515	92.2789	327.948
516	99.0346	325.047
517	114.084	397.904
518	121.355	395.569
519	128.61	393.612
520	135.849	392.033
521	143.071	390.832
522	150.277	390.009
523	157.466	389.565
524	164.638	389.498
525	171.795	389.81
526	178.934	390.5
527	186.058	391.568
528	193.164	393.014
529	200.255	394.839
530	207.329	397.041
531	214.386	399.622
532	221.427	402.581
533	102.569	393.549
534	99.1744	386.472
535	96.6119	379.388
536	94.8815	372.296
537	93.983	365.196
538	93.9166	358.088
539	94.6822	350.973
540	96.2798	343.849
541	98.7095	336.719
542	101.971	329.58
543	232.891	413.065
544	237.556	419.707
545	242.449	425.843
546	247.567	431.474
547	252.913	436.599
548	258.484	441.218
549	264.282	445.331
550	270.306	448.939
551	276.557	452.041
552	283.034	454.638
553	289.738	456.729
554	296.667	458.314
555	303.824	459.393
556	311.206	459.967
557	318.816	460.035
558	326.651	459.598
559	334.713	458.655
560	346.504	449.704
561	349.382	442.281
562	351.636	434.936
563	353.265	427.668
564	354.27	420.479
565	354.651	413.367
566	354.407	406.334
567	353.539	399.378
568	352.046	392.5
569	349.929	385.701
570	347.187	378.979
571	343.821	372.335
572	339.831	365.769
573	335.216	359.281
574	430.607	441.044
575	435.894	435.272
576	441.351	429.903
577	446.977	424.937
578	452.771	420.374
579	458.735	416.214
580	464.868	412.457
581	471.17	409.103
582	477.641	406.153
583	484.281	403.605
584	491.089	401.46
585	498.067	399.718
586	505.214	398.38
587	512.53	397.444
588	520.015	396.911
589	527.669	396.781
590	535.492	397.055
591	546.14	404.861
592	549.296	411.485
593	552.952	417.603
594	557.109	423.215
595	561.766	428.321
596	566.924	432.92
597	572.582	437.014
598	578.741	440.601
599	585.4	443.682
600	543.862	390.224
601	543.304	383.069
602	541.811	376.266
603	539.382	369.815
604	536.018	363.717
605	531.719	357.971
606	733.463	406.733
607	740.087	402.738
608	746.777	399.949
609	753.534	398.365
610	760.358	397.986
611	767.249	398.814
612	774.207	400.846
613	781.232	404.084
614	795.645	404.88
615	802.928	401.68
616	810.172	398.926
617	817.377	396.621
618	824.544	394.762
619	831.672	393.351
620	838.761	392.388
621	845.811	391.871
622	852.823	391.803
623	859.796	392.181
624	866.73	393.007
625	873.625	394.28
626	880.482	396.001
627	887.3	398.169
628	894.079	400.785
629	900.819	403.847
630	907.521	407.358
631	914.184	411.315
632	920.808	415.72
633	787.265	401.462
634	786.483	394.431
635	785.978	387.436
636	785.749	380.476
637	785.796	373.552
638	786.12	366.663
639	786.72	359.809
640	787.596	352.992
641	788.748	346.209
642	790.177	339.463
643	791.882	332.751
644	793.864	326.076
645	796.121	319.435
646	798.655	312.831
647	922.576	412.776
648	918.479	405.077
649	915.103	397.476
650	912.448	389.973
651	910.515	382.567
652	909.303	375.26
653	908.812	368.05
654	909.042	360.939
655	909.994	353.925
656	911.666	347.008
657	914.06	340.19
658	917.176	333.47
659	921.012	326.847
660	925.57	320.322
661	930.848	313.895
662	936.848	307.566
663	109.419	315.105
664	112.145	307.786
665	114.243	300.475
666	115.713	293.173
667	116.555	285.88
668	116.769	278.595
669	116.355	271.319
670	115.313	264.051
671	113.644	256.792
672	111.346	249.542
673	108.42	242.3
674	332.141	345.316
675	333.918	337.848
676	335.306	330.469
677	336.306	323.178
678	336.917	315.975
679	337.141	308.86
680	336.976	301.833
681	336.422	294.894
682	335.481	288.043
683	334.151	281.281
684	332.433	274.606
685	330.326	268.02
686	327.831	261.521
687	324.948	255.111
688	321.677	248.788
689	318.017	242.554
690	313.969	236.408
691	309.533	230.35
692	304.709	224.38
693	432.891	329.538
694	426.185	325.157
695	420.07	320.416
696	414.547	315.316
697	409.615	309.858
698	405.275	304.04
699	401.526	297.864
700	398.368	291.328
701	395.802	284.434
702	393.827	277.18
703	392.443	269.568
704	391.651	261.597
705	648.853	299.523
706	649.88	292.385
707	649.832	285.425
708	648.707	278.643
709	646.506	272.04
710	643.228	265.616
711	721.319	322.057
712	714.944	319.07
713	708.695	315.913
714	702.572	312.586
715	696.573	309.088
716	690.701	305.42
717	684.954	301.582
718	679.332	297.573
719	673.835	293.394
720	668.465	289.044
721	663.219	284.524
722	658.099	279.834
723	653.105	274.974
724	648.236	269.943
725	643.492	264.741
726	793.338	304.645
727	785.741	302.451
728	778.675	299.681
729	772.14	296.333
730	766.136	292.407
731	760.664	287.905
732	755.722	282.825
733	751.312	277.169
734	747.433	270.935
735	744.084	264.123
736	741.267	256.735
737	809.912	306.196
738	818.14	305.796
739	826.148	305.064
740	833.937	303.998
741	841.507	302.599
742	848.857	300.867
743	855.989	298.801
744	862.901	296.402
745	869.593	293.67
746	876.067	290.605
747	882.321	287.206
748	888.356	283.475
749	894.172	279.409
750	899.768	275.011
751	905.145	270.279
752	910.303	265.215
753	915.242	259.816
754	919.961	254.085
755	924.461	248.02
756	928.742	241.622
757	932.803	234.891
758	936.646	227.827
759	940.269	220.429
760	939.999	294.513
761	937.025	287.691
762	934.647	280.87
763	932.866	274.05
764	931.681	267.23
765	931.092	260.411
766	931.1	253.593
767	931.704	246.776
768	932.905	239.959
769	934.702	233.142
770	937.096	226.327
771	940.086	219.512
772	18.8331	231.952
773	23.9493	227.012
774	29.0019	222.017
775	33.9907	216.968
776	38.9158	211.863
777	43.7771	206.705
778	48.5747	201.491
779	53.3086	196.223
780	57.9788	190.901
781	62.5852	185.523
782	67.1279	180.092
783	71.6068	174.605
784	76.022	169.064
785	80.3735	163.469
786	84.6613	157.819
787	88.8853	152.114
788	93.0456	146.355
789	97.1421	140.541
790	488.304	209.873
791	484.294	203.108
792	481.107	196.306
793	478.741	189.468
794	477.197	182.592
795	476.475	175.68
796	476.575	168.73
797	477.497	161.744
798	479.242	154.721
799	481.808	147.661
800	485.196	140.565
801	745.974	247.493
802	752.926	246.087
803	759.839	244.549
804	766.712	242.881
805	773.545	241.082
806	780.338	239.152
807	787.091	237.091
808	793.804	234.9
809	800.478	232.578
810	807.111	230.125
811	813.705	227.542
812	820.258	224.827
813	738.657	241.4
814	737.975	234.178
815	736.934	227.105
816	735.535	220.181
817	733.777	213.406
818	731.66	206.778
819	729.185	200.3
820	726.352	193.97
821	723.16	187.789
822	719.609	181.756
823	715.7	175.872
824	711.433	170.137
825	706.807	164.55
826	42.8928	105.528
827	41.429	98.3741
828	39.7658	91.3037
829	37.9033	84.3166
830	35.8413	77.4127
831	33.5799	70.5921
832	31.1192	63.8546
833	28.4591	57.2004
834	25.5995	50.6293
835	22.5406	44.1415
836	19.2823	37.7369
837	15.8246	31.4155
838	12.1676	25.1774
839	8.3111	19.0224
840	4.25524	12.9507
841	245.873	96.4802
842	239.482	92.2504
843	233.472	87.7805
844	227.843	83.0707
845	222.595	78.1208
846	217.727	72.9308
847	213.24	67.5009
848	209.134	61.8309
849	205.409	55.9209
850	202.064	49.7709
851	199.1	43.3808
852	196.517	36.7508
853	194.315	29.8807
854	192.494	22.7705
855	191.053	15.4204
856	189.993	7.8302
857	495.151	126.998
858	501.031	121.126
859	507.048	115.813
860	513.2	111.061
861	519.488	106.869
862	525.911	103.236
863	532.471	100.164
864	539.166	97.6517
865	545.996	95.6994
866	552.963	94.3072
867	560.065	93.475
868	567.303	93.2028
869	574.677	93.4907
870	582.187	94.3386
871	589.832	95.7465
872	597.613	97.7145
873	605.53	100.242
874	703.626	152.36
875	705.286	145.59
876	706.802	138.802
877	708.174	131.996
878	709.403	125.172
879	710.489	118.329
880	711.43	111.469
881	712.228	104.59
882	712.883	97.693
883	713.394	90.7779
884	713.761	83.8445
885	713.985	76.8929
886	714.065	69.9232
887	704.581	151.734
888	707.527	144.568
889	710.662	137.613
890	713.984	130.869
891	717.495	124.337
892	721.194	118.016
893	725.08	111.907
894	729.155	106.009
895	733.418	100.322
896	737.869	94.8465
897	742.508	89.5824
898	747.335	84.5296
899	752.35	79.6882
900	757.554	75.0581
901	762.945	70.6394
902	768.524	66.432
903	774.292	62.436
904	780.247	58.6513
905	786.391	55.078
906	792.722	51.716
907	799.242	48.5653
908	805.95	45.626
909	812.846	42.898
910	819.929	40.3814
911	827.201	38.0761
912	834.661	35.9822
913	5.30976	12.0635
914	10.7416	16.9595
915	16.2955	21.6501
916	21.9714	26.1354
917	27.7694	30.4152
918	33.6895	34.4897
919	39.7317	38.3588
920	45.8959	42.0226
921	52.1821	45.481
922	58.5905	48.734
923	65.1209	51.7816
924	71.7734	54.6238
925	78.5479	57.2607
926	85.4445	59.6923
927	196.126	2.53828
928	202.972	4.90861
929	209.852	7.11099
930	216.767	9.14541
931	223.717	11.0119
932	230.701	12.7104
933	237.719	14.2409
934	244.773	15.6035
935	251.86	16.7982
936	258.983	17.8249
937	266.139	18.6836
938	273.331	19.3744
939	280.556	19.8972
940	294.787	19.8008
941	301.756	19.4077
942	308.723	19.0728
943	315.689	18.7962
944	322.653	18.5778
945	329.616	18.4177
946	336.576	18.3158
947	343.536	18.2721
948	350.494	18.2867
949	357.45	18.3595
950	364.404	18.4906
951	371.357	18.6799
952	378.309	18.9274
953	385.258	19.2332
954	392.207	19.5972
955	399.153	20.0194
956	406.098	20.4999
957	413.042	21.0386
958	419.984	21.6356
959	426.924	22.2908
960	433.863	23.0043
961	440.8	23.7759
