NOMBRE : MTLARP9_10_6_1.dat
VERTICES ORIGINALES : 73
VERTICES TOTALES : 972
DEPOTS : 6
68
69
70
71
72
73
LINEAS ORIGINALES : 60
LINE 1 8 102.09 9
	74 12.213
	75 11.5767
	76 11.0999
	77 10.8037
	78 10.7032
	79 10.8037
	80 11.0999
	81 11.5767
	8 12.213
LINE 2 10 156.529 14
	82 11.9722
	83 11.6175
	84 11.3134
	85 11.0642
	86 10.8734
	87 10.7444
	88 10.6793
	89 10.6793
	90 10.7444
	91 10.8734
	92 11.0642
	93 11.3134
	94 11.6175
	10 11.9722
LINE 3 4 157.566 15
	95 10.5831
	96 10.5495
	97 10.521
	98 10.4975
	99 10.4793
	100 10.4662
	101 10.4584
	102 10.4558
	103 10.4584
	104 10.4662
	105 10.4793
	106 10.4975
	107 10.521
	108 10.5495
	4 10.5831
LINE 5 6 177.521 15
	109 13.53
	110 12.846
	111 12.2375
	112 11.7161
	113 11.2939
	114 10.9825
	115 10.7913
	116 10.7268
	117 10.7913
	118 10.9825
	119 11.2939
	120 11.7161
	121 12.2375
	122 12.846
	6 13.53
LINE 6 13 129.199 11
	123 13.0199
	124 12.2853
	125 11.6821
	126 11.2315
	127 10.9522
	128 10.8575
	129 10.9522
	130 11.2315
	131 11.6821
	132 12.2853
	13 13.0199
LINE 7 14 198.934 18
	133 11.5524
	134 11.3794
	135 11.2258
	136 11.0924
	137 10.9801
	138 10.8893
	139 10.8208
	140 10.7748
	141 10.7518
	142 10.7518
	143 10.7748
	144 10.8208
	145 10.8893
	146 10.9801
	147 11.0924
	148 11.2258
	149 11.3794
	14 11.5524
LINE 8 15 216.256 20
	150 11.2604
	151 11.1218
	152 10.9971
	153 10.8868
	154 10.7914
	155 10.7113
	156 10.6467
	157 10.598
	158 10.5655
	159 10.5491
	160 10.5491
	161 10.5655
	162 10.598
	163 10.6467
	164 10.7113
	165 10.7914
	166 10.8868
	167 10.9971
	168 11.1218
	15 11.2604
LINE 9 10 236.931 21
	169 12.6868
	170 12.2891
	171 11.922
	172 11.5885
	173 11.2915
	174 11.0339
	175 10.8186
	176 10.6482
	177 10.5247
	178 10.4499
	179 10.4249
	180 10.4499
	181 10.5247
	182 10.6482
	183 10.8186
	184 11.0339
	185 11.2915
	186 11.5885
	187 11.922
	188 12.2891
	10 12.6868
LINE 10 17 232.455 21
	189 12.1372
	190 11.831
	191 11.5501
	192 11.2964
	193 11.0719
	194 10.8783
	195 10.7173
	196 10.5904
	197 10.4988
	198 10.4435
	199 10.4249
	200 10.4435
	201 10.4988
	202 10.5904
	203 10.7173
	204 10.8783
	205 11.0719
	206 11.2964
	207 11.5501
	208 11.831
	17 12.1372
LINE 11 18 176.296 15
	209 13.4747
	210 12.781
	211 12.1632
	212 11.6333
	213 11.2039
	214 10.8867
	215 10.692
	216 10.6262
	217 10.692
	218 10.8867
	219 11.2039
	220 11.6333
	221 12.1632
	222 12.781
	18 13.4747
LINE 11 19 268.047 24
	223 11.8047
	224 11.6433
	225 11.4946
	226 11.3591
	227 11.2373
	228 11.1297
	229 11.0366
	230 10.9584
	231 10.8954
	232 10.8479
	233 10.8162
	234 10.8003
	235 10.8003
	236 10.8162
	237 10.8479
	238 10.8954
	239 10.9584
	240 11.0366
	241 11.1297
	242 11.2373
	243 11.3591
	244 11.4946
	245 11.6433
	19 11.8047
LINE 12 13 236.195 21
	246 12.1812
	247 11.9118
	248 11.6654
	249 11.4437
	250 11.2479
	251 11.0796
	252 10.94
	253 10.8301
	254 10.751
	255 10.7032
	256 10.6872
	257 10.7032
	258 10.751
	259 10.8301
	260 10.94
	261 11.0796
	262 11.2479
	263 11.4437
	264 11.6654
	265 11.9118
	13 12.1812
LINE 13 21 167.479 16
	266 10.5766
	267 10.5332
	268 10.4958
	269 10.4645
	270 10.4394
	271 10.4206
	272 10.408
	273 10.4017
	274 10.4017
	275 10.408
	276 10.4206
	277 10.4394
	278 10.4645
	279 10.4958
	280 10.5332
	21 10.5766
LINE 15 16 157.238 15
	281 10.5505
	282 10.5215
	283 10.4968
	284 10.4766
	285 10.4609
	286 10.4496
	287 10.4429
	288 10.4406
	289 10.4429
	290 10.4496
	291 10.4609
	292 10.4766
	293 10.4968
	294 10.5215
	16 10.5505
LINE 16 17 159.482 15
	295 10.8619
	296 10.7643
	297 10.6811
	298 10.6125
	299 10.5588
	300 10.5203
	301 10.4971
	302 10.4894
	303 10.4971
	304 10.5203
	305 10.5588
	306 10.6125
	307 10.6811
	308 10.7643
	17 10.8619
LINE 17 24 118.08 10
	309 13.1351
	310 12.2845
	311 11.6057
	312 11.1302
	313 10.8847
	314 10.8847
	315 11.1302
	316 11.6057
	317 12.2845
	24 13.1351
LINE 20 21 162.203 15
	318 11.0293
	319 10.9376
	320 10.8595
	321 10.7951
	322 10.7447
	323 10.7086
	324 10.6869
	325 10.6796
	326 10.6869
	327 10.7086
	328 10.7447
	329 10.7951
	330 10.8595
	331 10.9376
	21 11.0293
LINE 20 28 152.666 14
	332 11.5503
	333 11.2596
	334 11.0116
	335 10.809
	336 10.6545
	337 10.5503
	338 10.4978
	339 10.4978
	340 10.5503
	341 10.6545
	342 10.809
	343 11.0116
	344 11.2596
	28 11.5503
LINE 21 29 178.145 16
	345 11.3932
	346 11.2906
	347 11.2019
	348 11.1275
	349 11.0676
	350 11.0224
	351 10.9922
	352 10.9771
	353 10.9771
	354 10.9922
	355 11.0224
	356 11.0676
	357 11.1275
	358 11.2019
	359 11.2906
	29 11.3932
LINE 22 23 140.281 13
	360 11.0838
	361 10.939
	362 10.819
	363 10.7248
	364 10.6569
	365 10.616
	366 10.6024
	367 10.616
	368 10.6569
	369 10.7248
	370 10.819
	371 10.939
	23 11.0838
LINE 23 30 290.554 26
	372 11.8148
	373 11.6656
	374 11.5271
	375 11.3997
	376 11.2839
	377 11.1799
	378 11.0881
	379 11.0088
	380 10.9423
	381 10.8888
	382 10.8485
	383 10.8216
	384 10.8081
	385 10.8081
	386 10.8216
	387 10.8485
	388 10.8888
	389 10.9423
	390 11.0088
	391 11.0881
	392 11.1799
	393 11.2839
	394 11.3997
	395 11.5271
	396 11.6656
	30 11.8148
LINE 23 32 152.201 13
	397 12.913
	398 12.3349
	399 11.8408
	400 11.4418
	401 11.1481
	402 10.9681
	403 10.9074
	404 10.9681
	405 11.1481
	406 11.4418
	407 11.8408
	408 12.3349
	32 12.913
LINE 25 32 221.795 20
	409 11.428
	410 11.3227
	411 11.2283
	412 11.145
	413 11.0732
	414 11.0129
	415 10.9645
	416 10.928
	417 10.9036
	418 10.8914
	419 10.8914
	420 10.9036
	421 10.928
	422 10.9645
	423 11.0129
	424 11.0732
	425 11.145
	426 11.2283
	427 11.3227
	32 11.428
LINE 26 27 73.4248 7
	428 10.5079
	429 10.4893
	430 10.4781
	431 10.4743
	432 10.4781
	433 10.4893
	27 10.5079
LINE 26 34 141.82 12
	434 13.3824
	435 12.5718
	436 11.8836
	437 11.3401
	438 10.9628
	439 10.7692
	440 10.7692
	441 10.9628
	442 11.3401
	443 11.8836
	444 12.5718
	34 13.3824
LINE 28 35 283.891 25
	445 12.3578
	446 12.1178
	447 11.8944
	448 11.6886
	449 11.5014
	450 11.3336
	451 11.1861
	452 11.0598
	453 10.9554
	454 10.8735
	455 10.8146
	456 10.7791
	457 10.7673
	458 10.7791
	459 10.8146
	460 10.8735
	461 10.9554
	462 11.0598
	463 11.1861
	464 11.3336
	465 11.5014
	466 11.6886
	467 11.8944
	468 12.1178
	35 12.3578
LINE 28 37 274.651 26
	469 10.7189
	470 10.6819
	471 10.6478
	472 10.6168
	473 10.5888
	474 10.5638
	475 10.5419
	476 10.5231
	477 10.5074
	478 10.4948
	479 10.4854
	480 10.4791
	481 10.4759
	482 10.4759
	483 10.4791
	484 10.4854
	485 10.4948
	486 10.5074
	487 10.5231
	488 10.5419
	489 10.5638
	490 10.5888
	491 10.6168
	492 10.6478
	493 10.6819
	37 10.7189
LINE 30 31 168.123 15
	494 12.4259
	495 11.9276
	496 11.489
	497 11.1174
	498 10.8195
	499 10.6016
	500 10.4686
	501 10.424
	502 10.4686
	503 10.6016
	504 10.8195
	505 11.1174
	506 11.489
	507 11.9276
	31 12.4259
LINE 30 40 122.572 11
	508 11.406
	509 11.2495
	510 11.1263
	511 11.0374
	512 10.9838
	513 10.9658
	514 10.9838
	515 11.0374
	516 11.1263
	517 11.2495
	40 11.406
LINE 31 32 167.95 15
	518 12.0872
	519 11.7183
	520 11.3968
	521 11.1269
	522 10.9123
	523 10.7564
	524 10.6618
	525 10.6301
	526 10.6618
	527 10.7564
	528 10.9123
	529 11.1269
	530 11.3968
	531 11.7183
	32 12.0872
LINE 31 41 153.89 14
	532 10.9959
	533 10.9941
	534 10.9927
	535 10.9915
	536 10.9907
	537 10.9901
	538 10.9898
	539 10.9898
	540 10.9901
	541 10.9907
	542 10.9915
	543 10.9927
	544 10.9941
	41 10.9959
LINE 33 34 148.243 13
	545 12.6236
	546 12.0391
	547 11.539
	548 11.1344
	549 10.8362
	550 10.6533
	551 10.5916
	552 10.6533
	553 10.8362
	554 11.1344
	555 11.539
	556 12.0391
	34 12.6236
LINE 33 42 238.024 22
	557 10.853
	558 10.8434
	559 10.8347
	560 10.827
	561 10.8202
	562 10.8144
	563 10.8096
	564 10.8058
	565 10.8029
	566 10.8009
	567 10.8
	568 10.8
	569 10.8009
	570 10.8029
	571 10.8058
	572 10.8096
	573 10.8144
	574 10.8202
	575 10.827
	576 10.8347
	577 10.8434
	42 10.853
LINE 33 44 171.145 15
	578 12.1282
	579 11.8285
	580 11.5688
	581 11.3519
	582 11.1803
	583 11.0561
	584 10.981
	585 10.9558
	586 10.981
	587 11.0561
	588 11.1803
	589 11.3519
	590 11.5688
	591 11.8285
	44 12.1282
LINE 34 35 118.445 10
	592 13.3446
	593 12.3878
	594 11.6187
	595 11.0763
	596 10.7949
	597 10.7949
	598 11.0763
	599 11.6187
	600 12.3878
	35 13.3446
LINE 35 46 189.537 17
	601 12.1794
	602 11.8086
	603 11.4776
	604 11.1898
	605 10.9488
	606 10.7576
	607 10.6189
	608 10.5348
	609 10.5066
	610 10.5348
	611 10.6189
	612 10.7576
	613 10.9488
	614 11.1898
	615 11.4776
	616 11.8086
	46 12.1794
LINE 36 46 138.78 13
	617 10.6903
	618 10.6828
	619 10.6767
	620 10.672
	621 10.6686
	622 10.6665
	623 10.6659
	624 10.6665
	625 10.6686
	626 10.672
	627 10.6767
	628 10.6828
	46 10.6903
LINE 37 47 117.234 11
	629 11.2061
	630 10.8832
	631 10.6254
	632 10.4373
	633 10.3228
	634 10.2843
	635 10.3228
	636 10.4373
	637 10.6254
	638 10.8832
	47 11.2061
LINE 38 39 171.888 16
	639 10.8254
	640 10.7926
	641 10.7643
	642 10.7407
	643 10.7218
	644 10.7076
	645 10.6981
	646 10.6934
	647 10.6934
	648 10.6981
	649 10.7076
	650 10.7218
	651 10.7407
	652 10.7643
	653 10.7926
	39 10.8254
LINE 40 50 228.562 20
	654 13.0942
	655 12.6019
	656 12.1475
	657 11.7355
	658 11.3705
	659 11.0571
	660 10.7999
	661 10.6028
	662 10.4694
	663 10.4021
	664 10.4021
	665 10.4694
	666 10.6028
	667 10.7999
	668 11.0571
	669 11.3705
	670 11.7355
	671 12.1475
	672 12.6019
	50 13.0942
LINE 43 44 89.1045 8
	673 11.6133
	674 11.2109
	675 10.9345
	676 10.7936
	677 10.7936
	678 10.9345
	679 11.2109
	44 11.6133
LINE 44 45 186.842 17
	680 11.5129
	681 11.3212
	682 11.1524
	683 11.0076
	684 10.8876
	685 10.7934
	686 10.7256
	687 10.6847
	688 10.6711
	689 10.6847
	690 10.7256
	691 10.7934
	692 10.8876
	693 11.0076
	694 11.1524
	695 11.3212
	45 11.5129
LINE 45 51 196.183 18
	696 11.0293
	697 10.9836
	698 10.9434
	699 10.9089
	700 10.8801
	701 10.8569
	702 10.8395
	703 10.8279
	704 10.8221
	705 10.8221
	706 10.8279
	707 10.8395
	708 10.8569
	709 10.8801
	710 10.9089
	711 10.9434
	712 10.9836
	51 11.0293
LINE 45 52 181.994 16
	713 12.8762
	714 12.3088
	715 11.8008
	716 11.3601
	717 10.9949
	718 10.7128
	719 10.5205
	720 10.423
	721 10.423
	722 10.5205
	723 10.7128
	724 10.9949
	725 11.3601
	726 11.8008
	727 12.3088
	52 12.8762
LINE 46 53 288.275 26
	728 11.7631
	729 11.6057
	730 11.4596
	731 11.3252
	732 11.2028
	733 11.0928
	734 10.9957
	735 10.9118
	736 10.8414
	737 10.7847
	738 10.742
	739 10.7135
	740 10.6992
	741 10.6992
	742 10.7135
	743 10.742
	744 10.7847
	745 10.8414
	746 10.9118
	747 10.9957
	748 11.0928
	749 11.2028
	750 11.3252
	751 11.4596
	752 11.6057
	53 11.7631
LINE 47 53 143.364 13
	753 11.2087
	754 11.119
	755 11.045
	756 10.9871
	757 10.9455
	758 10.9205
	759 10.9122
	760 10.9205
	761 10.9455
	762 10.9871
	763 11.045
	764 11.119
	53 11.2087
LINE 48 49 147.719 14
	765 10.5692
	766 10.561
	767 10.5541
	768 10.5486
	769 10.5445
	770 10.5418
	771 10.5404
	772 10.5404
	773 10.5418
	774 10.5445
	775 10.5486
	776 10.5541
	777 10.561
	49 10.5692
LINE 49 55 87.2287 8
	778 11.1061
	779 10.9334
	780 10.8168
	781 10.758
	782 10.758
	783 10.8168
	784 10.9334
	55 11.1061
LINE 51 57 152.116 14
	785 11.0231
	786 10.9507
	787 10.8901
	788 10.8413
	789 10.8046
	790 10.7801
	791 10.7678
	792 10.7678
	793 10.7801
	794 10.8046
	795 10.8413
	796 10.8901
	797 10.9507
	57 11.0231
LINE 52 53 214.709 20
	798 10.783
	799 10.768
	800 10.7547
	801 10.743
	802 10.733
	803 10.7246
	804 10.7179
	805 10.7129
	806 10.7095
	807 10.7079
	808 10.7079
	809 10.7095
	810 10.7129
	811 10.7179
	812 10.7246
	813 10.733
	814 10.743
	815 10.7547
	816 10.768
	53 10.783
LINE 52 58 132.274 12
	817 11.0383
	818 11.0299
	819 11.0232
	820 11.0181
	821 11.0147
	822 11.013
	823 11.013
	824 11.0147
	825 11.0181
	826 11.0232
	827 11.0299
	58 11.0383
LINE 54 60 171.434 16
	828 10.7246
	829 10.7206
	830 10.7172
	831 10.7143
	832 10.712
	833 10.7103
	834 10.7092
	835 10.7086
	836 10.7086
	837 10.7092
	838 10.7103
	839 10.712
	840 10.7143
	841 10.7172
	842 10.7206
	60 10.7246
LINE 56 63 228.812 21
	843 10.9866
	844 10.9595
	845 10.9351
	846 10.9136
	847 10.8949
	848 10.8791
	849 10.8661
	850 10.856
	851 10.8488
	852 10.8445
	853 10.843
	854 10.8445
	855 10.8488
	856 10.856
	857 10.8661
	858 10.8791
	859 10.8949
	860 10.9136
	861 10.9351
	862 10.9595
	63 10.9866
LINE 57 64 200.405 17
	863 13.2838
	864 12.7535
	865 12.2754
	866 11.8558
	867 11.5011
	868 11.2174
	869 11.0104
	870 10.8842
	871 10.8419
	872 10.8842
	873 11.0104
	874 11.2174
	875 11.5011
	876 11.8558
	877 12.2754
	878 12.7535
	64 13.2838
LINE 58 65 263.368 24
	879 11.7363
	880 11.544
	881 11.3663
	882 11.2039
	883 11.0576
	884 10.928
	885 10.8157
	886 10.7212
	887 10.645
	888 10.5875
	889 10.5489
	890 10.5296
	891 10.5296
	892 10.5489
	893 10.5875
	894 10.645
	895 10.7212
	896 10.8157
	897 10.928
	898 11.0576
	899 11.2039
	900 11.3663
	901 11.544
	65 11.7363
LINE 59 60 204.06 19
	902 10.8601
	903 10.8203
	904 10.785
	905 10.7544
	906 10.7284
	907 10.707
	908 10.6904
	909 10.6785
	910 10.6714
	911 10.669
	912 10.6714
	913 10.6785
	914 10.6904
	915 10.707
	916 10.7284
	917 10.7544
	918 10.785
	919 10.8203
	60 10.8601
LINE 60 66 211.003 18
	920 13.025
	921 12.5876
	922 12.192
	923 11.8425
	924 11.5431
	925 11.2978
	926 11.1104
	927 10.9836
	928 10.9197
	929 10.9197
	930 10.9836
	931 11.1104
	932 11.2978
	933 11.5431
	934 11.8425
	935 12.192
	936 12.5876
	66 13.025
LINE 61 67 142.873 13
	937 11.8484
	938 11.4326
	939 11.0809
	940 10.7994
	941 10.5937
	942 10.4684
	943 10.4263
	944 10.4684
	945 10.5937
	946 10.7994
	947 11.0809
	948 11.4326
	67 11.8484
LINE 62 63 72.7262 7
	949 10.4011
	950 10.3895
	951 10.3825
	952 10.3802
	953 10.3825
	954 10.3895
	63 10.4011
LINE 65 66 204.867 19
	955 11.0776
	956 10.9805
	957 10.8941
	958 10.8186
	959 10.7544
	960 10.7015
	961 10.6602
	962 10.6306
	963 10.6128
	964 10.6068
	965 10.6128
	966 10.6306
	967 10.6602
	968 10.7015
	969 10.7544
	970 10.8186
	971 10.8941
	972 10.9805
	66 11.0776
COORDENADAS :
1	14.8574	818.502
2	355.832	817.862
3	462.04	863.025
4	565.306	846.642
5	725.176	861.97
6	813.078	800.491
7	959.119	832.611
8	46.8463	762.818
9	209.23	757.184
10	349.942	718.438
11	411.508	731.243
12	620.068	716.21
13	768.57	734.471
14	950.568	703.907
15	38.6493	622.429
16	138.948	651.425
17	239.82	622.655
18	452.343	633.14
19	546.611	623.553
20	604.584	645.441
21	711.215	639.504
22	64.5989	530.295
23	156.485	530.673
24	230.779	550.865
25	342.868	520.887
26	471.072	540.049
27	516.532	522.087
28	613.385	547.919
29	770.792	538.729
30	6.11993	418.979
31	108.085	440.634
32	213.385	455.185
33	364.674	437.671
34	454.686	455.668
35	505.199	404.743
36	653.725	439.09
37	719.401	400.506
38	815.996	439.577
39	928.04	418.248
40	29.9012	342.16
41	160.339	352.371
42	241.029	338.667
43	360.044	358.932
44	414.308	340.002
45	532.341	313.649
46	613.729	355.753
47	708.803	325.836
48	844.306	317.05
49	942.535	311.679
50	25.9661	203.634
51	460.734	205.319
52	624.069	251.057
53	766.838	251.164
54	856.237	238.955
55	929.45	255.856
56	120.166	156.341
57	420.232	113.358
58	642.14	164.828
59	707.938	101.589
60	840.899	125.766
61	910.798	114.006
62	66.5792	12.1833
63	114.43	4.64644
64	369.386	1.49754
65	607.468	0
66	727.72	59.9188
67	932.074	26.1846
68	380.469	646.912
69	531.383	210.522
70	888.633	819.293
71	330.877	919.601
72	124.48	837.036
73	566.51	668.556
74	21.812	814.269
75	27.9165	809.546
76	33.1709	804.336
77	37.5753	798.637
78	41.1296	792.45
79	43.8339	785.774
80	45.6881	778.61
81	46.6922	770.958
82	351.799	810.974
83	348.321	804.053
84	345.4	797.1
85	343.034	790.113
86	341.224	783.094
87	339.97	776.042
88	339.271	768.957
89	339.129	761.838
90	339.542	754.687
91	340.51	747.503
92	342.034	740.287
93	344.115	733.037
94	346.75	725.754
95	468.753	860.855
96	475.491	858.839
97	482.253	856.977
98	489.04	855.269
99	495.851	853.715
100	502.687	852.315
101	509.547	851.069
102	516.431	849.976
103	523.34	849.038
104	530.273	848.254
105	537.231	847.624
106	544.213	847.147
107	551.22	846.825
108	558.251	846.656
109	727.885	853.366
110	731.045	845.406
111	734.654	838.09
112	738.714	831.417
113	743.224	825.388
114	748.184	820.002
115	753.594	815.26
116	759.454	811.162
117	765.764	807.707
118	772.525	804.895
119	779.735	802.727
120	787.396	801.203
121	795.506	800.322
122	804.067	800.085
123	805.06	797.167
124	797.836	793.308
125	791.406	788.913
126	785.772	783.982
127	780.931	778.516
128	776.885	772.514
129	773.633	765.976
130	771.176	758.903
131	769.513	751.295
132	768.644	743.151
133	961.46	825.273
134	963.47	817.958
135	965.148	810.665
136	966.495	803.394
137	967.51	796.144
138	968.195	788.917
139	968.548	781.712
140	968.57	774.529
141	968.26	767.367
142	967.62	760.228
143	966.648	753.111
144	965.344	746.016
145	963.71	738.943
146	961.744	731.892
147	959.447	724.863
148	956.818	717.855
149	953.859	710.87
150	49.0613	755.645
151	51.0001	748.489
152	52.6625	741.348
153	54.0486	734.224
154	55.1585	727.116
155	55.992	720.024
156	56.5492	712.948
157	56.8301	705.888
158	56.8347	698.844
159	56.563	691.817
160	56.015	684.805
161	55.1907	677.81
162	54.0901	670.831
163	52.7132	663.868
164	51.06	656.921
165	49.1305	649.99
166	46.9246	643.076
167	44.4425	636.177
168	41.684	629.295
169	217.211	759.986
170	225.063	762.324
171	232.787	764.197
172	240.383	765.605
173	247.852	766.548
174	255.192	767.026
175	262.404	767.04
176	269.489	766.589
177	276.445	765.674
178	283.274	764.293
179	289.974	762.448
180	296.547	760.139
181	302.992	757.364
182	309.308	754.125
183	315.497	750.421
184	321.558	746.252
185	327.49	741.619
186	333.295	736.521
187	338.972	730.958
188	344.521	724.931
189	341.978	717.004
190	334.287	715.257
191	326.868	713.197
192	319.72	710.824
193	312.845	708.139
194	306.241	705.141
195	299.909	701.831
196	293.85	698.207
197	288.062	694.272
198	282.546	690.023
199	277.302	685.462
200	272.33	680.588
201	267.63	675.402
202	263.202	669.903
203	259.046	664.091
204	255.162	657.967
205	251.55	651.53
206	248.209	644.78
207	245.141	637.718
208	242.344	630.343
209	419.33	726.826
210	426.423	722.105
211	432.788	717.081
212	438.424	711.754
213	443.332	706.123
214	447.512	700.19
215	450.962	693.953
216	453.685	687.413
217	455.679	680.569
218	456.944	673.422
219	457.481	665.972
220	457.289	658.219
221	456.369	650.163
222	454.72	641.803
223	419.119	729.243
224	426.558	727.026
225	433.824	724.593
226	440.919	721.943
227	447.84	719.078
228	454.59	715.996
229	461.167	712.698
230	467.572	709.184
231	473.804	705.453
232	479.865	701.507
233	485.752	697.344
234	491.468	692.965
235	497.011	688.37
236	502.382	683.558
237	507.58	678.531
238	512.606	673.287
239	517.46	667.827
240	522.142	662.151
241	526.651	656.258
242	530.988	650.149
243	535.152	643.825
244	539.144	637.283
245	542.964	630.526
246	627.615	713.212
247	635.115	710.601
248	642.567	708.376
249	649.971	706.539
250	657.328	705.088
251	664.637	704.023
252	671.899	703.346
253	679.113	703.055
254	686.28	703.151
255	693.399	703.634
256	700.471	704.504
257	707.495	705.76
258	714.471	707.403
259	721.4	709.433
260	728.281	711.85
261	735.115	714.653
262	741.901	717.843
263	748.64	721.42
264	755.331	725.384
265	761.974	729.734
266	766.081	727.874
267	763.446	721.365
268	760.665	714.944
269	757.738	708.612
270	754.664	702.368
271	751.445	696.212
272	748.079	690.144
273	744.567	684.164
274	740.91	678.273
275	737.106	672.47
276	733.156	666.755
277	729.06	661.129
278	724.818	655.59
279	720.43	650.14
280	715.895	644.778
281	45.6171	623.389
282	52.5447	624.489
283	59.4321	625.727
284	66.2794	627.105
285	73.0865	628.621
286	79.8534	630.276
287	86.5802	632.07
288	93.2668	634.003
289	99.9132	636.075
290	106.519	638.286
291	113.086	640.636
292	119.612	643.125
293	126.097	645.753
294	132.543	648.519
295	146.189	651.315
296	153.356	650.947
297	160.449	650.32
298	167.468	649.435
299	174.414	648.292
300	181.286	646.891
301	188.084	645.231
302	194.809	643.313
303	201.46	641.137
304	208.038	638.703
305	214.542	636.01
306	220.972	633.059
307	227.328	629.849
308	233.611	626.381
309	243.809	614.86
310	246.711	607.202
311	248.526	599.68
312	249.253	592.296
313	248.892	585.049
314	247.444	577.938
315	244.909	570.964
316	241.287	564.128
317	236.577	557.428
318	611.795	646.879
319	618.991	648.056
320	626.173	648.97
321	633.34	649.622
322	640.492	650.012
323	647.63	650.141
324	654.754	650.007
325	661.862	649.611
326	668.956	648.953
327	676.036	648.033
328	683.101	646.852
329	690.151	645.408
330	697.187	643.702
331	704.208	641.734
332	608.421	638.765
333	611.764	632.044
334	614.613	625.279
335	616.969	618.469
336	618.832	611.614
337	620.201	604.715
338	621.076	597.771
339	621.458	590.783
340	621.347	583.751
341	620.741	576.673
342	619.643	569.552
343	618.051	562.385
344	615.965	555.175
345	716.693	634.243
346	721.938	628.844
347	726.948	623.306
348	731.725	617.63
349	736.267	611.816
350	740.576	605.863
351	744.65	599.772
352	748.491	593.543
353	752.097	587.175
354	755.47	580.669
355	758.608	574.025
356	761.513	567.242
357	764.184	560.322
358	766.62	553.262
359	768.823	546.065
360	71.6582	532.478
361	78.719	534.302
362	85.7813	535.768
363	92.845	536.874
364	99.9102	537.621
365	106.977	538.009
366	114.045	538.038
367	121.115	537.708
368	128.186	537.019
369	135.259	535.971
370	142.333	534.564
371	149.408	532.798
372	148.803	528.933
373	141.273	526.989
374	133.895	524.84
375	126.669	522.487
376	119.594	519.929
377	112.672	517.166
378	105.901	514.2
379	99.2826	511.028
380	92.8157	507.653
381	86.5008	504.072
382	80.3378	500.288
383	74.3267	496.299
384	68.4675	492.105
385	62.7601	487.707
386	57.2047	483.104
387	51.8011	478.297
388	46.5495	473.285
389	41.4497	468.069
390	36.5019	462.649
391	31.7059	457.023
392	27.0618	451.194
393	22.5697	445.16
394	18.2294	438.921
395	14.041	432.478
396	10.0045	425.831
397	164.542	527.64
398	171.985	524.144
399	178.815	520.187
400	185.032	515.767
401	190.636	510.884
402	195.626	505.54
403	200.003	499.733
404	203.766	493.464
405	206.917	486.733
406	209.454	479.539
407	211.378	471.883
408	212.688	463.765
409	335.349	519.662
410	327.939	518.22
411	320.64	516.562
412	313.45	514.686
413	306.371	512.594
414	299.402	510.285
415	292.542	507.759
416	285.793	505.016
417	279.154	502.056
418	272.625	498.879
419	266.206	495.486
420	259.897	491.875
421	253.698	488.048
422	247.609	484.004
423	241.63	479.743
424	235.761	475.265
425	230.002	470.57
426	224.353	465.659
427	218.814	460.53
428	477.772	538.003
429	484.403	535.784
430	490.966	533.392
431	497.46	530.826
432	503.886	528.086
433	510.243	525.173
434	474.927	532.004
435	477.833	524.142
436	479.79	516.465
437	480.798	508.973
438	480.856	501.664
439	479.965	494.541
440	478.125	487.601
441	475.336	480.846
442	471.597	474.275
443	466.91	467.888
444	461.273	461.686
445	612.284	539.755
446	610.913	531.793
447	609.274	524.035
448	607.366	516.48
449	605.189	509.128
450	602.744	501.979
451	600.029	495.033
452	597.046	488.29
453	593.793	481.751
454	590.272	475.414
455	586.483	469.281
456	582.424	463.351
457	578.097	457.624
458	573.5	452.1
459	568.635	446.779
460	563.501	441.661
461	558.099	436.747
462	552.427	432.035
463	546.487	427.527
464	540.277	423.222
465	533.799	419.12
466	527.053	415.221
467	520.037	411.525
468	512.752	408.032
469	618.692	543.134
470	623.901	538.277
471	629.011	533.35
472	634.022	528.352
473	638.936	523.283
474	643.751	518.144
475	648.467	512.934
476	653.086	507.653
477	657.606	502.302
478	662.027	496.879
479	666.351	491.387
480	670.576	485.823
481	674.703	480.189
482	678.731	474.483
483	682.661	468.708
484	686.493	462.861
485	690.226	456.944
486	693.861	450.956
487	697.398	444.897
488	700.836	438.768
489	704.176	432.568
490	707.418	426.297
491	710.561	419.955
492	713.606	413.543
493	716.553	407.06
494	11.9809	424.833
495	17.9757	430.057
496	24.1043	434.651
497	30.3667	438.615
498	36.763	441.949
499	43.293	444.653
500	49.9569	446.727
501	56.7546	448.171
502	63.6861	448.984
503	70.7514	449.168
504	77.9506	448.721
505	85.2835	447.645
506	92.7503	445.938
507	100.351	443.601
508	10.2804	412.614
509	14.0412	406.125
510	17.4023	399.513
511	20.3636	392.777
512	22.9253	385.917
513	25.0872	378.934
514	26.8494	371.826
515	28.2119	364.595
516	29.1747	357.241
517	29.7378	349.762
518	115.63	437.805
519	123.1	435.518
520	130.495	433.774
521	137.815	432.573
522	145.06	431.915
523	152.23	431.799
524	159.325	432.226
525	166.345	433.196
526	173.291	434.709
527	180.161	436.765
528	186.956	439.363
529	193.676	442.504
530	200.32	446.188
531	206.89	450.415
532	112.028	434.454
533	115.938	428.255
534	119.815	422.036
535	123.661	415.799
536	127.474	409.542
537	131.255	403.266
538	135.003	396.971
539	138.719	390.657
540	142.403	384.324
541	146.055	377.972
542	149.675	371.6
543	153.262	365.21
544	156.817	358.8
545	372.495	434.566
546	380.167	432.209
547	387.69	430.6
548	395.063	429.739
549	402.286	429.627
550	409.36	430.263
551	416.284	431.647
552	423.058	433.78
553	429.683	436.661
554	436.158	440.29
555	442.484	444.667
556	448.66	449.793
557	359.5	432.613
558	354.284	427.608
559	349.026	422.656
560	343.725	417.757
561	338.381	412.911
562	332.995	408.119
563	327.567	403.379
564	322.095	398.693
565	316.582	394.06
566	311.025	389.48
567	305.426	384.953
568	299.785	380.48
569	294.101	376.059
570	288.374	371.692
571	282.605	367.378
572	276.793	363.117
573	270.939	358.909
574	265.042	354.754
575	259.103	350.653
576	253.121	346.604
577	247.096	342.609
578	371.074	432.731
579	377.034	427.567
580	382.551	422.178
581	387.627	416.565
582	392.261	410.727
583	396.453	404.664
584	400.204	398.377
585	403.513	391.866
586	406.38	385.13
587	408.806	378.17
588	410.79	370.986
589	412.332	363.576
590	413.432	355.943
591	414.091	348.085
592	463.474	454.281
593	471.432	452.071
594	478.559	449.038
595	484.855	445.181
596	490.322	440.5
597	494.958	434.996
598	498.764	428.668
599	501.739	421.516
600	503.884	413.541
601	513.273	405.604
602	521.135	405.997
603	528.787	405.923
604	536.227	405.381
605	543.456	404.371
606	550.474	402.893
607	557.28	400.947
608	563.876	398.533
609	570.26	395.651
610	576.433	392.301
611	582.394	388.484
612	588.145	384.198
613	593.684	379.445
614	599.012	374.224
615	604.129	368.535
616	609.035	362.378
617	651.083	432.471
618	648.368	425.887
619	645.58	419.338
620	642.721	412.823
621	639.789	406.343
622	636.785	399.898
623	633.708	393.487
624	630.559	387.111
625	627.338	380.77
626	624.044	374.464
627	620.678	368.192
628	617.24	361.955
629	715.5	394.135
630	712.187	387.68
631	709.46	381.142
632	707.322	374.521
633	705.771	367.816
634	704.807	361.028
635	704.431	354.157
636	704.643	347.202
637	705.442	340.163
638	706.829	333.041
639	822.788	437.137
640	829.608	434.846
641	836.457	432.701
642	843.333	430.704
643	850.238	428.855
644	857.17	427.153
645	864.131	425.599
646	871.12	424.192
647	878.136	422.932
648	885.181	421.821
649	892.254	420.856
650	899.355	420.04
651	906.484	419.371
652	913.642	418.849
653	920.827	418.475
654	24.397	335.384
655	19.4516	328.593
656	15.0648	321.786
657	11.2366	314.962
658	7.96717	308.123
659	5.25639	301.269
660	3.10429	294.398
661	1.51085	287.511
662	0.476089	280.609
663	0	273.69
664	0.0825836	266.756
665	0.72384	259.806
666	1.92377	252.84
667	3.68237	245.858
668	5.99965	238.86
669	8.87559	231.847
670	12.3102	224.817
671	16.3035	217.772
672	20.8555	210.711
673	365.876	353.84
674	371.98	349.527
675	378.356	345.992
676	385.003	343.237
677	391.922	341.26
678	399.112	340.062
679	406.575	339.643
680	420.624	335.64
681	427.017	331.63
682	433.49	327.971
683	440.04	324.663
684	446.67	321.707
685	453.377	319.102
686	460.163	316.849
687	467.028	314.948
688	473.971	313.397
689	480.993	312.199
690	488.093	311.351
691	495.271	310.856
692	502.528	310.711
693	509.864	310.918
694	517.278	311.477
695	524.77	312.387
696	527.177	308.414
697	522.153	303.087
698	517.269	297.668
699	512.524	292.156
700	507.918	286.553
701	503.452	280.857
702	499.125	275.069
703	494.938	269.189
704	490.89	263.217
705	486.982	257.153
706	483.213	250.996
707	479.583	244.747
708	476.093	238.407
709	472.742	231.973
710	469.531	225.448
711	466.459	218.831
712	463.527	212.121
713	540.921	313.909
714	549.122	313.614
715	556.942	312.761
716	564.384	311.353
717	571.445	309.388
718	578.127	306.867
719	584.43	303.79
720	590.353	300.156
721	595.896	295.966
722	601.06	291.219
723	605.844	285.916
724	610.248	280.057
725	614.273	273.642
726	617.918	266.67
727	621.183	259.142
728	621.458	354.424
729	629.039	352.879
730	636.474	351.118
731	643.761	349.143
732	650.9	346.951
733	657.893	344.545
734	664.738	341.923
735	671.437	339.085
736	677.988	336.032
737	684.392	332.763
738	690.648	329.279
739	696.758	325.58
740	702.72	321.665
741	708.536	317.535
742	714.204	313.189
743	719.724	308.628
744	725.098	303.851
745	730.325	298.859
746	735.404	293.651
747	740.336	288.228
748	745.121	282.589
749	749.759	276.735
750	754.249	270.666
751	758.593	264.381
752	762.789	257.88
753	714.615	321.14
754	720.203	316.269
755	725.566	311.224
756	730.704	306.004
757	735.618	300.609
758	740.307	295.039
759	744.771	289.295
760	749.01	283.377
761	753.025	277.284
762	756.815	271.016
763	760.381	264.573
764	763.722	257.956
765	851.294	316.146
766	858.286	315.322
767	865.283	314.579
768	872.284	313.915
769	879.29	313.332
770	886.299	312.828
771	893.314	312.404
772	900.332	312.061
773	907.355	311.797
774	914.382	311.614
775	921.414	311.51
776	928.45	311.486
777	935.49	311.543
778	939.09	305.125
779	936.162	298.45
780	933.751	291.654
781	931.857	284.737
782	930.48	277.698
783	929.62	270.539
784	929.277	263.258
785	456.398	199.386
786	452.284	193.356
787	448.392	187.227
788	444.722	181.001
789	441.274	174.676
790	438.047	168.254
791	435.043	161.735
792	432.261	155.117
793	429.702	148.402
794	427.364	141.589
795	425.248	134.678
796	423.354	127.669
797	421.682	120.563
798	631.208	250.214
799	638.347	249.46
800	645.486	248.796
801	652.625	248.221
802	659.764	247.735
803	666.902	247.338
804	674.041	247.031
805	681.18	246.813
806	688.318	246.684
807	695.457	246.645
808	702.595	246.695
809	709.733	246.834
810	716.872	247.063
811	724.01	247.381
812	731.148	247.788
813	738.286	248.285
814	745.424	248.871
815	752.562	249.546
816	759.7	250.31
817	626.064	243.974
818	627.97	236.872
819	629.787	229.752
820	631.515	222.612
821	633.155	215.455
822	634.705	208.278
823	636.167	201.083
824	637.539	193.869
825	638.823	186.637
826	640.017	179.386
827	641.123	172.116
828	854.89	231.934
829	853.595	224.905
830	852.352	217.869
831	851.16	210.826
832	850.02	203.777
833	848.932	196.72
834	847.896	189.656
835	846.911	182.585
836	845.978	175.507
837	845.097	168.422
838	844.268	161.331
839	843.491	154.232
840	842.765	147.126
841	842.091	140.013
842	841.469	132.893
843	121.072	149.072
844	121.861	141.809
845	122.531	134.55
846	123.084	127.295
847	123.518	120.044
848	123.835	112.799
849	124.033	105.557
850	124.114	98.3204
851	124.077	91.0879
852	123.922	83.86
853	123.649	76.6364
854	123.257	69.4174
855	122.748	62.2028
856	122.121	54.9926
857	121.377	47.7869
858	120.514	40.5857
859	119.533	33.3889
860	118.434	26.1966
861	117.217	19.0088
862	115.883	11.8254
863	421.9	104.661
864	422.985	96.228
865	423.488	88.0599
866	423.408	80.1564
867	422.746	72.5176
868	421.502	65.1436
869	419.676	58.0342
870	417.267	51.1894
871	414.276	44.6094
872	410.703	38.294
873	406.548	32.2434
874	401.81	26.4574
875	396.49	20.936
876	390.587	15.6794
877	384.103	10.6874
878	377.036	5.96015
879	644.08	157.248
880	645.726	149.73
881	647.077	142.274
882	648.135	134.88
883	648.897	127.548
884	649.366	120.278
885	649.54	113.069
886	649.42	105.923
887	649.005	98.8384
888	648.297	91.8157
889	647.293	84.855
890	645.996	77.9562
891	644.404	71.1194
892	642.518	64.3444
893	640.337	57.6313
894	637.863	50.9802
895	635.093	44.391
896	632.03	37.8637
897	628.672	31.3983
898	625.02	24.9948
899	621.073	18.6532
900	616.833	12.3736
901	612.297	6.15583
902	715.178	101.532
903	722.391	101.622
904	729.577	101.86
905	736.736	102.245
906	743.868	102.779
907	750.974	103.46
908	758.052	104.289
909	765.104	105.266
910	772.129	106.39
911	779.127	107.663
912	786.098	109.083
913	793.042	110.651
914	799.959	112.367
915	806.85	114.231
916	813.713	116.242
917	820.55	118.401
918	827.36	120.708
919	834.143	123.163
920	836.996	118.009
921	832.812	110.735
922	828.347	103.943
923	823.603	97.6325
924	818.577	91.8046
925	813.271	86.4588
926	807.685	81.5952
927	801.818	77.2138
928	795.671	73.3145
929	789.243	69.8975
930	782.534	66.9625
931	775.545	64.5098
932	768.276	62.5392
933	760.726	61.0508
934	752.895	60.0446
935	744.784	59.5205
936	736.392	59.4786
937	908.788	106.367
938	907.386	98.875
939	906.592	91.5306
940	906.405	84.3334
941	906.826	77.2835
942	907.855	70.3808
943	909.491	63.6253
944	911.736	57.0171
945	914.588	50.5561
946	918.048	44.2424
947	922.115	38.0759
948	926.791	32.0566
949	73.3467	10.6727
950	80.137	9.30667
951	86.9501	8.08533
952	93.7859	7.00863
953	100.645	6.07659
954	107.526	5.28919
955	612.847	5.06016
956	618.332	9.90848
957	623.922	14.545
958	629.618	18.9696
959	635.419	23.1824
960	641.326	27.1834
961	647.338	30.9725
962	653.456	34.5498
963	659.68	37.9153
964	666.009	41.0689
965	672.443	44.0107
966	678.983	46.7406
967	685.629	49.2587
968	692.38	51.565
969	699.237	53.6594
970	706.2	55.542
971	713.267	57.2128
972	720.441	58.6717
