NOMBRE : MTLARP6_8_4_2.dat
VERTICES ORIGINALES : 48
VERTICES TOTALES : 781
DEPOTS : 4
45
46
47
48
LINEAS ORIGINALES : 49
LINE 1 2 132.567 12
	49 11.7238
	50 11.3635
	51 11.0668
	52 10.839
	53 10.6844
	54 10.6062
	55 10.6062
	56 10.6844
	57 10.839
	58 11.0668
	59 11.3635
	2 11.7238
LINE 1 8 121.583 11
	60 11.5182
	61 11.2434
	62 11.025
	63 10.8663
	64 10.7699
	65 10.7376
	66 10.7699
	67 10.8663
	68 11.025
	69 11.2434
	8 11.5182
LINE 1 9 230.393 22
	70 10.4817
	71 10.479
	72 10.4766
	73 10.4745
	74 10.4727
	75 10.4711
	76 10.4698
	77 10.4687
	78 10.4679
	79 10.4674
	80 10.4672
	81 10.4672
	82 10.4674
	83 10.4679
	84 10.4687
	85 10.4698
	86 10.4711
	87 10.4727
	88 10.4745
	89 10.4766
	90 10.479
	9 10.4817
LINE 3 10 129.384 12
	91 10.9336
	92 10.8514
	93 10.7851
	94 10.7351
	95 10.7017
	96 10.685
	97 10.685
	98 10.7017
	99 10.7351
	100 10.7851
	101 10.8514
	10 10.9336
LINE 4 5 159.605 15
	102 10.7784
	103 10.7196
	104 10.6695
	105 10.6284
	106 10.5963
	107 10.5733
	108 10.5595
	109 10.5549
	110 10.5595
	111 10.5733
	112 10.5963
	113 10.6284
	114 10.6695
	115 10.7196
	5 10.7784
LINE 4 10 251.975 23
	116 11.4425
	117 11.3125
	118 11.1936
	119 11.0861
	120 10.9904
	121 10.9068
	122 10.8355
	123 10.7769
	124 10.731
	125 10.6982
	126 10.6784
	127 10.6718
	128 10.6784
	129 10.6982
	130 10.731
	131 10.7769
	132 10.8355
	133 10.9068
	134 10.9904
	135 11.0861
	136 11.1936
	137 11.3125
	10 11.4425
LINE 4 12 123.217 11
	138 11.5463
	139 11.3419
	140 11.1802
	141 11.0633
	142 10.9926
	143 10.9689
	144 10.9926
	145 11.0633
	146 11.1802
	147 11.3419
	12 11.5463
LINE 6 13 269.073 24
	148 11.9163
	149 11.738
	150 11.5734
	151 11.4233
	152 11.2882
	153 11.1687
	154 11.0652
	155 10.9782
	156 10.9081
	157 10.8552
	158 10.8198
	159 10.8021
	160 10.8021
	161 10.8198
	162 10.8552
	163 10.9081
	164 10.9782
	165 11.0652
	166 11.1687
	167 11.2882
	168 11.4233
	169 11.5734
	170 11.738
	13 11.9163
LINE 6 14 235.59 21
	171 12.1877
	172 11.9085
	173 11.6531
	174 11.4229
	175 11.2196
	176 11.0446
	177 10.8994
	178 10.7851
	179 10.7027
	180 10.653
	181 10.6363
	182 10.653
	183 10.7027
	184 10.7851
	185 10.8994
	186 11.0446
	187 11.2196
	188 11.4229
	189 11.6531
	190 11.9085
	14 12.1877
LINE 7 16 183.77 17
	191 11.4681
	192 11.2279
	193 11.0156
	194 10.8326
	195 10.6806
	196 10.5609
	197 10.4745
	198 10.4224
	199 10.4049
	200 10.4224
	201 10.4745
	202 10.5609
	203 10.6806
	204 10.8326
	205 11.0156
	206 11.2279
	16 11.4681
LINE 8 9 211.812 20
	207 10.6052
	208 10.6006
	209 10.5965
	210 10.5929
	211 10.5898
	212 10.5873
	213 10.5852
	214 10.5837
	215 10.5827
	216 10.5821
	217 10.5821
	218 10.5827
	219 10.5837
	220 10.5852
	221 10.5873
	222 10.5898
	223 10.5929
	224 10.5965
	225 10.6006
	9 10.6052
LINE 8 16 127.829 12
	226 10.8198
	227 10.7291
	228 10.6559
	229 10.6007
	230 10.5637
	231 10.5452
	232 10.5452
	233 10.5637
	234 10.6007
	235 10.6559
	236 10.7291
	16 10.8198
LINE 9 10 78.3877 7
	237 11.3694
	238 11.1989
	239 11.0953
	240 11.0606
	241 11.0953
	242 11.1989
	10 11.3694
LINE 9 17 163.529 15
	243 10.9394
	244 10.9234
	245 10.9098
	246 10.8987
	247 10.89
	248 10.8838
	249 10.8801
	250 10.8789
	251 10.8801
	252 10.8838
	253 10.89
	254 10.8987
	255 10.9098
	256 10.9234
	17 10.9394
LINE 10 11 217.615 20
	257 11.0956
	258 11.0284
	259 10.9683
	260 10.9154
	261 10.8699
	262 10.8319
	263 10.8013
	264 10.7783
	265 10.763
	266 10.7553
	267 10.7553
	268 10.763
	269 10.7783
	270 10.8013
	271 10.8319
	272 10.8699
	273 10.9154
	274 10.9683
	275 11.0284
	11 11.0956
LINE 12 21 296.652 27
	276 11.6821
	277 11.5267
	278 11.3818
	279 11.2479
	280 11.1254
	281 11.0146
	282 10.9159
	283 10.8297
	284 10.7561
	285 10.6956
	286 10.6483
	287 10.6143
	288 10.5939
	289 10.5871
	290 10.5939
	291 10.6143
	292 10.6483
	293 10.6956
	294 10.7561
	295 10.8297
	296 10.9159
	297 11.0146
	298 11.1254
	299 11.2479
	300 11.3818
	301 11.5267
	21 11.6821
LINE 14 21 145.971 14
	302 10.4685
	303 10.4491
	304 10.433
	305 10.42
	306 10.4103
	307 10.4038
	308 10.4006
	309 10.4006
	310 10.4038
	311 10.4103
	312 10.42
	313 10.433
	314 10.4491
	21 10.4685
LINE 14 22 86.4335 8
	315 10.9417
	316 10.8243
	317 10.7452
	318 10.7055
	319 10.7055
	320 10.7452
	321 10.8243
	22 10.9417
LINE 15 23 141.429 13
	322 10.8996
	323 10.8893
	324 10.881
	325 10.8745
	326 10.8698
	327 10.867
	328 10.8661
	329 10.867
	330 10.8698
	331 10.8745
	332 10.881
	333 10.8893
	23 10.8996
LINE 16 24 165.696 15
	334 11.2765
	335 11.1787
	336 11.0954
	337 11.0267
	338 10.973
	339 10.9345
	340 10.9113
	341 10.9035
	342 10.9113
	343 10.9345
	344 10.973
	345 11.0267
	346 11.0954
	347 11.1787
	24 11.2765
LINE 17 24 171.978 16
	348 10.9871
	349 10.8927
	350 10.811
	351 10.7425
	352 10.6874
	353 10.6459
	354 10.6181
	355 10.6042
	356 10.6042
	357 10.6181
	358 10.6459
	359 10.6874
	360 10.7425
	361 10.811
	362 10.8927
	24 10.9871
LINE 17 25 181.302 17
	363 11.1972
	364 11.002
	365 10.83
	366 10.6822
	367 10.5598
	368 10.4636
	369 10.3943
	370 10.3525
	371 10.3386
	372 10.3525
	373 10.3943
	374 10.4636
	375 10.5598
	376 10.6822
	377 10.83
	378 11.002
	25 11.1972
LINE 18 19 159.111 15
	379 10.8275
	380 10.734
	381 10.6543
	382 10.5886
	383 10.5372
	384 10.5004
	385 10.4782
	386 10.4708
	387 10.4782
	388 10.5004
	389 10.5372
	390 10.5886
	391 10.6543
	392 10.734
	19 10.8275
LINE 19 20 232.722 21
	393 11.7985
	394 11.59
	395 11.4002
	396 11.2301
	397 11.0806
	398 10.9525
	399 10.8465
	400 10.7634
	401 10.7036
	402 10.6676
	403 10.6555
	404 10.6676
	405 10.7036
	406 10.7634
	407 10.8465
	408 10.9525
	409 11.0806
	410 11.2301
	411 11.4002
	412 11.59
	20 11.7985
LINE 19 26 215.508 20
	413 10.7768
	414 10.7764
	415 10.776
	416 10.7756
	417 10.7753
	418 10.7751
	419 10.7749
	420 10.7747
	421 10.7746
	422 10.7746
	423 10.7746
	424 10.7746
	425 10.7747
	426 10.7749
	427 10.7751
	428 10.7753
	429 10.7756
	430 10.776
	431 10.7764
	26 10.7768
LINE 21 29 200.871 18
	432 11.91
	433 11.6531
	434 11.4236
	435 11.2231
	436 11.0532
	437 10.9154
	438 10.8109
	439 10.7407
	440 10.7054
	441 10.7054
	442 10.7407
	443 10.8109
	444 10.9154
	445 11.0532
	446 11.2231
	447 11.4236
	448 11.6531
	29 11.91
LINE 22 30 206.448 19
	449 10.8672
	450 10.8667
	451 10.8663
	452 10.8659
	453 10.8656
	454 10.8653
	455 10.8651
	456 10.8649
	457 10.8648
	458 10.8648
	459 10.8648
	460 10.8649
	461 10.8651
	462 10.8653
	463 10.8656
	464 10.8659
	465 10.8663
	466 10.8667
	30 10.8672
LINE 23 31 187.36 18
	467 10.425
	468 10.4193
	469 10.4143
	470 10.4101
	471 10.4065
	472 10.4037
	473 10.4015
	474 10.4001
	475 10.3994
	476 10.3994
	477 10.4001
	478 10.4015
	479 10.4037
	480 10.4065
	481 10.4101
	482 10.4143
	483 10.4193
	31 10.425
LINE 24 25 104.488 9
	484 12.2139
	485 11.7683
	486 11.4394
	487 11.2375
	488 11.1693
	489 11.2375
	490 11.4394
	491 11.7683
	25 12.2139
LINE 25 26 138.138 12
	492 12.2847
	493 11.8738
	494 11.5346
	495 11.2735
	496 11.0961
	497 11.0062
	498 11.0062
	499 11.0961
	500 11.2735
	501 11.5346
	502 11.8738
	26 12.2847
LINE 25 32 127.767 12
	503 10.7427
	504 10.6908
	505 10.6491
	506 10.6177
	507 10.5967
	508 10.5862
	509 10.5862
	510 10.5967
	511 10.6177
	512 10.6491
	513 10.6908
	32 10.7427
LINE 26 27 167.183 16
	514 10.6095
	515 10.5457
	516 10.4907
	517 10.4447
	518 10.4077
	519 10.3799
	520 10.3613
	521 10.352
	522 10.352
	523 10.3613
	524 10.3799
	525 10.4077
	526 10.4447
	527 10.4907
	528 10.5457
	27 10.6095
LINE 26 33 148.757 14
	529 10.6744
	530 10.6519
	531 10.6331
	532 10.618
	533 10.6066
	534 10.5991
	535 10.5953
	536 10.5953
	537 10.5991
	538 10.6066
	539 10.618
	540 10.6331
	541 10.6519
	33 10.6744
LINE 27 34 136.695 13
	542 10.652
	543 10.5839
	544 10.5278
	545 10.484
	546 10.4526
	547 10.4337
	548 10.4274
	549 10.4337
	550 10.4526
	551 10.484
	552 10.5278
	553 10.5839
	34 10.652
LINE 27 35 280.752 26
	554 11.2071
	555 11.1108
	556 11.0218
	557 10.9402
	558 10.8663
	559 10.8001
	560 10.7419
	561 10.6918
	562 10.6498
	563 10.6161
	564 10.5908
	565 10.5739
	566 10.5654
	567 10.5654
	568 10.5739
	569 10.5908
	570 10.6161
	571 10.6498
	572 10.6918
	573 10.7419
	574 10.8001
	575 10.8663
	576 10.9402
	577 11.0218
	578 11.1108
	35 11.2071
LINE 28 29 144.623 14
	579 10.384
	580 10.3592
	581 10.3385
	582 10.3219
	583 10.3095
	584 10.3011
	585 10.297
	586 10.297
	587 10.3011
	588 10.3095
	589 10.3219
	590 10.3385
	591 10.3592
	29 10.384
LINE 29 30 165.902 16
	592 10.3769
	593 10.3737
	594 10.371
	595 10.3687
	596 10.3668
	597 10.3654
	598 10.3645
	599 10.3641
	600 10.3641
	601 10.3645
	602 10.3654
	603 10.3668
	604 10.3687
	605 10.371
	606 10.3737
	30 10.3769
LINE 29 35 141.438 13
	607 10.8893
	608 10.8845
	609 10.8807
	610 10.8777
	611 10.8755
	612 10.8742
	613 10.8738
	614 10.8742
	615 10.8755
	616 10.8777
	617 10.8807
	618 10.8845
	35 10.8893
LINE 29 36 149.759 13
	619 12.5004
	620 12.0267
	621 11.6248
	622 11.3023
	623 11.0662
	624 10.9221
	625 10.8737
	626 10.9221
	627 11.0662
	628 11.3023
	629 11.6248
	630 12.0267
	36 12.5004
LINE 30 37 114.764 10
	631 12.2547
	632 11.748
	633 11.3531
	634 11.0821
	635 10.944
	636 10.944
	637 11.0821
	638 11.3531
	639 11.748
	37 12.2547
LINE 31 38 176.358 17
	640 10.3781
	641 10.3766
	642 10.3752
	643 10.3741
	644 10.3732
	645 10.3725
	646 10.372
	647 10.3716
	648 10.3715
	649 10.3716
	650 10.372
	651 10.3725
	652 10.3732
	653 10.3741
	654 10.3752
	655 10.3766
	38 10.3781
LINE 33 40 208.916 20
	656 10.6051
	657 10.5552
	658 10.5106
	659 10.4714
	660 10.4377
	661 10.4095
	662 10.3869
	663 10.37
	664 10.3586
	665 10.353
	666 10.353
	667 10.3586
	668 10.37
	669 10.3869
	670 10.4095
	671 10.4377
	672 10.4714
	673 10.5106
	674 10.5552
	40 10.6051
LINE 33 41 190.857 18
	675 10.6564
	676 10.6376
	677 10.6212
	678 10.6071
	679 10.5953
	680 10.5859
	681 10.5789
	682 10.5741
	683 10.5718
	684 10.5718
	685 10.5741
	686 10.5789
	687 10.5859
	688 10.5953
	689 10.6071
	690 10.6212
	691 10.6376
	41 10.6564
LINE 34 35 183.599 17
	692 11.2498
	693 11.0843
	694 10.9387
	695 10.8141
	696 10.711
	697 10.6301
	698 10.572
	699 10.537
	700 10.5253
	701 10.537
	702 10.572
	703 10.6301
	704 10.711
	705 10.8141
	706 10.9387
	707 11.0843
	35 11.2498
LINE 35 36 160.173 14
	708 12.2531
	709 11.8892
	710 11.5772
	711 11.3214
	712 11.1258
	713 10.9934
	714 10.9266
	715 10.9266
	716 10.9934
	717 11.1258
	718 11.3214
	719 11.5772
	720 11.8892
	36 12.2531
LINE 35 42 206.62 19
	721 11.2242
	722 11.1095
	723 11.0072
	724 10.9178
	725 10.8416
	726 10.7788
	727 10.7297
	728 10.6945
	729 10.6734
	730 10.6663
	731 10.6734
	732 10.6945
	733 10.7297
	734 10.7788
	735 10.8416
	736 10.9178
	737 11.0072
	738 11.1095
	42 11.2242
LINE 36 42 303.566 28
	739 10.9953
	740 10.9614
	741 10.93
	742 10.9012
	743 10.8749
	744 10.8512
	745 10.83
	746 10.8115
	747 10.7956
	748 10.7823
	749 10.7717
	750 10.7637
	751 10.7584
	752 10.7557
	753 10.7557
	754 10.7584
	755 10.7637
	756 10.7717
	757 10.7823
	758 10.7956
	759 10.8115
	760 10.83
	761 10.8512
	762 10.8749
	763 10.9012
	764 10.93
	765 10.9614
	42 10.9953
LINE 39 40 117.849 11
	766 11.5224
	767 11.0505
	768 10.669
	769 10.388
	770 10.2157
	771 10.1576
	772 10.2157
	773 10.388
	774 10.669
	775 11.0505
	40 11.5224
LINE 43 44 76.606 7
	776 10.9439
	777 10.9437
	778 10.9436
	779 10.9435
	780 10.9436
	781 10.9437
	44 10.9439
COORDENADAS :
1	159.2	524.247
2	243.936	526.691
3	349.394	543.632
4	503.494	501.976
5	600.411	543.781
6	792.041	553.625
7	80.7466	445.43
8	153.631	445.702
9	294.59	451.878
10	345.812	458.244
11	488.753	446.896
12	549.619	436.076
13	709.99	401.551
14	762.885	407.599
15	112.362	340.835
16	164.094	362.01
17	269.364	346.054
18	358.941	308.351
19	460.475	333.937
20	606.797	304.886
21	706.822	328.357
22	749.245	352.183
23	55.6623	265.644
24	197.948	258.364
25	258.382	229.4
26	343.9	249.981
27	451.62	225.766
28	565.417	266.919
29	646.337	215.082
30	756.886	214.775
31	54.3826	140.859
32	205.613	163.172
33	357.333	152.012
34	488.826	143.41
35	607.277	129.319
36	708.128	143.929
37	754.19	141.98
38	83.5046	26.9793
39	209.649	35.2767
40	284.137	34.9883
41	361.507	25.2232
42	568.155	0
43	699.305	11.1921
44	748.557	24.6956
45	652.754	597.828
46	477.285	630.807
47	21.4118	370.148
48	0	399.977
49	166.358	521.108
50	173.498	518.577
51	180.621	516.653
52	187.726	515.337
53	194.813	514.629
54	201.884	514.529
55	208.936	515.037
56	215.971	516.152
57	222.989	517.875
58	229.989	520.206
59	236.971	523.144
60	161.465	516.91
61	163.176	509.612
62	164.333	502.354
63	164.935	495.135
64	164.984	487.955
65	164.477	480.815
66	163.417	473.713
67	161.802	466.652
68	159.632	459.629
69	156.909	452.646
70	165.181	520.633
71	171.178	517.05
72	177.192	513.498
73	183.222	509.977
74	189.269	506.486
75	195.332	503.027
76	201.412	499.599
77	207.508	496.201
78	213.621	492.834
79	219.75	489.498
80	225.896	486.193
81	232.058	482.919
82	238.237	479.676
83	244.432	476.464
84	250.644	473.282
85	256.873	470.132
86	263.118	467.012
87	269.379	463.924
88	275.657	460.866
89	281.951	457.839
90	288.262	454.843
91	347.545	536.581
92	345.978	529.519
93	344.692	522.444
94	343.689	515.358
95	342.967	508.261
96	342.528	501.151
97	342.37	494.029
98	342.495	486.896
99	342.901	479.751
100	343.589	472.594
101	344.56	465.425
102	509.379	506.1
103	515.346	510.032
104	521.395	513.774
105	527.527	517.325
106	533.741	520.685
107	540.037	523.853
108	546.416	526.831
109	552.877	529.618
110	559.421	532.215
111	566.046	534.62
112	572.755	536.834
113	579.545	538.857
114	586.418	540.689
115	593.374	542.331
116	495.903	502.727
117	488.378	503.236
118	480.921	503.505
119	473.53	503.532
120	466.206	503.318
121	458.949	502.864
122	451.759	502.168
123	444.636	501.231
124	437.58	500.053
125	430.59	498.633
126	423.668	496.973
127	416.812	495.072
128	410.023	492.929
129	403.301	490.546
130	396.646	487.921
131	390.057	485.055
132	383.536	481.948
133	377.082	478.6
134	370.694	475.011
135	364.373	471.181
136	358.119	467.11
137	351.932	462.797
138	505.718	494.607
139	508.335	487.513
140	511.347	480.695
141	514.752	474.153
142	518.552	467.886
143	522.745	461.895
144	527.332	456.18
145	532.313	450.74
146	537.687	445.576
147	543.456	440.688
148	785.668	548.883
149	779.551	544.002
150	773.691	538.983
151	768.089	533.825
152	762.743	528.528
153	757.654	523.093
154	752.822	517.519
155	748.247	511.806
156	743.929	505.955
157	739.868	499.965
158	736.064	493.837
159	732.516	487.569
160	729.226	481.164
161	726.193	474.619
162	723.416	467.936
163	720.897	461.115
164	718.634	454.154
165	716.628	447.056
166	714.88	439.818
167	713.388	432.442
168	712.153	424.927
169	711.175	417.274
170	710.454	409.482
171	786.763	547.448
172	781.873	541.194
173	777.372	534.862
174	773.261	528.452
175	769.538	521.964
176	766.205	515.399
177	763.26	508.756
178	760.705	502.035
179	758.538	495.237
180	756.761	488.361
181	755.373	481.407
182	754.373	474.376
183	753.763	467.267
184	753.542	460.08
185	753.709	452.816
186	754.266	445.474
187	755.212	438.054
188	756.547	430.557
189	758.27	422.982
190	760.383	415.329
191	87.9236	442.796
192	94.8163	439.877
193	101.425	436.674
194	107.749	433.187
195	113.789	429.416
196	119.544	425.361
197	125.016	421.022
198	130.203	416.399
199	135.106	411.492
200	139.724	406.301
201	144.058	400.826
202	148.108	395.066
203	151.874	389.023
204	155.356	382.696
205	158.553	376.085
206	161.466	369.19
207	160.699	445.544
208	167.765	445.436
209	174.829	445.376
210	181.891	445.366
211	188.951	445.405
212	196.009	445.492
213	203.064	445.629
214	210.118	445.815
215	217.169	446.051
216	224.218	446.335
217	231.265	446.668
218	238.309	447.051
219	245.352	447.482
220	252.392	447.963
221	259.431	448.493
222	266.467	449.071
223	273.501	449.699
224	280.533	450.376
225	287.562	451.103
226	156.112	438.929
227	158.3	432.119
228	160.196	425.273
229	161.799	418.39
230	163.11	411.47
231	164.129	404.514
232	164.854	397.522
233	165.287	390.493
234	165.428	383.427
235	165.276	376.325
236	164.831	369.186
237	302.124	451.046
238	309.585	450.795
239	316.975	451.124
240	324.292	452.033
241	331.538	453.523
242	338.711	455.593
243	293.653	444.645
244	292.61	437.438
245	291.461	430.256
246	290.205	423.1
247	288.843	415.969
248	287.374	408.863
249	285.799	401.783
250	284.117	394.728
251	282.329	387.698
252	280.434	380.694
253	278.433	373.716
254	276.326	366.762
255	274.112	359.834
256	271.791	352.932
257	353.103	459.491
258	360.379	460.548
259	367.64	461.413
260	374.885	462.087
261	382.116	462.57
262	389.331	462.862
263	396.531	462.964
264	403.716	462.874
265	410.886	462.593
266	418.041	462.121
267	425.18	461.458
268	432.305	460.604
269	439.414	459.559
270	446.508	458.323
271	453.587	456.896
272	460.65	455.278
273	467.699	453.469
274	474.732	451.469
275	481.75	449.278
276	557.302	434.802
277	564.842	433.319
278	572.239	431.627
279	579.493	429.727
280	586.603	427.617
281	593.571	425.299
282	600.395	422.772
283	607.076	420.035
284	613.614	417.09
285	620.009	413.936
286	626.261	410.573
287	632.37	407.002
288	638.335	403.221
289	644.158	399.231
290	649.837	395.033
291	655.373	390.626
292	660.766	386.009
293	666.016	381.184
294	671.122	376.15
295	676.086	370.907
296	680.906	365.455
297	685.583	359.795
298	690.117	353.925
299	694.508	347.846
300	698.756	341.559
301	702.861	335.062
302	759.53	401.479
303	756.075	395.43
304	752.521	389.452
305	748.866	383.544
306	745.111	377.707
307	741.257	371.941
308	737.302	366.246
309	733.248	360.621
310	729.094	355.067
311	724.839	349.583
312	720.485	344.171
313	716.031	338.829
314	711.476	333.558
315	762.659	400.308
316	762.01	393.121
317	760.939	386.038
318	759.445	379.059
319	757.529	372.184
320	755.19	365.413
321	752.429	358.746
322	107.546	335.394
323	102.806	329.895
324	98.1417	324.34
325	93.5531	318.727
326	89.0402	313.057
327	84.603	307.33
328	80.2415	301.546
329	75.9557	295.705
330	71.7456	289.807
331	67.6112	283.852
332	63.5525	277.84
333	59.5695	271.771
334	168.174	355.696
335	171.993	349.296
336	175.552	342.812
337	178.85	336.242
338	181.888	329.588
339	184.666	322.848
340	187.183	316.023
341	189.44	309.113
342	191.437	302.118
343	193.173	295.039
344	194.649	287.874
345	195.864	280.624
346	196.819	273.289
347	197.514	265.869
348	263.411	341.787
349	257.657	337.358
350	252.101	332.767
351	246.743	328.014
352	241.584	323.1
353	236.624	318.023
354	231.863	312.785
355	227.3	307.386
356	222.936	301.824
357	218.77	296.101
358	214.803	290.216
359	211.035	284.169
360	207.465	277.96
361	204.094	271.59
362	200.922	265.058
363	271.573	338.924
364	273.424	331.826
365	274.919	324.763
366	276.057	317.733
367	276.838	310.736
368	277.262	303.774
369	277.329	296.844
370	277.04	289.949
371	276.394	283.087
372	275.391	276.258
373	274.032	269.463
374	272.315	262.702
375	270.242	255.975
376	267.812	249.28
377	265.026	242.62
378	261.882	235.993
379	366.159	308.275
380	373.313	308.453
381	380.403	308.887
382	387.428	309.574
383	394.39	310.516
384	401.287	311.713
385	408.12	313.164
386	414.889	314.87
387	421.594	316.83
388	428.234	319.045
389	434.811	321.515
390	441.323	324.238
391	447.771	327.217
392	454.155	330.45
393	468.101	335.866
394	475.66	337.464
395	483.154	338.731
396	490.582	339.667
397	497.945	340.271
398	505.241	340.544
399	512.472	340.486
400	519.637	340.096
401	526.736	339.375
402	533.77	338.323
403	540.737	336.94
404	547.639	335.225
405	554.475	333.179
406	561.246	330.802
407	567.95	328.093
408	574.589	325.053
409	581.162	321.682
410	587.669	317.98
411	594.111	313.947
412	600.487	309.582
413	454.562	329.857
414	448.657	325.765
415	442.761	321.661
416	436.874	317.544
417	430.996	313.414
418	425.127	309.272
419	419.267	305.118
420	413.416	300.951
421	407.573	296.772
422	401.74	292.58
423	395.916	288.376
424	390.1	284.16
425	384.294	279.931
426	378.497	275.69
427	372.708	271.436
428	366.929	267.17
429	361.158	262.891
430	355.396	258.6
431	349.644	254.297
432	700.387	323.706
433	694.314	318.862
434	688.602	313.824
435	683.252	308.593
436	678.264	303.17
437	673.638	297.553
438	669.373	291.742
439	665.47	285.739
440	661.929	279.543
441	658.75	273.153
442	655.932	266.57
443	653.476	259.794
444	651.382	252.825
445	649.65	245.663
446	648.279	238.307
447	647.27	230.759
448	646.623	223.017
449	749.8	344.96
450	750.337	337.735
451	750.858	330.51
452	751.362	323.283
453	751.849	316.056
454	752.319	308.828
455	752.772	301.599
456	753.208	294.368
457	753.627	287.137
458	754.029	279.905
459	754.414	272.672
460	754.783	265.438
461	755.134	258.204
462	755.468	250.968
463	755.786	243.731
464	756.086	236.493
465	756.37	229.255
466	756.637	222.015
467	56.0784	258.707
468	56.4372	251.77
469	56.7387	244.833
470	56.9829	237.898
471	57.1698	230.962
472	57.2993	224.028
473	57.3715	217.094
474	57.3864	210.16
475	57.344	203.228
476	57.2442	196.295
477	57.0872	189.364
478	56.8728	182.433
479	56.601	175.502
480	56.272	168.572
481	55.8856	161.643
482	55.442	154.714
483	54.9409	147.786
484	203.239	252.174
485	208.886	246.728
486	214.889	242.024
487	221.247	238.063
488	227.962	234.844
489	235.033	232.369
490	242.46	230.636
491	250.243	229.647
492	266.363	227.563
493	274.189	226.373
494	281.859	225.828
495	289.374	225.928
496	296.734	226.675
497	303.938	228.067
498	310.987	230.105
499	317.88	232.789
500	324.618	236.118
501	331.201	240.093
502	337.628	244.714
503	254.941	223.119
504	251.326	216.976
505	247.537	210.972
506	243.575	205.107
507	239.438	199.38
508	235.128	193.792
509	230.644	188.342
510	225.985	183.031
511	221.153	177.858
512	216.147	172.825
513	210.967	167.929
514	350.973	249.982
515	358	249.781
516	364.983	249.378
517	371.919	248.774
518	378.811	247.967
519	385.657	246.958
520	392.457	245.748
521	399.213	244.335
522	405.923	242.721
523	412.587	240.905
524	419.206	238.886
525	425.78	236.666
526	432.308	234.244
527	438.791	231.62
528	445.228	228.794
529	344	242.865
530	344.232	235.768
531	344.597	228.688
532	345.093	221.627
533	345.722	214.584
534	346.484	207.559
535	347.377	200.552
536	348.403	193.564
537	349.56	186.593
538	350.85	179.641
539	352.273	172.706
540	353.827	165.79
541	355.514	158.892
542	455.804	220.028
543	459.768	214.191
544	463.512	208.254
545	467.035	202.217
546	470.337	196.081
547	473.42	189.846
548	476.282	183.511
549	478.923	177.076
550	481.345	170.542
551	483.545	163.908
552	485.526	157.175
553	487.286	150.342
554	456.294	219.936
555	461.072	214.277
556	465.955	208.786
557	470.944	203.466
558	476.038	198.315
559	481.236	193.333
560	486.54	188.521
561	491.949	183.879
562	497.463	179.406
563	503.082	175.103
564	508.806	170.97
565	514.635	167.006
566	520.569	163.212
567	526.609	159.587
568	532.753	156.132
569	539.003	152.846
570	545.357	149.73
571	551.817	146.784
572	558.382	144.007
573	565.052	141.4
574	571.826	138.962
575	578.706	136.694
576	585.692	134.596
577	592.782	132.667
578	599.977	130.908
579	571.681	263.972
580	577.87	260.909
581	583.985	257.729
582	590.026	254.433
583	595.992	251.021
584	601.884	247.493
585	607.701	243.848
586	613.444	240.088
587	619.112	236.211
588	624.706	232.217
589	630.226	228.108
590	635.671	223.882
591	641.041	219.54
592	653.248	215.408
593	660.158	215.688
594	667.068	215.921
595	673.978	216.109
596	680.887	216.251
597	687.797	216.347
598	694.707	216.396
599	701.616	216.4
600	708.525	216.358
601	715.434	216.27
602	722.343	216.136
603	729.252	215.955
604	736.161	215.729
605	743.07	215.457
606	749.978	215.139
607	642.981	208.645
608	639.683	202.182
609	636.444	195.691
610	633.263	189.174
611	630.141	182.631
612	627.078	176.06
613	624.073	169.463
614	621.127	162.839
615	618.24	156.188
616	615.411	149.511
617	612.641	142.807
618	609.93	136.076
619	654.194	212.304
620	661.534	209.077
621	668.356	205.401
622	674.661	201.275
623	680.449	196.7
624	685.72	191.676
625	690.473	186.203
626	694.708	180.28
627	698.427	173.908
628	701.628	167.087
629	704.312	159.817
630	706.478	152.097
631	752.92	207.632
632	749.776	200.459
633	747.452	193.256
634	745.951	186.022
635	745.27	178.758
636	745.411	171.463
637	746.374	164.138
638	748.158	156.783
639	750.763	149.397
640	56.3344	134.221
641	58.2563	127.576
642	60.1484	120.923
643	62.0106	114.262
644	63.843	107.594
645	65.6456	100.918
646	67.4183	94.2343
647	69.1612	87.5431
648	70.8743	80.8443
649	72.5575	74.1379
650	74.2109	67.4238
651	75.8344	60.7022
652	77.4281	53.9728
653	78.992	47.2359
654	80.526	40.4913
655	82.0302	33.7391
656	352.372	146.975
657	347.548	141.852
658	342.861	136.643
659	338.311	131.349
660	333.897	125.969
661	329.621	120.503
662	325.482	114.952
663	321.48	109.315
664	317.615	103.592
665	313.886	97.7839
666	310.295	91.8899
667	306.841	85.9101
668	303.523	79.8448
669	300.343	73.6937
670	297.3	67.457
671	294.393	61.1346
672	291.624	54.7265
673	288.991	48.2328
674	286.496	41.6533
675	356.67	144.939
676	356.113	137.869
677	355.661	130.803
678	355.314	123.74
679	355.073	116.681
680	354.936	109.625
681	354.905	102.572
682	354.979	95.5231
683	355.158	88.4775
684	355.443	81.4354
685	355.833	74.3968
686	356.328	67.3616
687	356.928	60.3299
688	357.633	53.3016
689	358.444	46.2768
690	359.36	39.2555
691	360.381	32.2376
692	496.107	145.21
693	503.348	146.682
694	510.55	147.825
695	517.714	148.64
696	524.838	149.126
697	531.923	149.283
698	538.969	149.111
699	545.975	148.611
700	552.943	147.782
701	559.872	146.625
702	566.761	145.139
703	573.612	143.324
704	580.423	141.18
705	587.195	138.708
706	593.928	135.907
707	600.622	132.777
708	615.012	126.693
709	622.666	124.631
710	630.237	123.135
711	637.727	122.202
712	645.135	121.834
713	652.462	122.031
714	659.706	122.793
715	666.869	124.118
716	673.95	126.009
717	680.949	128.464
718	687.866	131.483
719	694.702	135.067
720	701.456	139.216
721	602.988	123.187
722	598.947	116.98
723	595.153	110.699
724	591.608	104.342
725	588.31	97.9109
726	585.26	91.4045
727	582.457	84.8231
728	579.903	78.1668
729	577.596	71.4355
730	575.537	64.6293
731	573.726	57.7481
732	572.162	50.7919
733	570.846	43.7608
734	569.778	36.6547
735	568.958	29.4737
736	568.386	22.2177
737	568.061	14.8868
738	567.984	7.48087
739	704.22	137.727
740	700.232	131.603
741	696.163	125.558
742	692.013	119.592
743	687.783	113.705
744	683.471	107.896
745	679.079	102.166
746	674.605	96.5142
747	670.051	90.9413
748	665.416	85.447
749	660.7	80.0314
750	655.903	74.6945
751	651.026	69.4362
752	646.067	64.2566
753	641.028	59.1556
754	635.907	54.1333
755	630.706	49.1896
756	625.424	44.3246
757	620.061	39.5382
758	614.617	34.8304
759	609.093	30.2014
760	603.487	25.6509
761	597.801	21.1792
762	592.033	16.786
763	586.185	12.4715
764	580.256	8.23571
765	574.246	4.07853
766	216.406	31.6241
767	223.167	28.6969
768	229.93	26.4949
769	236.696	25.0181
770	243.465	24.2666
771	250.236	24.2404
772	257.011	24.9395
773	263.788	26.3638
774	270.568	28.5133
775	277.351	31.3882
776	706.325	13.1781
777	713.351	15.1451
778	720.382	17.0932
779	727.418	19.0222
780	734.459	20.9323
781	741.505	22.8234
