NOMBRE : MTLARP5_8_3_2.dat
VERTICES ORIGINALES : 38
VERTICES TOTALES : 536
DEPOTS : 3
36
37
38
LINEAS ORIGINALES : 33
LINE 1 8 226.738 21
	39 10.9326
	40 10.8922
	41 10.8559
	42 10.8238
	43 10.7958
	44 10.7722
	45 10.7527
	46 10.7376
	47 10.7268
	48 10.7203
	49 10.7181
	50 10.7203
	51 10.7268
	52 10.7376
	53 10.7527
	54 10.7722
	55 10.7958
	56 10.8238
	57 10.8559
	58 10.8922
	8 10.9326
LINE 2 9 198.964 19
	59 10.5212
	60 10.5048
	61 10.4903
	62 10.4777
	63 10.467
	64 10.4582
	65 10.4514
	66 10.4466
	67 10.4436
	68 10.4427
	69 10.4436
	70 10.4466
	71 10.4514
	72 10.4582
	73 10.467
	74 10.4777
	75 10.4903
	76 10.5048
	9 10.5212
LINE 3 4 130.336 12
	77 11.5732
	78 11.1947
	79 10.8825
	80 10.6423
	81 10.4791
	82 10.3965
	83 10.3965
	84 10.4791
	85 10.6423
	86 10.8825
	87 11.1947
	4 11.5732
LINE 3 11 157.765 15
	88 10.5228
	89 10.5206
	90 10.5187
	91 10.5172
	92 10.516
	93 10.5151
	94 10.5146
	95 10.5144
	96 10.5146
	97 10.5151
	98 10.516
	99 10.5172
	100 10.5187
	101 10.5206
	11 10.5228
LINE 4 5 193.789 18
	102 10.9388
	103 10.8783
	104 10.825
	105 10.7792
	106 10.7409
	107 10.7101
	108 10.6869
	109 10.6715
	110 10.6638
	111 10.6638
	112 10.6715
	113 10.6869
	114 10.7101
	115 10.7409
	116 10.7792
	117 10.825
	118 10.8783
	5 10.9388
LINE 5 13 73.3566 7
	119 10.654
	120 10.4802
	121 10.3746
	122 10.3391
	123 10.3746
	124 10.4802
	13 10.654
LINE 6 7 208.033 20
	125 10.405
	126 10.404
	127 10.403
	128 10.4022
	129 10.4015
	130 10.4009
	131 10.4004
	132 10.4001
	133 10.3998
	134 10.3997
	135 10.3997
	136 10.3998
	137 10.4001
	138 10.4004
	139 10.4009
	140 10.4015
	141 10.4022
	142 10.403
	143 10.404
	7 10.405
LINE 6 14 225.009 21
	144 10.7674
	145 10.7516
	146 10.7375
	147 10.725
	148 10.7142
	149 10.705
	150 10.6975
	151 10.6916
	152 10.6875
	153 10.685
	154 10.6841
	155 10.685
	156 10.6875
	157 10.6916
	158 10.6975
	159 10.705
	160 10.7142
	161 10.725
	162 10.7375
	163 10.7516
	14 10.7674
LINE 7 14 198.624 19
	164 10.4865
	165 10.4756
	166 10.4661
	167 10.4578
	168 10.4507
	169 10.445
	170 10.4405
	171 10.4373
	172 10.4354
	173 10.4348
	174 10.4354
	175 10.4373
	176 10.4405
	177 10.445
	178 10.4507
	179 10.4578
	180 10.4661
	181 10.4756
	14 10.4865
LINE 9 15 144.754 14
	182 10.4764
	183 10.4136
	184 10.361
	185 10.3187
	186 10.2869
	187 10.2656
	188 10.255
	189 10.255
	190 10.2656
	191 10.2869
	192 10.3187
	193 10.361
	194 10.4136
	15 10.4764
LINE 10 16 174.595 17
	195 10.29
	196 10.2826
	197 10.2762
	198 10.2708
	199 10.2664
	200 10.2629
	201 10.2605
	202 10.259
	203 10.2585
	204 10.259
	205 10.2605
	206 10.2629
	207 10.2664
	208 10.2708
	209 10.2762
	210 10.2826
	16 10.29
LINE 11 12 178.183 16
	211 12.1612
	212 11.7674
	213 11.4191
	214 11.1204
	215 10.8756
	216 10.6884
	217 10.5617
	218 10.4977
	219 10.4977
	220 10.5617
	221 10.6884
	222 10.8756
	223 11.1204
	224 11.4191
	225 11.7674
	12 12.1612
LINE 12 13 132.925 13
	226 10.2704
	227 10.2477
	228 10.2292
	229 10.2147
	230 10.2043
	231 10.1981
	232 10.1961
	233 10.1981
	234 10.2043
	235 10.2147
	236 10.2292
	237 10.2477
	13 10.2704
LINE 13 20 229.345 22
	238 10.4518
	239 10.4441
	240 10.4371
	241 10.431
	242 10.4256
	243 10.4209
	244 10.4171
	245 10.414
	246 10.4116
	247 10.4101
	248 10.4093
	249 10.4093
	250 10.4101
	251 10.4116
	252 10.414
	253 10.4171
	254 10.4209
	255 10.4256
	256 10.431
	257 10.4371
	258 10.4441
	20 10.4518
LINE 14 20 153.266 14
	259 11.2846
	260 11.1311
	261 11.0015
	262 10.8966
	263 10.8174
	264 10.7642
	265 10.7375
	266 10.7375
	267 10.7642
	268 10.8174
	269 10.8966
	270 11.0015
	271 11.1311
	20 11.2846
LINE 14 21 110.544 10
	272 11.8849
	273 11.3456
	274 10.9237
	275 10.6331
	276 10.4848
	277 10.4848
	278 10.6331
	279 10.9237
	280 11.3456
	21 11.8849
LINE 15 22 269.724 25
	281 11.5119
	282 11.337
	283 11.1749
	284 11.0262
	285 10.8915
	286 10.7711
	287 10.6658
	288 10.5758
	289 10.5016
	290 10.4435
	291 10.4019
	292 10.3768
	293 10.3684
	294 10.3768
	295 10.4019
	296 10.4435
	297 10.5016
	298 10.5758
	299 10.6658
	300 10.7711
	301 10.8915
	302 11.0262
	303 11.1749
	304 11.337
	22 11.5119
LINE 16 24 106.037 10
	305 11.0419
	306 10.7539
	307 10.5328
	308 10.3828
	309 10.3069
	310 10.3069
	311 10.3828
	312 10.5328
	313 10.7539
	24 11.0419
LINE 17 18 120.9 11
	314 11.4014
	315 11.1585
	316 10.9659
	317 10.8262
	318 10.7415
	319 10.7131
	320 10.7415
	321 10.8262
	322 10.9659
	323 11.1585
	18 11.4014
LINE 17 25 122.742 12
	324 10.3656
	325 10.2912
	326 10.2313
	327 10.1861
	328 10.1559
	329 10.1408
	330 10.1408
	331 10.1559
	332 10.1861
	333 10.2313
	334 10.2912
	25 10.3656
LINE 18 19 136.878 13
	335 10.5329
	336 10.531
	337 10.5294
	338 10.5282
	339 10.5273
	340 10.5268
	341 10.5266
	342 10.5268
	343 10.5273
	344 10.5282
	345 10.5294
	346 10.531
	19 10.5329
LINE 19 26 211.483 19
	347 11.679
	348 11.5003
	349 11.3404
	350 11.1999
	351 11.0796
	352 10.9803
	353 10.9024
	354 10.8464
	355 10.8126
	356 10.8014
	357 10.8126
	358 10.8464
	359 10.9024
	360 10.9803
	361 11.0796
	362 11.1999
	363 11.3404
	364 11.5003
	26 11.679
LINE 19 28 211.314 20
	365 10.7894
	366 10.7195
	367 10.6569
	368 10.6019
	369 10.5545
	370 10.5148
	371 10.483
	372 10.459
	373 10.443
	374 10.435
	375 10.435
	376 10.443
	377 10.459
	378 10.483
	379 10.5148
	380 10.5545
	381 10.6019
	382 10.6569
	383 10.7195
	28 10.7894
LINE 22 23 239.95 22
	384 11.8311
	385 11.5774
	386 11.3443
	387 11.1329
	388 10.9447
	389 10.7807
	390 10.6421
	391 10.5299
	392 10.4449
	393 10.3879
	394 10.3593
	395 10.3593
	396 10.3879
	397 10.4449
	398 10.5299
	399 10.6421
	400 10.7807
	401 10.9447
	402 11.1329
	403 11.3443
	404 11.5774
	23 11.8311
LINE 23 30 204.075 19
	405 10.8403
	406 10.8073
	407 10.778
	408 10.7527
	409 10.7311
	410 10.7135
	411 10.6997
	412 10.6899
	413 10.684
	414 10.682
	415 10.684
	416 10.6899
	417 10.6997
	418 10.7135
	419 10.7311
	420 10.7527
	421 10.778
	422 10.8073
	30 10.8403
LINE 24 25 143.3 13
	423 11.6859
	424 11.3625
	425 11.0908
	426 10.8749
	427 10.718
	428 10.6227
	429 10.5908
	430 10.6227
	431 10.718
	432 10.8749
	433 11.0908
	434 11.3625
	25 11.6859
LINE 24 31 231.701 21
	435 11.8495
	436 11.613
	437 11.3973
	438 11.2035
	439 11.0328
	440 10.8863
	441 10.7649
	442 10.6696
	443 10.6009
	444 10.5596
	445 10.5457
	446 10.5596
	447 10.6009
	448 10.6696
	449 10.7649
	450 10.8863
	451 11.0328
	452 11.2035
	453 11.3973
	454 11.613
	31 11.8495
LINE 27 28 92.8791 9
	455 10.5139
	456 10.3693
	457 10.2647
	458 10.2015
	459 10.1803
	460 10.2015
	461 10.2647
	462 10.3693
	28 10.5139
LINE 28 33 258.579 23
	463 12.2798
	464 12.0091
	465 11.7588
	466 11.5303
	467 11.3248
	468 11.1436
	469 10.988
	470 10.859
	471 10.7576
	472 10.6846
	473 10.6406
	474 10.6259
	475 10.6406
	476 10.6846
	477 10.7576
	478 10.859
	479 10.988
	480 11.1436
	481 11.3248
	482 11.5303
	483 11.7588
	484 12.0091
	33 12.2798
LINE 29 30 74.8141 7
	485 10.8215
	486 10.6881
	487 10.6073
	488 10.5802
	489 10.6073
	490 10.6881
	30 10.8215
LINE 30 31 192.574 18
	491 10.7839
	492 10.7539
	493 10.7275
	494 10.7049
	495 10.6861
	496 10.6709
	497 10.6596
	498 10.652
	499 10.6482
	500 10.6482
	501 10.652
	502 10.6596
	503 10.6709
	504 10.6861
	505 10.7049
	506 10.7275
	507 10.7539
	31 10.7839
LINE 31 32 159.582 15
	508 10.959
	509 10.8236
	510 10.7076
	511 10.6118
	512 10.5366
	513 10.4826
	514 10.4501
	515 10.4392
	516 10.4501
	517 10.4826
	518 10.5366
	519 10.6118
	520 10.7076
	521 10.8236
	32 10.959
LINE 34 35 175.41 16
	522 11.2665
	523 11.1466
	524 11.0428
	525 10.9556
	526 10.8853
	527 10.8323
	528 10.7968
	529 10.779
	530 10.779
	531 10.7968
	532 10.8323
	533 10.8853
	534 10.9556
	535 11.0428
	536 11.1466
	35 11.2665
COORDENADAS :
1	118.473	400.617
2	240.128	405.918
3	354.678	457.206
4	437.165	447.219
5	555.161	397.731
6	604.236	446.257
7	738.584	411.933
8	0	308.528
9	139.071	320.573
10	217.742	322.433
11	341.653	352.871
12	451.865	333.561
13	538.161	352.576
14	658.426	306.84
15	139.496	224.873
16	213.142	206.261
17	355.247	201.335
18	425.33	236.838
19	516.543	235.067
20	611.173	218.498
21	703.128	253.266
22	4.81307	116.601
23	150.551	159.37
24	250.658	148.769
25	338.449	121.982
26	455.349	112.698
27	555.834	112.764
28	612.852	134.672
29	64.3217	0.469985
30	101.083	33.4309
31	225.26	3.33048
32	313.499	59.1113
33	511.677	6.96219
34	604.14	61.9184
35	700.991	0
36	15.5179	483.027
37	283.763	71.7592
38	724.475	50.9914
39	113.713	395.098
40	108.865	389.692
41	103.928	384.399
42	98.9041	379.22
43	93.7916	374.154
44	88.5909	369.202
45	83.302	364.363
46	77.9249	359.637
47	72.4597	355.025
48	66.9063	350.527
49	61.2648	346.142
50	55.5351	341.87
51	49.7172	337.711
52	43.8111	333.667
53	37.8169	329.735
54	31.7345	325.917
55	25.5639	322.212
56	19.3052	318.621
57	12.9583	315.143
58	6.52324	311.779
59	235.361	400.772
60	230.533	395.699
61	225.644	390.699
62	220.693	385.772
63	215.681	380.917
64	210.607	376.134
65	205.472	371.425
66	200.276	366.788
67	195.019	362.223
68	189.7	357.731
69	184.32	353.312
70	178.878	348.965
71	173.375	344.691
72	167.811	340.49
73	162.186	336.361
74	156.499	332.305
75	150.751	328.322
76	144.941	324.411
77	361.962	459.753
78	369.17	461.685
79	376.304	463.003
80	383.364	463.707
81	390.35	463.796
82	397.261	463.271
83	404.097	462.131
84	410.86	460.378
85	417.548	458.009
86	424.161	455.027
87	430.7	451.43
88	353.532	450.285
89	352.426	443.359
90	351.359	436.428
91	350.331	429.492
92	349.344	422.551
93	348.396	415.606
94	347.488	408.655
95	346.62	401.699
96	345.791	394.739
97	345.002	387.773
98	344.253	380.803
99	343.544	373.827
100	342.874	366.847
101	342.244	359.862
102	444.35	445.97
103	451.461	444.546
104	458.498	442.944
105	465.46	441.166
106	472.349	439.211
107	479.164	437.08
108	485.904	434.772
109	492.57	432.288
110	499.163	429.627
111	505.681	426.789
112	512.125	423.775
113	518.496	420.585
114	524.792	417.217
115	531.014	413.673
116	537.162	409.953
117	543.236	406.055
118	549.235	401.982
119	554.337	390.677
120	552.977	383.823
121	551.083	377.171
122	548.655	370.721
123	545.691	364.471
124	542.193	358.423
125	611.009	444.756
126	617.775	443.232
127	624.536	441.686
128	631.291	440.117
129	638.04	438.525
130	644.783	436.91
131	651.521	435.273
132	658.253	433.614
133	664.979	431.932
134	671.699	430.227
135	678.414	428.499
136	685.122	426.749
137	691.825	424.976
138	698.522	423.181
139	705.214	421.363
140	711.899	419.522
141	718.579	417.659
142	725.253	415.773
143	731.921	413.865
144	605.986	439.296
145	607.819	432.366
146	609.735	425.469
147	611.734	418.604
148	613.817	411.772
149	615.982	404.971
150	618.23	398.203
151	620.561	391.468
152	622.976	384.764
153	625.473	378.093
154	628.053	371.454
155	630.717	364.847
156	633.464	358.273
157	636.293	351.731
158	639.206	345.221
159	642.201	338.744
160	645.28	332.298
161	648.442	325.886
162	651.687	319.505
163	655.015	313.157
164	733.813	406.823
165	729.105	401.665
166	724.457	396.461
167	719.871	391.21
168	715.345	385.913
169	710.882	380.568
170	706.479	375.177
171	702.138	369.739
172	697.857	364.255
173	693.639	358.724
174	689.481	353.146
175	685.385	347.521
176	681.35	341.85
177	677.376	336.132
178	673.463	330.367
179	669.612	324.555
180	665.822	318.697
181	662.093	312.792
182	140.534	313.743
183	141.776	306.913
184	142.798	300.082
185	143.6	293.249
186	144.181	286.416
187	144.542	279.582
188	144.683	272.747
189	144.603	265.911
190	144.303	259.073
191	143.782	252.235
192	143.041	245.396
193	142.08	238.556
194	140.898	231.715
195	218.007	315.578
196	218.206	308.726
197	218.337	301.877
198	218.402	295.03
199	218.399	288.185
200	218.33	281.344
201	218.193	274.505
202	217.99	267.669
203	217.719	260.835
204	217.382	254.004
205	216.977	247.176
206	216.506	240.35
207	215.967	233.527
208	215.361	226.707
209	214.689	219.889
210	213.949	213.074
211	347.834	347.624
212	354.108	342.915
213	360.478	338.745
214	366.941	335.114
215	373.499	332.021
216	380.151	329.468
217	386.898	327.453
218	393.739	325.977
219	400.674	325.039
220	407.704	324.64
221	414.828	324.78
222	422.047	325.459
223	429.36	326.676
224	436.767	328.433
225	444.269	330.728
226	458.326	335.827
227	464.817	337.959
228	471.337	339.957
229	477.887	341.821
230	484.466	343.551
231	491.075	345.148
232	497.713	346.61
233	504.38	347.939
234	511.077	349.134
235	517.804	350.196
236	524.56	351.123
237	531.346	351.917
238	542.031	346.782
239	545.849	340.96
240	549.614	335.108
241	553.327	329.228
242	556.987	323.32
243	560.594	317.383
244	564.15	311.417
245	567.652	305.422
246	571.102	299.4
247	574.5	293.348
248	577.845	287.268
249	581.137	281.159
250	584.377	275.022
251	587.564	268.856
252	590.699	262.661
253	593.782	256.438
254	596.812	250.186
255	599.789	243.906
256	602.714	237.597
257	605.586	231.259
258	608.406	224.893
259	657.097	299.436
260	655.454	292.199
261	653.495	285.131
262	651.222	278.231
263	648.634	271.5
264	645.731	264.938
265	642.513	258.543
266	638.981	252.317
267	635.133	246.26
268	630.971	240.371
269	626.494	234.65
270	621.702	229.098
271	616.595	223.714
272	660.013	299.078
273	662.242	291.85
274	665.11	285.156
275	668.62	278.997
276	672.77	273.372
277	677.56	268.282
278	682.991	263.727
279	689.063	259.705
280	695.775	256.219
281	136.198	217.943
282	132.726	211.23
283	129.079	204.733
284	125.259	198.453
285	121.265	192.39
286	117.096	186.543
287	112.754	180.912
288	108.237	175.499
289	103.546	170.301
290	98.6809	165.321
291	93.6418	160.557
292	88.4286	156.009
293	83.0413	151.678
294	77.4798	147.564
295	71.7443	143.666
296	65.8347	139.985
297	59.7509	136.521
298	53.4931	133.273
299	47.0611	130.241
300	40.4551	127.427
301	33.6749	124.828
302	26.7206	122.447
303	19.5922	120.282
304	12.2897	118.333
305	219.119	201.964
306	224.602	197.345
307	229.59	192.402
308	234.083	187.137
309	238.082	181.549
310	241.586	175.639
311	244.596	169.405
312	247.111	162.849
313	249.132	155.971
314	360.443	206.883
315	365.874	211.967
316	371.54	216.586
317	377.441	220.742
318	383.577	224.433
319	389.948	227.661
320	396.554	230.424
321	403.396	232.724
322	410.472	234.559
323	417.783	235.931
324	352.441	195.02
325	349.89	188.651
326	347.596	182.228
327	345.557	175.75
328	343.773	169.219
329	342.246	162.633
330	340.974	155.993
331	339.958	149.299
332	339.197	142.551
333	338.692	135.749
334	338.443	128.893
335	432.351	236.944
336	439.372	237.01
337	446.391	237.035
338	453.41	237.02
339	460.428	236.965
340	467.445	236.869
341	474.461	236.732
342	481.477	236.556
343	488.492	236.339
344	495.506	236.082
345	502.519	235.784
346	509.532	235.446
347	515.971	227.302
348	515.105	219.685
349	513.944	212.214
350	512.489	204.891
351	510.739	197.714
352	508.696	190.685
353	506.358	183.803
354	503.726	177.068
355	500.799	170.481
356	497.578	164.04
357	494.063	157.747
358	490.254	151.601
359	486.15	145.602
360	481.753	139.75
361	477.06	134.045
362	472.074	128.488
363	466.793	123.077
364	461.218	117.814
365	522.68	231.315
366	528.678	227.429
367	534.536	223.41
368	540.256	219.258
369	545.836	214.972
370	551.277	210.552
371	556.579	205.999
372	561.743	201.313
373	566.767	196.494
374	571.652	191.54
375	576.397	186.454
376	581.004	181.234
377	585.472	175.881
378	589.801	170.394
379	593.99	164.774
380	598.041	159.02
381	601.952	153.133
382	605.724	147.113
383	609.358	140.959
384	12.5116	114.885
385	20.1078	113.518
386	27.6017	112.499
387	34.9933	111.829
388	42.2827	111.507
389	49.4697	111.534
390	56.5545	111.91
391	63.537	112.634
392	70.4171	113.707
393	77.195	115.128
394	83.8706	116.897
395	90.444	119.016
396	96.915	121.483
397	103.284	124.298
398	109.55	127.462
399	115.714	130.975
400	121.776	134.836
401	127.736	139.045
402	133.593	143.604
403	139.348	148.511
404	145.001	153.766
405	146.803	153.191
406	143.181	146.963
407	139.687	140.684
408	136.32	134.356
409	133.08	127.977
410	129.968	121.549
411	126.983	115.07
412	124.124	108.542
413	121.394	101.963
414	118.79	95.335
415	116.314	88.6567
416	113.965	81.9284
417	111.743	75.1501
418	109.648	68.3218
419	107.681	61.4436
420	105.84	54.5154
421	104.127	47.5372
422	102.542	40.509
423	256.45	143.56
424	262.403	138.875
425	268.515	134.714
426	274.788	131.079
427	281.221	127.969
428	287.814	125.383
429	294.567	123.323
430	301.48	121.787
431	308.554	120.777
432	315.787	120.291
433	323.181	120.33
434	330.735	120.894
435	245.9	142.464
436	241.497	136.096
437	237.448	129.666
438	233.755	123.174
439	230.416	116.62
440	227.432	110.004
441	224.803	103.326
442	222.529	96.5866
443	220.61	89.7849
444	219.046	82.9212
445	217.837	75.9956
446	216.982	69.0079
447	216.482	61.9583
448	216.337	54.8467
449	216.547	47.6732
450	217.112	40.4377
451	218.032	33.1402
452	219.307	25.7807
453	220.936	18.3593
454	222.92	10.8759
455	562.798	113.563
456	569.604	114.771
457	576.254	116.388
458	582.746	118.413
459	589.082	120.847
460	595.26	123.69
461	601.281	126.942
462	607.145	130.603
463	605.237	131.668
464	597.914	128.431
465	590.883	124.964
466	584.145	121.264
467	577.7	117.333
468	571.546	113.17
469	565.685	108.776
470	560.117	104.15
471	554.841	99.2922
472	549.857	94.2029
473	545.166	88.882
474	540.767	83.3294
475	536.66	77.5451
476	532.846	71.5292
477	529.324	65.2817
478	526.095	58.8025
479	523.158	52.0917
480	520.514	45.1492
481	518.162	37.9751
482	516.102	30.5693
483	514.334	22.9319
484	512.86	15.0629
485	70.5848	4.05062
486	76.5107	8.00727
487	82.0995	12.3399
488	87.3511	17.0486
489	92.2656	22.1334
490	96.8429	27.5941
491	107.714	30.6518
492	114.375	28.003
493	121.069	25.4844
494	127.794	23.096
495	134.551	20.8378
496	141.339	18.7098
497	148.159	16.712
498	155.01	14.8444
499	161.893	13.1071
500	168.807	11.5
501	175.754	10.023
502	182.731	8.67631
503	189.74	7.45981
504	196.781	6.37352
505	203.853	5.41744
506	210.957	4.59158
507	218.093	3.89593
508	232.33	5.16981
509	239.231	7.27761
510	245.963	9.65391
511	252.524	12.2987
512	258.916	15.2119
513	265.138	18.3937
514	271.19	21.8439
515	277.073	25.5627
516	282.786	29.5499
517	288.329	33.8056
518	293.703	38.3297
519	298.906	43.1224
520	303.94	48.1835
521	308.805	53.5132
522	609.013	56.203
523	614.044	50.7337
524	619.232	45.5104
525	624.577	40.5332
526	630.08	35.8021
527	635.74	31.317
528	641.557	27.078
529	647.532	23.0851
530	653.664	19.3382
531	659.953	15.8374
532	666.399	12.5827
533	673.003	9.57403
534	679.764	6.81142
535	686.682	4.29488
536	693.758	2.02441
