NOMBRE : MTLARP8_8_3_1.dat
VERTICES ORIGINALES : 57
VERTICES TOTALES : 732
DEPOTS : 3
55
56
57
LINEAS ORIGINALES : 45
LINE 1 2 172.16 15
	58 12.5767
	59 12.1244
	60 11.728
	61 11.3935
	62 11.1264
	63 10.9316
	64 10.813
	65 10.7732
	66 10.813
	67 10.9316
	68 11.1264
	69 11.3935
	70 11.728
	71 12.1244
	2 12.5767
LINE 1 7 222.924 21
	72 11.1526
	73 10.9953
	74 10.8526
	75 10.7251
	76 10.6134
	77 10.5179
	78 10.4391
	79 10.3775
	80 10.3332
	81 10.3065
	82 10.2976
	83 10.3065
	84 10.3332
	85 10.3775
	86 10.4391
	87 10.5179
	88 10.6134
	89 10.7251
	90 10.8526
	91 10.9953
	7 11.1526
LINE 2 3 155.447 14
	92 12.2809
	93 11.7608
	94 11.3091
	95 10.9344
	96 10.6447
	97 10.4471
	98 10.3468
	99 10.3468
	100 10.4471
	101 10.6447
	102 10.9344
	103 11.3091
	104 11.7608
	3 12.2809
LINE 2 9 167.162 16
	105 10.6366
	106 10.5616
	107 10.4969
	108 10.4427
	109 10.3991
	110 10.3663
	111 10.3444
	112 10.3334
	113 10.3334
	114 10.3444
	115 10.3663
	116 10.3991
	117 10.4427
	118 10.4969
	119 10.5616
	9 10.6366
LINE 3 9 177.039 17
	120 10.4145
	121 10.4144
	122 10.4142
	123 10.4141
	124 10.4139
	125 10.4139
	126 10.4138
	127 10.4138
	128 10.4137
	129 10.4138
	130 10.4138
	131 10.4139
	132 10.4139
	133 10.4141
	134 10.4142
	135 10.4144
	9 10.4145
LINE 3 10 215.958 21
	136 10.2838
	137 10.2838
	138 10.2837
	139 10.2837
	140 10.2837
	141 10.2837
	142 10.2837
	143 10.2837
	144 10.2837
	145 10.2837
	146 10.2837
	147 10.2837
	148 10.2837
	149 10.2837
	150 10.2837
	151 10.2837
	152 10.2837
	153 10.2837
	154 10.2837
	155 10.2838
	10 10.2838
LINE 4 11 206.338 20
	156 10.3176
	157 10.3174
	158 10.3172
	159 10.317
	160 10.3169
	161 10.3167
	162 10.3166
	163 10.3165
	164 10.3165
	165 10.3165
	166 10.3165
	167 10.3165
	168 10.3165
	169 10.3166
	170 10.3167
	171 10.3169
	172 10.317
	173 10.3172
	174 10.3174
	11 10.3176
LINE 5 6 238.722 22
	175 11.1294
	176 11.0508
	177 10.9797
	178 10.916
	179 10.86
	180 10.8117
	181 10.7714
	182 10.739
	183 10.7146
	184 10.6983
	185 10.6902
	186 10.6902
	187 10.6983
	188 10.7146
	189 10.739
	190 10.7714
	191 10.8117
	192 10.86
	193 10.916
	194 10.9797
	195 11.0508
	6 11.1294
LINE 7 8 88.5958 8
	196 11.1438
	197 11.0845
	198 11.0448
	199 11.0248
	200 11.0248
	201 11.0448
	202 11.0845
	8 11.1438
LINE 10 11 121.568 11
	203 12.4401
	204 11.6449
	205 10.9867
	206 10.4913
	207 10.1825
	208 10.0774
	209 10.1825
	210 10.4913
	211 10.9867
	212 11.6449
	11 12.4401
LINE 12 13 116.543 10
	213 12.6863
	214 12.0193
	215 11.4937
	216 11.1295
	217 10.9428
	218 10.9428
	219 11.1295
	220 11.4937
	221 12.0193
	13 12.6863
LINE 12 18 195.166 18
	222 11.7549
	223 11.4449
	224 11.1666
	225 10.9225
	226 10.7147
	227 10.5456
	228 10.4169
	229 10.3303
	230 10.2867
	231 10.2867
	232 10.3303
	233 10.4169
	234 10.5456
	235 10.7147
	236 10.9225
	237 11.1666
	238 11.4449
	18 11.7549
LINE 14 20 125.251 12
	239 10.8287
	240 10.6185
	241 10.4473
	242 10.317
	243 10.2292
	244 10.1851
	245 10.1851
	246 10.2292
	247 10.317
	248 10.4473
	249 10.6185
	20 10.8287
LINE 15 21 134.628 13
	250 10.4537
	251 10.4051
	252 10.3651
	253 10.3339
	254 10.3115
	255 10.2981
	256 10.2936
	257 10.2981
	258 10.3115
	259 10.3339
	260 10.3651
	261 10.4051
	21 10.4537
LINE 16 22 197.698 19
	262 10.4285
	263 10.4207
	264 10.4139
	265 10.4079
	266 10.4029
	267 10.3988
	268 10.3956
	269 10.3933
	270 10.3919
	271 10.3915
	272 10.3919
	273 10.3933
	274 10.3956
	275 10.3988
	276 10.4029
	277 10.4079
	278 10.4139
	279 10.4207
	22 10.4285
LINE 17 23 151.619 13
	280 13.02
	281 12.3725
	282 11.8163
	283 11.3649
	284 11.0312
	285 10.826
	286 10.7567
	287 10.826
	288 11.0312
	289 11.3649
	290 11.8163
	291 12.3725
	23 13.02
LINE 18 19 177.267 16
	292 11.8229
	293 11.534
	294 11.2806
	295 11.0649
	296 10.8893
	297 10.7557
	298 10.6657
	299 10.6204
	300 10.6204
	301 10.6657
	302 10.7557
	303 10.8893
	304 11.0649
	305 11.2806
	306 11.534
	19 11.8229
LINE 19 26 188.51 17
	307 12.036
	308 11.694
	309 11.3894
	310 11.1251
	311 10.9041
	312 10.729
	313 10.6022
	314 10.5254
	315 10.4997
	316 10.5254
	317 10.6022
	318 10.729
	319 10.9041
	320 11.1251
	321 11.3894
	322 11.694
	26 12.036
LINE 20 21 150.875 13
	323 12.9937
	324 12.3323
	325 11.7635
	326 11.3013
	327 10.9593
	328 10.7488
	329 10.6777
	330 10.7488
	331 10.9593
	332 11.3013
	333 11.7635
	334 12.3323
	21 12.9937
LINE 20 27 186.481 16
	335 13.1466
	336 12.582
	337 12.0772
	338 11.6398
	339 11.2776
	340 10.9982
	341 10.8079
	342 10.7115
	343 10.7115
	344 10.8079
	345 10.9982
	346 11.2776
	347 11.6398
	348 12.0772
	349 12.582
	27 13.1466
LINE 21 28 159.808 14
	350 12.722
	351 12.1466
	352 11.6455
	353 11.2285
	354 10.9052
	355 10.6843
	356 10.5721
	357 10.5721
	358 10.6843
	359 10.9052
	360 11.2285
	361 11.6455
	362 12.1466
	28 12.722
LINE 23 24 180.35 16
	363 12.2274
	364 11.8591
	365 11.534
	366 11.256
	367 11.0285
	368 10.8547
	369 10.7373
	370 10.6782
	371 10.6782
	372 10.7373
	373 10.8547
	374 11.0285
	375 11.256
	376 11.534
	377 11.8591
	24 12.2274
LINE 25 26 216.302 19
	378 12.4824
	379 12.1322
	380 11.8145
	381 11.5321
	382 11.2877
	383 11.0836
	384 10.9223
	385 10.8056
	386 10.735
	387 10.7113
	388 10.735
	389 10.8056
	390 10.9223
	391 11.0836
	392 11.2877
	393 11.5321
	394 11.8145
	395 12.1322
	26 12.4824
LINE 25 32 255.88 24
	396 11.0381
	397 10.9416
	398 10.8531
	399 10.7729
	400 10.701
	401 10.6377
	402 10.5832
	403 10.5376
	404 10.5009
	405 10.4733
	406 10.4549
	407 10.4457
	408 10.4457
	409 10.4549
	410 10.4733
	411 10.5009
	412 10.5376
	413 10.5832
	414 10.6377
	415 10.701
	416 10.7729
	417 10.8531
	418 10.9416
	32 11.0381
LINE 27 28 137.681 12
	419 13.095
	420 12.2575
	421 11.5439
	422 10.9782
	423 10.5843
	424 10.3818
	425 10.3818
	426 10.5843
	427 10.9782
	428 11.5439
	429 12.2575
	28 13.095
LINE 29 30 162.943 15
	430 11.2328
	431 11.0766
	432 10.9426
	433 10.8318
	434 10.7448
	435 10.6823
	436 10.6445
	437 10.6319
	438 10.6445
	439 10.6823
	440 10.7448
	441 10.8318
	442 10.9426
	443 11.0766
	30 11.2328
LINE 30 31 99.3268 9
	444 11.5249
	445 11.1637
	446 10.8983
	447 10.7359
	448 10.6812
	449 10.7359
	450 10.8983
	451 11.1637
	31 11.5249
LINE 31 32 241.298 22
	452 11.9646
	453 11.6919
	454 11.4409
	455 11.213
	456 11.0098
	457 10.8325
	458 10.6826
	459 10.5611
	460 10.4691
	461 10.4072
	462 10.3762
	463 10.3762
	464 10.4072
	465 10.4691
	466 10.5611
	467 10.6826
	468 10.8325
	469 11.0098
	470 11.213
	471 11.4409
	472 11.6919
	32 11.9646
LINE 33 40 285.984 27
	473 10.794
	474 10.7478
	475 10.7052
	476 10.6661
	477 10.6306
	478 10.5987
	479 10.5706
	480 10.5461
	481 10.5253
	482 10.5083
	483 10.495
	484 10.4856
	485 10.4799
	486 10.478
	487 10.4799
	488 10.4856
	489 10.495
	490 10.5083
	491 10.5253
	492 10.5461
	493 10.5706
	494 10.5987
	495 10.6306
	496 10.6661
	497 10.7052
	498 10.7478
	40 10.794
LINE 34 35 252.69 24
	499 10.6702
	500 10.6335
	501 10.6001
	502 10.5699
	503 10.543
	504 10.5194
	505 10.4992
	506 10.4822
	507 10.4687
	508 10.4585
	509 10.4517
	510 10.4483
	511 10.4483
	512 10.4517
	513 10.4585
	514 10.4687
	515 10.4822
	516 10.4992
	517 10.5194
	518 10.543
	519 10.5699
	520 10.6001
	521 10.6335
	35 10.6702
LINE 35 36 111.377 10
	522 11.7277
	523 11.3416
	524 11.0432
	525 10.8396
	526 10.7364
	527 10.7364
	528 10.8396
	529 11.0432
	530 11.3416
	36 11.7277
LINE 37 38 236.31 22
	531 10.7477
	532 10.7459
	533 10.7442
	534 10.7428
	535 10.7415
	536 10.7404
	537 10.7395
	538 10.7388
	539 10.7383
	540 10.7379
	541 10.7377
	542 10.7377
	543 10.7379
	544 10.7383
	545 10.7388
	546 10.7395
	547 10.7404
	548 10.7415
	549 10.7428
	550 10.7442
	551 10.7459
	38 10.7477
LINE 38 39 160.971 15
	552 11.3414
	553 11.0863
	554 10.8657
	555 10.6819
	556 10.5367
	557 10.4317
	558 10.3682
	559 10.347
	560 10.3682
	561 10.4317
	562 10.5367
	563 10.6819
	564 10.8657
	565 11.0863
	39 11.3414
LINE 38 46 182.577 16
	566 12.4833
	567 12.0716
	568 11.7072
	569 11.3946
	570 11.1382
	571 10.942
	572 10.8092
	573 10.7422
	574 10.7422
	575 10.8092
	576 10.942
	577 11.1382
	578 11.3946
	579 11.7072
	580 12.0716
	46 12.4833
LINE 40 48 94.4345 9
	581 10.5524
	582 10.5077
	583 10.4757
	584 10.4564
	585 10.45
	586 10.4564
	587 10.4757
	588 10.5077
	48 10.5524
LINE 41 42 241.502 22
	589 11.9825
	590 11.7075
	591 11.4543
	592 11.2245
	593 11.0195
	594 10.8407
	595 10.6894
	596 10.5668
	597 10.474
	598 10.4116
	599 10.3802
	600 10.3802
	601 10.4116
	602 10.474
	603 10.5668
	604 10.6894
	605 10.8407
	606 11.0195
	607 11.2245
	608 11.4543
	609 11.7075
	42 11.9825
LINE 43 44 146.231 13
	610 12.6051
	611 11.9589
	612 11.4029
	613 10.951
	614 10.6164
	615 10.4105
	616 10.341
	617 10.4105
	618 10.6164
	619 10.951
	620 11.4029
	621 11.9589
	44 12.6051
LINE 43 50 187.405 18
	622 10.4516
	623 10.4374
	624 10.425
	625 10.4144
	626 10.4055
	627 10.3984
	628 10.3931
	629 10.3895
	630 10.3877
	631 10.3877
	632 10.3895
	633 10.3931
	634 10.3984
	635 10.4055
	636 10.4144
	637 10.425
	638 10.4374
	50 10.4516
LINE 44 45 174.561 17
	639 10.2859
	640 10.2793
	641 10.2736
	642 10.2688
	643 10.2648
	644 10.2617
	645 10.2595
	646 10.2582
	647 10.2577
	648 10.2582
	649 10.2595
	650 10.2617
	651 10.2648
	652 10.2688
	653 10.2736
	654 10.2793
	45 10.2859
LINE 44 51 120.954 11
	655 11.2592
	656 11.1026
	657 10.9792
	658 10.8903
	659 10.8366
	660 10.8186
	661 10.8366
	662 10.8903
	663 10.9792
	664 11.1026
	51 11.2592
LINE 45 52 106.863 10
	665 11.3694
	666 10.9241
	667 10.5778
	668 10.3405
	669 10.2198
	670 10.2198
	671 10.3405
	672 10.5778
	673 10.9241
	52 11.3694
LINE 46 47 152.786 14
	674 11.3025
	675 11.1255
	676 10.9759
	677 10.8547
	678 10.7628
	679 10.7012
	680 10.6703
	681 10.6703
	682 10.7012
	683 10.7628
	684 10.8547
	685 10.9759
	686 11.1255
	47 11.3025
LINE 47 54 190.631 17
	687 12.3806
	688 11.9626
	689 11.5882
	690 11.2617
	691 10.9874
	692 10.7691
	693 10.6105
	694 10.5142
	695 10.4819
	696 10.5142
	697 10.6105
	698 10.7691
	699 10.9874
	700 11.2617
	701 11.5882
	702 11.9626
	54 12.3806
LINE 48 49 142.946 13
	703 11.4502
	704 11.2268
	705 11.0406
	706 10.8937
	707 10.7874
	708 10.7232
	709 10.7017
	710 10.7232
	711 10.7874
	712 10.8937
	713 11.0406
	714 11.2268
	49 11.4502
LINE 52 53 204.982 19
	715 10.9384
	716 10.8888
	717 10.8448
	718 10.8065
	719 10.7741
	720 10.7474
	721 10.7266
	722 10.7118
	723 10.7029
	724 10.6999
	725 10.7029
	726 10.7118
	727 10.7266
	728 10.7474
	729 10.7741
	730 10.8065
	731 10.8448
	732 10.8888
	53 10.9384
COORDENADAS :
1	213.997	743.677
2	320.186	725.51
3	416.131	735.392
4	537.142	738.949
5	611.075	730.231
6	767.274	743.645
7	164.597	608.238
8	223.378	607.426
9	369.524	626.962
10	469.722	601.767
11	543.623	601.549
12	630.502	660.147
13	703.252	657.565
14	120.163	510.852
15	253.696	523.692
16	313.999	538.906
17	442.151	526.554
18	632.506	536.789
19	744.292	554.777
20	157.877	438.675
21	250.325	434.544
22	326.121	407.84
23	451.515	433.8
24	563.217	411.942
25	613.087	437.272
26	748.757	435.864
27	124.452	329.554
28	205.488	346.793
29	442.705	338.368
30	548.24	351.258
31	610.299	335.264
32	760.603	358.75
33	142.891	245.879
34	202.886	241.686
35	368.218	216.992
36	439.705	216.349
37	512.036	202.54
38	660.694	254.527
39	751.963	205.783
40	22.7453	100.496
41	105.223	139.81
42	257.261	133.098
43	331.239	123.57
44	420.773	127.53
45	534.946	105.627
46	622.474	146.601
47	721.833	152.809
48	66.9965	56.0756
49	150.613	15.9453
50	365.941	3.84747
51	404.463	49.8889
52	536.582	37.6159
53	666.789	0
54	761.156	40.7114
55	722.727	72.9846
56	0	449.681
57	276.302	105.676
58	220.347	738.201
59	226.801	733.335
60	233.359	729.078
61	240.021	725.43
62	246.788	722.391
63	253.659	719.962
64	260.634	718.141
65	267.713	716.93
66	274.897	716.328
67	282.184	716.336
68	289.576	716.952
69	297.072	718.178
70	304.673	720.012
71	312.377	722.456
72	214.327	736.249
73	214.389	728.919
74	214.182	721.687
75	213.707	714.552
76	212.964	707.516
77	211.953	700.577
78	210.673	693.737
79	209.125	686.994
80	207.31	680.349
81	205.225	673.801
82	202.873	667.352
83	200.252	661
84	197.364	654.746
85	194.207	648.59
86	190.781	642.532
87	187.088	636.572
88	183.126	630.709
89	178.896	624.945
90	174.398	619.278
91	169.632	613.709
92	326.586	730.615
93	333.056	735.044
94	339.595	738.797
95	346.204	741.872
96	352.883	744.27
97	359.632	745.991
98	366.45	747.036
99	373.339	747.403
100	380.296	747.094
101	387.324	746.107
102	394.421	744.444
103	401.588	742.103
104	408.825	739.086
105	324.776	720.105
106	329.166	714.599
107	333.354	708.993
108	337.342	703.286
109	341.128	697.479
110	344.714	691.571
111	348.099	685.563
112	351.283	679.454
113	354.266	673.245
114	357.049	666.935
115	359.63	660.524
116	362.01	654.013
117	364.19	647.401
118	366.169	640.689
119	367.947	633.876
120	413.469	728.98
121	410.797	722.572
122	408.114	716.168
123	405.422	709.768
124	402.72	703.373
125	400.008	696.982
126	397.286	690.595
127	394.555	684.213
128	391.813	677.835
129	389.062	671.461
130	386.3	665.091
131	383.529	658.726
132	380.748	652.364
133	377.957	646.007
134	375.156	639.655
135	372.345	633.306
136	418.652	729.016
137	421.176	722.642
138	423.703	716.269
139	426.233	709.897
140	428.766	703.526
141	431.303	697.157
142	433.842	690.789
143	436.385	684.422
144	438.93	678.056
145	441.479	671.692
146	444.031	665.329
147	446.586	658.967
148	449.144	652.606
149	451.706	646.247
150	454.27	639.889
151	456.838	633.532
152	459.408	627.177
153	461.982	620.822
154	464.559	614.469
155	467.139	608.117
156	537.568	732.084
157	537.984	725.218
158	538.389	718.352
159	538.783	711.485
160	539.166	704.618
161	539.539	697.75
162	539.901	690.882
163	540.252	684.013
164	540.592	677.144
165	540.921	670.274
166	541.24	663.404
167	541.548	656.533
168	541.845	649.662
169	542.131	642.79
170	542.407	635.918
171	542.672	629.045
172	542.926	622.172
173	543.169	615.298
174	543.402	608.424
175	617.998	732.899
176	624.938	735.371
177	631.895	737.647
178	638.869	739.728
179	645.859	741.612
180	652.866	743.3
181	659.891	744.792
182	666.932	746.088
183	673.99	747.187
184	681.064	748.091
185	688.156	748.799
186	695.264	749.311
187	702.389	749.626
188	709.532	749.746
189	716.69	749.669
190	723.866	749.397
191	731.059	748.928
192	738.268	748.264
193	745.494	747.403
194	752.738	746.346
195	759.997	745.093
196	171.96	609.23
197	179.318	609.91
198	186.672	610.277
199	194.022	610.332
200	201.367	610.074
201	208.708	609.504
202	216.045	608.621
203	476.426	596.884
204	483.133	592.974
205	489.843	590.037
206	496.555	588.072
207	503.271	587.08
208	509.989	587.06
209	516.71	588.013
210	523.434	589.938
211	530.161	592.836
212	536.891	596.706
213	637.624	655.586
214	644.78	651.981
215	651.971	649.333
216	659.195	647.64
217	666.453	646.904
218	673.744	647.123
219	681.07	648.299
220	688.43	650.432
221	695.824	653.52
222	634.412	653.356
223	637.875	646.557
224	640.891	639.751
225	643.461	632.938
226	645.583	626.117
227	647.258	619.289
228	648.487	612.454
229	649.269	605.612
230	649.603	598.762
231	649.491	591.905
232	648.932	585.041
233	647.926	578.17
234	646.473	571.291
235	644.574	564.405
236	642.227	557.512
237	639.434	550.612
238	636.193	543.704
239	125.487	505.978
240	130.416	500.896
241	134.947	495.607
242	139.082	490.11
243	142.82	484.406
244	146.161	478.495
245	149.105	472.377
246	151.653	466.051
247	153.804	459.518
248	155.558	452.778
249	156.916	445.83
250	254.651	516.788
251	255.403	509.892
252	255.954	503.004
253	256.302	496.124
254	256.447	489.251
255	256.39	482.386
256	256.131	475.528
257	255.669	468.678
258	255.005	461.836
259	254.138	455.002
260	253.07	448.175
261	251.798	441.355
262	315.22	532.062
263	316.376	525.212
264	317.467	518.355
265	318.493	511.493
266	319.455	504.625
267	320.352	497.75
268	321.184	490.87
269	321.951	483.984
270	322.654	477.092
271	323.292	470.193
272	323.865	463.289
273	324.374	456.379
274	324.817	449.463
275	325.196	442.541
276	325.511	435.613
277	325.76	428.679
278	325.945	421.738
279	326.065	414.792
280	447.737	519.91
281	452.513	513.185
282	456.477	506.377
283	459.63	499.488
284	461.972	492.517
285	463.503	485.464
286	464.224	478.329
287	464.133	471.112
288	463.231	463.814
289	461.519	456.433
290	458.995	448.971
291	455.66	441.427
292	640.044	534.486
293	647.509	532.641
294	654.9	531.252
295	662.217	530.32
296	669.461	529.845
297	676.632	529.827
298	683.728	530.265
299	690.752	531.161
300	697.702	532.514
301	704.578	534.324
302	711.381	536.59
303	718.11	539.314
304	724.766	542.494
305	731.348	546.131
306	737.857	550.226
307	740.635	547.635
308	737.467	540.511
309	734.79	533.406
310	732.603	526.319
311	730.905	519.251
312	729.698	512.2
313	728.981	505.169
314	728.753	498.156
315	729.016	491.161
316	729.769	484.184
317	731.011	477.226
318	732.744	470.286
319	734.967	463.365
320	737.679	456.462
321	740.882	449.578
322	744.574	442.712
323	165.208	443.289
324	172.504	447.08
325	179.762	450.05
326	186.983	452.198
327	194.168	453.524
328	201.316	454.028
329	208.428	453.71
330	215.502	452.57
331	222.54	450.609
332	229.542	447.825
333	236.506	444.22
334	243.434	439.793
335	160.657	430.364
336	162.788	422.251
337	164.27	414.337
338	165.103	406.622
339	165.286	399.106
340	164.82	391.789
341	163.705	384.67
342	161.941	377.751
343	159.527	371.03
344	156.464	364.508
345	152.752	358.185
346	148.391	352.061
347	143.38	346.136
348	137.72	340.41
349	131.411	334.882
350	251.336	426.123
351	251.699	418.033
352	251.413	410.275
353	250.479	402.848
354	248.897	395.752
355	246.667	388.987
356	243.789	382.554
357	240.262	376.451
358	236.087	370.68
359	231.264	365.241
360	225.792	360.132
361	219.672	355.355
362	212.904	350.908
363	457.732	428.528
364	464.051	423.777
365	470.472	419.546
366	476.994	415.836
367	483.619	412.647
368	490.346	409.979
369	497.174	407.832
370	504.105	406.205
371	511.137	405.099
372	518.271	404.514
373	525.508	404.45
374	532.846	404.907
375	540.286	405.885
376	547.828	407.383
377	555.472	409.402
378	620.272	441.47
379	627.452	445.194
380	634.627	448.443
381	641.797	451.217
382	648.962	453.517
383	656.122	455.342
384	663.278	456.692
385	670.428	457.567
386	677.573	457.968
387	684.714	457.894
388	691.849	457.345
389	698.98	456.321
390	706.106	454.823
391	713.227	452.85
392	720.343	450.402
393	727.454	447.48
394	734.56	444.083
395	741.661	440.211
396	620.352	436.102
397	627.52	434.749
398	634.591	433.213
399	641.564	431.495
400	648.44	429.593
401	655.219	427.509
402	661.9	425.243
403	668.484	422.793
404	674.971	420.161
405	681.361	417.346
406	687.653	414.349
407	693.848	411.168
408	699.946	407.805
409	705.947	404.259
410	711.85	400.531
411	717.656	396.619
412	723.365	392.525
413	728.976	388.249
414	734.491	383.789
415	739.908	379.147
416	745.227	374.322
417	750.45	369.314
418	755.575	364.124
419	132.317	325.764
420	139.98	322.925
421	147.44	321.036
422	154.698	320.098
423	161.755	320.109
424	168.609	321.071
425	175.261	322.982
426	181.711	325.844
427	187.958	329.656
428	194.004	334.419
429	199.847	340.131
430	449.447	341.626
431	456.232	344.541
432	463.058	347.114
433	469.927	349.344
434	476.837	351.231
435	483.789	352.776
436	490.783	353.978
437	497.818	354.837
438	504.896	355.354
439	512.015	355.528
440	519.176	355.359
441	526.379	354.848
442	533.624	353.994
443	540.911	352.798
444	554.415	346.687
445	560.771	342.814
446	567.306	339.64
447	574.021	337.164
448	580.917	335.387
449	587.992	334.308
450	595.248	333.928
451	602.684	334.247
452	617.745	332.403
453	625.132	329.917
454	632.461	327.804
455	639.732	326.066
456	646.944	324.702
457	654.097	323.712
458	661.192	323.096
459	668.229	322.854
460	675.207	322.986
461	682.127	323.492
462	688.988	324.373
463	695.79	325.628
464	702.535	327.256
465	709.221	329.259
466	715.848	331.636
467	722.417	334.387
468	728.927	337.512
469	735.379	341.012
470	741.773	344.885
471	748.108	349.133
472	754.384	353.754
473	139.773	239.393
474	136.553	232.992
475	133.231	226.676
476	129.806	220.445
477	126.278	214.298
478	122.648	208.236
479	118.916	202.258
480	115.081	196.365
481	111.144	190.557
482	107.104	184.834
483	102.962	179.195
484	98.7168	173.641
485	94.3694	168.172
486	89.9196	162.788
487	85.3673	157.488
488	80.7125	152.272
489	75.9552	147.142
490	71.0954	142.096
491	66.1331	137.135
492	61.0684	132.259
493	55.9011	127.467
494	50.6314	122.76
495	45.2591	118.138
496	39.7844	113.6
497	34.2072	109.147
498	28.5275	104.779
499	209.562	239.228
500	216.256	236.895
501	222.968	234.685
502	229.699	232.601
503	236.449	230.64
504	243.217	228.803
505	250.004	227.091
506	256.809	225.503
507	263.633	224.04
508	270.476	222.7
509	277.337	221.485
510	284.216	220.394
511	291.115	219.427
512	298.031	218.584
513	304.966	217.866
514	311.92	217.272
515	318.893	216.802
516	325.883	216.457
517	332.893	216.235
518	339.921	216.138
519	346.967	216.165
520	354.033	216.317
521	361.116	216.592
522	375.396	220.093
523	382.566	222.491
524	389.731	224.185
525	396.889	225.176
526	404.041	225.463
527	411.187	225.047
528	418.326	223.928
529	425.459	222.105
530	432.585	219.579
531	518.691	205.195
532	525.356	207.821
533	532.031	210.42
534	538.715	212.991
535	545.41	215.535
536	552.113	218.05
537	558.827	220.538
538	565.55	222.999
539	572.283	225.431
540	579.026	227.836
541	585.778	230.213
542	592.54	232.562
543	599.312	234.883
544	606.093	237.177
545	612.884	239.443
546	619.685	241.681
547	626.496	243.891
548	633.316	246.074
549	640.146	248.229
550	646.986	250.356
551	653.835	252.455
552	668.238	254.008
553	675.572	253.099
554	682.699	251.8
555	689.617	250.111
556	696.326	248.032
557	702.828	245.563
558	709.121	242.703
559	715.205	239.454
560	721.082	235.814
561	726.749	231.784
562	732.209	227.364
563	737.46	222.554
564	742.503	217.354
565	747.337	211.763
566	662.311	246.363
567	663.393	238.388
568	663.942	230.603
569	663.956	223.007
570	663.436	215.599
571	662.383	208.381
572	660.795	201.352
573	658.673	194.512
574	656.017	187.861
575	652.827	181.4
576	649.104	175.127
577	644.846	169.044
578	640.054	163.149
579	634.728	157.444
580	628.868	151.928
581	26.9696	94.8702
582	31.367	89.4173
583	35.9376	84.1368
584	40.6813	79.0288
585	45.5981	74.0932
586	50.688	69.3301
587	55.9511	64.7395
588	61.3872	60.3213
589	111.958	135.514
590	118.709	131.597
591	125.478	128.061
592	132.263	124.905
593	139.064	122.13
594	145.883	119.734
595	152.718	117.718
596	159.57	116.083
597	166.439	114.827
598	173.325	113.952
599	180.227	113.457
600	187.146	113.342
601	194.082	113.607
602	201.035	114.252
603	208.005	115.277
604	214.991	116.683
605	221.994	118.468
606	229.014	120.634
607	236.051	123.18
608	243.104	126.106
609	250.174	129.412
610	338.339	119.074
611	345.403	115.378
612	352.432	112.482
613	359.425	110.387
614	366.383	109.091
615	373.306	108.596
616	380.193	108.9
617	387.045	110.005
618	393.862	111.91
619	400.643	114.615
620	407.388	118.12
621	414.099	122.425
622	333.907	117.133
623	336.487	110.671
624	338.981	104.184
625	341.387	97.6711
626	343.707	91.1333
627	345.939	84.5704
628	348.085	77.9822
629	350.143	71.3688
630	352.115	64.7302
631	353.999	58.0663
632	355.796	51.3773
633	357.507	44.663
634	359.13	37.9234
635	360.666	31.1587
636	362.116	24.3687
637	363.478	17.5535
638	364.753	10.7131
639	427.585	126.74
640	434.385	125.888
641	441.173	124.974
642	447.948	123.997
643	454.712	122.957
644	461.464	121.856
645	468.204	120.692
646	474.932	119.466
647	481.648	118.177
648	488.352	116.827
649	495.044	115.414
650	501.724	113.938
651	508.392	112.401
652	515.049	110.801
653	521.693	109.138
654	528.325	107.414
655	421.326	120.045
656	421.471	112.644
657	421.209	105.33
658	420.54	98.1002
659	419.464	90.9564
660	417.981	83.8981
661	416.092	76.9252
662	413.795	70.0379
663	411.091	63.2361
664	407.981	56.5198
665	538.45	98.9063
666	541.212	92.1677
667	543.232	85.4112
668	544.51	78.6369
669	545.044	71.8447
670	544.837	65.0347
671	543.887	58.2068
672	542.194	51.361
673	539.759	44.4974
674	629.726	144.557
675	636.955	142.896
676	644.16	141.617
677	651.34	140.722
678	658.497	140.208
679	665.63	140.078
680	672.739	140.33
681	679.824	140.965
682	686.886	141.982
683	693.923	143.382
684	700.936	145.165
685	707.926	147.33
686	714.891	149.878
687	728.291	147.669
688	734.231	142.347
689	739.652	136.844
690	744.556	131.159
691	748.941	125.292
692	752.809	119.243
693	756.158	113.012
694	758.989	106.6
695	761.302	100.006
696	763.097	93.2303
697	764.374	86.2728
698	765.133	79.1336
699	765.374	71.8126
700	765.096	64.3099
701	764.301	56.6255
702	762.988	48.7593
703	74.6032	55.4361
704	82.014	54.3886
705	89.2291	52.9332
706	96.2485	51.07
707	103.072	48.7988
708	109.7	46.1198
709	116.132	43.0328
710	122.368	39.538
711	128.409	35.6353
712	134.254	31.3246
713	139.903	26.6061
714	145.356	21.4796
715	543.015	34.1812
716	549.494	30.9081
717	556.02	27.7967
718	562.593	24.8469
719	569.213	22.0588
720	575.879	19.4324
721	582.592	16.9676
722	589.351	14.6645
723	596.158	12.5231
724	603.011	10.5433
725	609.91	8.72517
726	616.857	7.06871
727	623.85	5.57391
728	630.89	4.24077
729	637.976	3.0693
730	645.109	2.05948
731	652.289	1.21133
732	659.516	0.524832
