NOMBRE : MTLARP7_10_5_2.dat
VERTICES ORIGINALES : 67
VERTICES TOTALES : 998
DEPOTS : 5
63
64
65
66
67
LINEAS ORIGINALES : 62
LINE 1 2 181.164 17
	68 11.202
	69 11.0022
	70 10.826
	71 10.6746
	72 10.5492
	73 10.4506
	74 10.3796
	75 10.3368
	76 10.3224
	77 10.3368
	78 10.3796
	79 10.4506
	80 10.5492
	81 10.6746
	82 10.826
	83 11.0022
	2 11.202
LINE 1 8 121.474 11
	84 11.15
	85 11.0861
	86 11.0361
	87 11.0002
	88 10.9787
	89 10.9715
	90 10.9787
	91 11.0002
	92 11.0361
	93 11.0861
	8 11.15
LINE 3 4 158.89 14
	94 12.3663
	95 11.9141
	96 11.5237
	97 11.2016
	98 10.9538
	99 10.7855
	100 10.7003
	101 10.7003
	102 10.7855
	103 10.9538
	104 11.2016
	105 11.5237
	106 11.9141
	4 12.3663
LINE 5 12 196.834 18
	107 11.729
	108 11.4579
	109 11.2154
	110 11.0032
	111 10.8232
	112 10.677
	113 10.566
	114 10.4914
	115 10.4539
	116 10.4539
	117 10.4914
	118 10.566
	119 10.677
	120 10.8232
	121 11.0032
	122 11.2154
	123 11.4579
	12 11.729
LINE 6 15 114.199 11
	124 10.4603
	125 10.4133
	126 10.3766
	127 10.3503
	128 10.3345
	129 10.3292
	130 10.3345
	131 10.3503
	132 10.3766
	133 10.4133
	15 10.4603
LINE 7 16 101.898 9
	134 12.0876
	135 11.5258
	136 11.1071
	137 10.8482
	138 10.7605
	139 10.8482
	140 11.1071
	141 11.5258
	16 12.0876
LINE 8 9 163.072 15
	142 10.9228
	143 10.9008
	144 10.8822
	145 10.867
	146 10.8551
	147 10.8466
	148 10.8415
	149 10.8398
	150 10.8415
	151 10.8466
	152 10.8551
	153 10.867
	154 10.8822
	155 10.9008
	9 10.9228
LINE 8 17 173.452 16
	156 11.1695
	157 11.0397
	158 10.9273
	159 10.8327
	160 10.7564
	161 10.6989
	162 10.6603
	163 10.641
	164 10.641
	165 10.6603
	166 10.6989
	167 10.7564
	168 10.8327
	169 10.9273
	170 11.0397
	17 11.1695
LINE 9 10 149.435 14
	171 11.152
	172 10.9355
	173 10.7517
	174 10.6023
	175 10.489
	176 10.4127
	177 10.3743
	178 10.3743
	179 10.4127
	180 10.489
	181 10.6023
	182 10.7517
	183 10.9355
	10 11.152
LINE 9 18 137.69 13
	184 10.6694
	185 10.6306
	186 10.5987
	187 10.5739
	188 10.5561
	189 10.5454
	190 10.5418
	191 10.5454
	192 10.5561
	193 10.5739
	194 10.5987
	195 10.6306
	18 10.6694
LINE 10 11 183.405 17
	196 11.6705
	197 11.3516
	198 11.0678
	199 10.8218
	200 10.6163
	201 10.4536
	202 10.3359
	203 10.2646
	204 10.2408
	205 10.2646
	206 10.3359
	207 10.4536
	208 10.6163
	209 10.8218
	210 11.0678
	211 11.3516
	11 11.6705
LINE 11 12 137.961 13
	212 10.9212
	213 10.7686
	214 10.6421
	215 10.5427
	216 10.4711
	217 10.4279
	218 10.4134
	219 10.4279
	220 10.4711
	221 10.5427
	222 10.6421
	223 10.7686
	12 10.9212
LINE 11 20 154.594 14
	224 11.3718
	225 11.2217
	226 11.095
	227 10.9927
	228 10.9153
	229 10.8634
	230 10.8373
	231 10.8373
	232 10.8634
	233 10.9153
	234 10.9927
	235 11.095
	236 11.2217
	20 11.3718
LINE 12 13 175.815 17
	237 10.3437
	238 10.3431
	239 10.3426
	240 10.3421
	241 10.3418
	242 10.3415
	243 10.3413
	244 10.3412
	245 10.3411
	246 10.3412
	247 10.3413
	248 10.3415
	249 10.3418
	250 10.3421
	251 10.3426
	252 10.3431
	13 10.3437
LINE 14 15 220.945 20
	253 11.7049
	254 11.503
	255 11.3204
	256 11.1582
	257 11.0173
	258 10.8985
	259 10.8024
	260 10.7299
	261 10.6812
	262 10.6568
	263 10.6568
	264 10.6812
	265 10.7299
	266 10.8024
	267 10.8985
	268 11.0173
	269 11.1582
	270 11.3204
	271 11.503
	15 11.7049
LINE 15 16 158.392 15
	272 10.8651
	273 10.7357
	274 10.6251
	275 10.5337
	276 10.462
	277 10.4105
	278 10.3795
	279 10.3691
	280 10.3795
	281 10.4105
	282 10.462
	283 10.5337
	284 10.6251
	285 10.7357
	16 10.8651
LINE 16 26 180.84 17
	286 10.6464
	287 10.6431
	288 10.6403
	289 10.6378
	290 10.6359
	291 10.6343
	292 10.6332
	293 10.6326
	294 10.6323
	295 10.6326
	296 10.6332
	297 10.6343
	298 10.6359
	299 10.6378
	300 10.6403
	301 10.6431
	26 10.6464
LINE 17 27 182.274 16
	302 12.3905
	303 12.0061
	304 11.6666
	305 11.3759
	306 11.1379
	307 10.956
	308 10.833
	309 10.771
	310 10.771
	311 10.833
	312 10.956
	313 11.1379
	314 11.3759
	315 11.6666
	316 12.0061
	27 12.3905
LINE 19 30 219.179 21
	317 10.5274
	318 10.5004
	319 10.4762
	320 10.4548
	321 10.4362
	322 10.4205
	323 10.4076
	324 10.3975
	325 10.3903
	326 10.386
	327 10.3846
	328 10.386
	329 10.3903
	330 10.3975
	331 10.4076
	332 10.4205
	333 10.4362
	334 10.4548
	335 10.4762
	336 10.5004
	30 10.5274
LINE 20 21 152.617 14
	337 11.649
	338 11.3136
	339 11.0263
	340 10.791
	341 10.6111
	342 10.4894
	343 10.428
	344 10.428
	345 10.4894
	346 10.6111
	347 10.791
	348 11.0263
	349 11.3136
	21 11.649
LINE 20 30 112.059 11
	350 10.3478
	351 10.252
	352 10.1769
	353 10.1229
	354 10.0903
	355 10.0795
	356 10.0903
	357 10.1229
	358 10.1769
	359 10.252
	30 10.3478
LINE 22 32 157.464 15
	360 10.6726
	361 10.5981
	362 10.5347
	363 10.4825
	364 10.4418
	365 10.4126
	366 10.395
	367 10.3892
	368 10.395
	369 10.4126
	370 10.4418
	371 10.4825
	372 10.5347
	373 10.5981
	32 10.6726
LINE 23 24 104.887 10
	374 10.6482
	375 10.5424
	376 10.4624
	377 10.4086
	378 10.3817
	379 10.3817
	380 10.4086
	381 10.4624
	382 10.5424
	24 10.6482
LINE 24 25 168.639 16
	383 10.5494
	384 10.5456
	385 10.5423
	386 10.5396
	387 10.5375
	388 10.5359
	389 10.5348
	390 10.5342
	391 10.5342
	392 10.5348
	393 10.5359
	394 10.5375
	395 10.5396
	396 10.5423
	397 10.5456
	25 10.5494
LINE 24 33 223.142 20
	398 11.9884
	399 11.7349
	400 11.5048
	401 11.2996
	402 11.1207
	403 10.9695
	404 10.8469
	405 10.7541
	406 10.6918
	407 10.6605
	408 10.6605
	409 10.6918
	410 10.7541
	411 10.8469
	412 10.9695
	413 11.1207
	414 11.2996
	415 11.5048
	416 11.7349
	33 11.9884
LINE 24 35 289.212 27
	417 11.0264
	418 10.9548
	419 10.8885
	420 10.8276
	421 10.7723
	422 10.7225
	423 10.6784
	424 10.64
	425 10.6074
	426 10.5807
	427 10.5599
	428 10.545
	429 10.536
	430 10.533
	431 10.536
	432 10.545
	433 10.5599
	434 10.5807
	435 10.6074
	436 10.64
	437 10.6784
	438 10.7225
	439 10.7723
	440 10.8276
	441 10.8885
	442 10.9548
	35 11.0264
LINE 27 37 171.451 16
	443 10.7282
	444 10.7232
	445 10.7189
	446 10.7153
	447 10.7125
	448 10.7103
	449 10.7089
	450 10.7082
	451 10.7082
	452 10.7089
	453 10.7103
	454 10.7125
	455 10.7153
	456 10.7189
	457 10.7232
	37 10.7282
LINE 28 29 121.34 11
	458 11.2751
	459 11.1298
	460 11.0155
	461 10.933
	462 10.8833
	463 10.8667
	464 10.8833
	465 10.933
	466 11.0155
	467 11.1298
	29 11.2751
LINE 28 37 304.291 28
	468 11.3251
	469 11.2256
	470 11.1329
	471 11.0472
	472 10.9688
	473 10.8977
	474 10.8342
	475 10.7782
	476 10.73
	477 10.6897
	478 10.6574
	479 10.633
	480 10.6168
	481 10.6087
	482 10.6087
	483 10.6168
	484 10.633
	485 10.6574
	486 10.6897
	487 10.73
	488 10.7782
	489 10.8342
	490 10.8977
	491 10.9688
	492 11.0472
	493 11.1329
	494 11.2256
	37 11.3251
LINE 29 39 136.296 12
	495 12.0015
	496 11.6582
	497 11.376
	498 11.1598
	499 11.0132
	500 10.9392
	501 10.9392
	502 11.0132
	503 11.1598
	504 11.376
	505 11.6582
	39 12.0015
LINE 30 31 218.123 20
	506 11.6172
	507 11.3994
	508 11.2022
	509 11.0268
	510 10.8742
	511 10.7454
	512 10.6412
	513 10.5624
	514 10.5095
	515 10.483
	516 10.483
	517 10.5095
	518 10.5624
	519 10.6412
	520 10.7454
	521 10.8742
	522 11.0268
	523 11.2022
	524 11.3994
	31 11.6172
LINE 30 41 209.529 20
	525 10.4769
	526 10.4768
	527 10.4766
	528 10.4765
	529 10.4764
	530 10.4763
	531 10.4763
	532 10.4762
	533 10.4762
	534 10.4762
	535 10.4762
	536 10.4762
	537 10.4762
	538 10.4763
	539 10.4763
	540 10.4764
	541 10.4765
	542 10.4766
	543 10.4768
	41 10.4769
LINE 32 42 206.383 19
	544 11.476
	545 11.2767
	546 11.0979
	547 10.9405
	548 10.8056
	549 10.6939
	550 10.6063
	551 10.5432
	552 10.5052
	553 10.4925
	554 10.5052
	555 10.5432
	556 10.6063
	557 10.6939
	558 10.8056
	559 10.9405
	560 11.0979
	561 11.2767
	42 11.476
LINE 33 34 160.92 15
	562 11.1801
	563 10.9898
	564 10.8262
	565 10.6905
	566 10.5837
	567 10.5068
	568 10.4604
	569 10.4448
	570 10.4604
	571 10.5068
	572 10.5837
	573 10.6905
	574 10.8262
	575 10.9898
	34 11.1801
LINE 33 42 212.228 20
	576 10.9913
	577 10.8733
	578 10.7674
	579 10.6738
	580 10.593
	581 10.5251
	582 10.4705
	583 10.4294
	584 10.4019
	585 10.3881
	586 10.3881
	587 10.4019
	588 10.4294
	589 10.4705
	590 10.5251
	591 10.593
	592 10.6738
	593 10.7674
	594 10.8733
	42 10.9913
LINE 33 43 138.889 13
	595 11.4072
	596 11.0552
	597 10.7587
	598 10.5223
	599 10.3502
	600 10.2455
	601 10.2104
	602 10.2455
	603 10.3502
	604 10.5223
	605 10.7587
	606 11.0552
	43 11.4072
LINE 34 35 238.904 22
	607 11.7098
	608 11.4756
	609 11.2608
	610 11.0663
	611 10.8933
	612 10.7427
	613 10.6156
	614 10.5129
	615 10.4351
	616 10.383
	617 10.3568
	618 10.3568
	619 10.383
	620 10.4351
	621 10.5129
	622 10.6156
	623 10.7427
	624 10.8933
	625 11.0663
	626 11.2608
	627 11.4756
	35 11.7098
LINE 34 44 121.917 11
	628 11.8549
	629 11.4038
	630 11.0402
	631 10.773
	632 10.6095
	633 10.5544
	634 10.6095
	635 10.773
	636 11.0402
	637 11.4038
	44 11.8549
LINE 35 36 71.8979 7
	638 10.2771
	639 10.2711
	640 10.2675
	641 10.2663
	642 10.2675
	643 10.2711
	36 10.2771
LINE 35 45 169.518 15
	644 12.0592
	645 11.7435
	646 11.4697
	647 11.2406
	648 11.0592
	649 10.9277
	650 10.8481
	651 10.8215
	652 10.8481
	653 10.9277
	654 11.0592
	655 11.2406
	656 11.4697
	657 11.7435
	45 12.0592
LINE 36 46 194.853 18
	658 11.4854
	659 11.2588
	660 11.0566
	661 10.8804
	662 10.7313
	663 10.6106
	664 10.5191
	665 10.4577
	666 10.4268
	667 10.4268
	668 10.4577
	669 10.5191
	670 10.6106
	671 10.7313
	672 10.8804
	673 11.0566
	674 11.2588
	46 11.4854
LINE 38 39 226.782 21
	675 11.6074
	676 11.3733
	677 11.1597
	678 10.9678
	679 10.7987
	680 10.6536
	681 10.5333
	682 10.4388
	683 10.3708
	684 10.3298
	685 10.3161
	686 10.3298
	687 10.3708
	688 10.4388
	689 10.5333
	690 10.6536
	691 10.7987
	692 10.9678
	693 11.1597
	694 11.3733
	39 11.6074
LINE 39 49 105.214 10
	695 10.6208
	696 10.5547
	697 10.5049
	698 10.4716
	699 10.4549
	700 10.4549
	701 10.4716
	702 10.5049
	703 10.5547
	49 10.6208
LINE 40 50 115.54 11
	704 10.6307
	705 10.5548
	706 10.4954
	707 10.4528
	708 10.4271
	709 10.4185
	710 10.4271
	711 10.4528
	712 10.4954
	713 10.5548
	50 10.6307
LINE 44 45 100.237 9
	714 11.1674
	715 11.1449
	716 11.1289
	717 11.1192
	718 11.116
	719 11.1192
	720 11.1289
	721 11.1449
	45 11.1674
LINE 44 54 121.988 11
	722 11.3843
	723 11.2094
	724 11.0714
	725 10.9717
	726 10.9115
	727 10.8914
	728 10.9115
	729 10.9717
	730 11.0714
	731 11.2094
	54 11.3843
LINE 44 55 251.442 23
	732 11.4193
	733 11.2893
	734 11.1704
	735 11.0629
	736 10.9672
	737 10.8836
	738 10.8123
	739 10.7536
	740 10.7078
	741 10.6749
	742 10.6552
	743 10.6486
	744 10.6552
	745 10.6749
	746 10.7078
	747 10.7536
	748 10.8123
	749 10.8836
	750 10.9672
	751 11.0629
	752 11.1704
	753 11.2893
	55 11.4193
LINE 45 55 169.977 16
	754 10.6238
	755 10.6237
	756 10.6237
	757 10.6236
	758 10.6235
	759 10.6235
	760 10.6235
	761 10.6234
	762 10.6234
	763 10.6235
	764 10.6235
	765 10.6235
	766 10.6236
	767 10.6237
	768 10.6237
	55 10.6238
LINE 46 55 162.168 15
	769 10.83
	770 10.822
	771 10.8151
	772 10.8095
	773 10.8052
	774 10.802
	775 10.8002
	776 10.7995
	777 10.8002
	778 10.802
	779 10.8052
	780 10.8095
	781 10.8151
	782 10.822
	55 10.83
LINE 46 56 185.844 18
	783 10.4512
	784 10.4068
	785 10.3678
	786 10.3342
	787 10.3062
	788 10.2837
	789 10.2668
	790 10.2555
	791 10.2499
	792 10.2499
	793 10.2555
	794 10.2668
	795 10.2837
	796 10.3062
	797 10.3342
	798 10.3678
	799 10.4068
	56 10.4512
LINE 47 57 130.618 12
	800 11.3992
	801 11.1238
	802 10.8984
	803 10.7263
	804 10.61
	805 10.5514
	806 10.5514
	807 10.61
	808 10.7263
	809 10.8984
	810 11.1238
	57 11.3992
LINE 47 58 213.777 20
	811 10.938
	812 10.8602
	813 10.7905
	814 10.7292
	815 10.6764
	816 10.6322
	817 10.5967
	818 10.5699
	819 10.5521
	820 10.5432
	821 10.5432
	822 10.5521
	823 10.5699
	824 10.5967
	825 10.6322
	826 10.6764
	827 10.7292
	828 10.7905
	829 10.8602
	58 10.938
LINE 48 58 195.949 19
	830 10.4083
	831 10.3767
	832 10.3487
	833 10.3244
	834 10.3039
	835 10.287
	836 10.2738
	837 10.2644
	838 10.2588
	839 10.2569
	840 10.2588
	841 10.2644
	842 10.2738
	843 10.287
	844 10.3039
	845 10.3244
	846 10.3487
	847 10.3767
	58 10.4083
LINE 51 52 187.367 18
	848 10.4102
	849 10.4098
	850 10.4096
	851 10.4093
	852 10.4091
	853 10.409
	854 10.4089
	855 10.4088
	856 10.4087
	857 10.4087
	858 10.4088
	859 10.4089
	860 10.409
	861 10.4091
	862 10.4093
	863 10.4096
	864 10.4098
	52 10.4102
LINE 52 59 175.533 16
	865 11.2149
	866 11.1182
	867 11.0347
	868 10.9646
	869 10.9081
	870 10.8656
	871 10.8372
	872 10.823
	873 10.823
	874 10.8372
	875 10.8656
	876 10.9081
	877 10.9646
	878 11.0347
	879 11.1182
	59 11.2149
LINE 53 60 266.244 25
	880 10.6559
	881 10.6544
	882 10.653
	883 10.6517
	884 10.6506
	885 10.6496
	886 10.6487
	887 10.6479
	888 10.6473
	889 10.6469
	890 10.6465
	891 10.6463
	892 10.6463
	893 10.6463
	894 10.6465
	895 10.6469
	896 10.6473
	897 10.6479
	898 10.6487
	899 10.6496
	900 10.6506
	901 10.6517
	902 10.653
	903 10.6544
	60 10.6559
LINE 54 55 165.144 15
	904 11.6063
	905 11.3565
	906 11.1407
	907 10.961
	908 10.8192
	909 10.7167
	910 10.6547
	911 10.634
	912 10.6547
	913 10.7167
	914 10.8192
	915 10.961
	916 11.1407
	917 11.3565
	55 11.6063
LINE 54 60 245.417 23
	918 11.1561
	919 11.0265
	920 10.9079
	921 10.8007
	922 10.7052
	923 10.6218
	924 10.5507
	925 10.4921
	926 10.4464
	927 10.4136
	928 10.3938
	929 10.3872
	930 10.3938
	931 10.4136
	932 10.4464
	933 10.4921
	934 10.5507
	935 10.6218
	936 10.7052
	937 10.8007
	938 10.9079
	939 11.0265
	60 11.1561
LINE 54 61 223.513 20
	940 11.8182
	941 11.6206
	942 11.4422
	943 11.2838
	944 11.1462
	945 11.0302
	946 10.9366
	947 10.8658
	948 10.8183
	949 10.7945
	950 10.7945
	951 10.8183
	952 10.8658
	953 10.9366
	954 11.0302
	955 11.1462
	956 11.2838
	957 11.4422
	958 11.6206
	61 11.8182
LINE 55 61 188.939 18
	959 10.802
	960 10.6956
	961 10.6017
	962 10.5205
	963 10.4524
	964 10.3976
	965 10.3563
	966 10.3287
	967 10.3148
	968 10.3148
	969 10.3287
	970 10.3563
	971 10.3976
	972 10.4524
	973 10.5205
	974 10.6017
	975 10.6956
	61 10.802
LINE 55 62 174.337 17
	976 10.2882
	977 10.2758
	978 10.2651
	979 10.256
	980 10.2485
	981 10.2427
	982 10.2385
	983 10.2361
	984 10.2352
	985 10.2361
	986 10.2385
	987 10.2427
	988 10.2485
	989 10.256
	990 10.2651
	991 10.2758
	62 10.2882
LINE 56 62 84.6061 8
	992 11.2169
	993 10.6769
	994 10.3012
	995 10.1081
	996 10.1081
	997 10.3012
	998 10.6769
	62 11.2169
COORDENADAS :
1	31.0233	601.07
2	144.894	627.894
3	230.716	636.8
4	329.216	652.664
5	536.464	619.59
6	790.088	614.251
7	913.281	611.786
8	43.3433	521.562
9	150.263	503.719
10	240.162	539.564
11	351.948	508.351
12	426.862	558.68
13	543.978	563.104
14	703.187	558.648
15	845.191	562.277
16	948.789	557.864
17	33.3818	408.522
18	132.557	414.089
19	206.917	446.793
20	344.54	407.505
21	439.344	429.205
22	495.076	451.997
23	649.246	404.264
24	710.895	435.672
25	822.48	448.883
26	902.803	446.484
27	59.0237	296.614
28	134.706	343.954
29	201.562	300.587
30	308.62	342.903
31	448.097	334.505
32	515.358	350.105
33	605.648	340.216
34	705.589	309.861
35	857.345	315.262
36	890.974	349.385
37	0	198.827
38	90.0192	219.94
39	234.443	219.566
40	318.391	224.696
41	395.719	233.702
42	538.321	219.199
43	635.398	256.877
44	726.855	235.441
45	793.151	228.144
46	907.571	225.416
47	49.8056	129.601
48	95.4924	135.146
49	239.03	150.032
50	349.868	155.078
51	409.883	156.046
52	534.516	147.819
53	647.377	149.133
54	750.406	159.122
55	853.249	132.076
56	920.184	103.074
57	14.153	53.1532
58	119.312	7.4279
59	489.432	41.5616
60	743.521	0
61	795.659	22.5358
62	937.244	52.0722
63	89.2329	178.435
64	504.468	513.748
65	655.931	671.492
66	128.785	149.937
67	45.1947	169.249
68	38.3867	599.825
69	45.6669	598.932
70	52.864	598.392
71	59.978	598.205
72	67.0088	598.372
73	73.9565	598.891
74	80.8211	599.763
75	87.6025	600.987
76	94.3008	602.565
77	100.916	604.496
78	107.448	606.78
79	113.897	609.416
80	120.263	612.406
81	126.545	615.749
82	132.745	619.444
83	138.861	623.492
84	30.834	593.639
85	30.9065	586.249
86	31.241	578.899
87	31.8372	571.59
88	32.6954	564.321
89	33.8154	557.093
90	35.1972	549.906
91	36.841	542.759
92	38.7466	535.653
93	40.914	528.587
94	237.092	642.025
95	243.57	646.621
96	250.15	650.587
97	256.831	653.924
98	263.613	656.631
99	270.497	658.709
100	277.482	660.156
101	284.568	660.975
102	291.756	661.164
103	299.045	660.723
104	306.436	659.652
105	313.928	657.953
106	321.521	655.623
107	532.101	613.101
108	527.534	606.978
109	522.764	601.22
110	517.792	595.827
111	512.616	590.8
112	507.237	586.138
113	501.656	581.841
114	495.871	577.909
115	489.884	574.342
116	483.693	571.141
117	477.3	568.305
118	470.703	565.834
119	463.904	563.729
120	456.901	561.989
121	449.696	560.613
122	442.288	559.604
123	434.676	558.959
124	795.852	610.327
125	801.466	606.243
126	806.928	601.998
127	812.24	597.594
128	817.4	593.029
129	822.41	588.304
130	827.268	583.419
131	831.975	578.374
132	836.532	573.168
133	840.937	567.803
134	914.161	603.776
135	915.806	596.27
136	918.219	589.269
137	921.397	582.773
138	925.343	576.782
139	930.055	571.295
140	935.533	566.313
141	941.777	561.836
142	50.3238	519.488
143	57.3254	517.542
144	64.348	515.721
145	71.3917	514.026
146	78.4565	512.458
147	85.5423	511.016
148	92.6492	509.7
149	99.7772	508.511
150	106.926	507.448
151	114.096	506.511
152	121.287	505.7
153	128.5	505.015
154	135.733	504.457
155	142.987	504.025
156	40.461	514.696
157	37.8799	507.803
158	35.6002	500.884
159	33.6217	493.939
160	31.9446	486.967
161	30.5687	479.968
162	29.4942	472.943
163	28.7209	465.891
164	28.249	458.813
165	28.0784	451.708
166	28.209	444.577
167	28.641	437.419
168	29.3742	430.234
169	30.4088	423.023
170	31.7446	415.786
171	155.671	508.821
172	161.235	513.532
173	166.955	517.851
174	172.831	521.78
175	178.862	525.318
176	185.05	528.464
177	191.393	531.22
178	197.893	533.585
179	204.548	535.559
180	211.359	537.142
181	218.326	538.334
182	225.449	539.135
183	232.728	539.545
184	147.825	497.037
185	145.566	490.32
186	143.487	483.567
187	141.587	476.778
188	139.866	469.955
189	138.325	463.095
190	136.963	456.201
191	135.78	449.271
192	134.777	442.305
193	133.953	435.304
194	133.308	428.268
195	132.843	421.196
196	247.742	541.322
197	255.195	542.631
198	262.524	543.49
199	269.726	543.9
200	276.804	543.861
201	283.756	543.373
202	290.582	542.435
203	297.283	541.048
204	303.859	539.212
205	310.309	536.927
206	316.634	534.192
207	322.833	531.009
208	328.907	527.376
209	334.856	523.293
210	340.679	518.762
211	346.376	513.781
212	358.935	510.401
213	365.717	512.754
214	372.295	515.412
215	378.67	518.372
216	384.84	521.637
217	390.807	525.205
218	396.569	529.076
219	402.128	533.251
220	407.483	537.73
221	412.633	542.512
222	417.58	547.598
223	422.323	552.987
224	349.122	501.316
225	346.648	494.256
226	344.528	487.169
227	342.762	480.057
228	341.349	472.919
229	340.29	465.754
230	339.584	458.564
231	339.231	451.348
232	339.232	444.106
233	339.587	436.837
234	340.295	429.543
235	341.356	422.223
236	342.771	414.877
237	433.757	558.788
238	440.651	558.915
239	447.544	559.061
240	454.437	559.226
241	461.329	559.41
242	468.221	559.613
243	475.111	559.835
244	482.001	560.077
245	488.89	560.337
246	495.779	560.616
247	502.666	560.914
248	509.553	561.232
249	516.44	561.568
250	523.325	561.924
251	530.21	562.298
252	537.094	562.692
253	710.37	555.598
254	717.544	552.889
255	724.71	550.52
256	731.866	548.491
257	739.014	546.801
258	746.154	545.452
259	753.284	544.444
260	760.406	543.775
261	767.519	543.446
262	774.624	543.458
263	781.72	543.809
264	788.807	544.501
265	795.885	545.532
266	802.955	546.904
267	810.016	548.616
268	817.069	550.668
269	824.112	553.06
270	831.147	555.793
271	838.174	558.865
272	852.19	564.145
273	859.175	565.703
274	866.147	566.953
275	873.107	567.893
276	880.053	568.526
277	886.985	568.849
278	893.905	568.863
279	900.812	568.569
280	907.705	567.966
281	914.585	567.054
282	921.452	565.834
283	928.306	564.304
284	935.147	562.466
285	941.974	560.319
286	946.421	551.173
287	944.011	544.499
288	941.559	537.843
289	939.065	531.204
290	936.529	524.582
291	933.95	517.978
292	931.329	511.392
293	928.667	504.823
294	925.962	498.271
295	923.214	491.737
296	920.425	485.22
297	917.593	478.72
298	914.72	472.238
299	911.804	465.773
300	908.846	459.326
301	905.845	452.896
302	38.9731	402.441
303	44.0326	396.239
304	48.5603	389.915
305	52.5562	383.469
306	56.0202	376.902
307	58.9524	370.212
308	61.3527	363.401
309	63.2213	356.467
310	64.558	349.412
311	65.3629	342.235
312	65.6359	334.936
313	65.3771	327.516
314	64.5865	319.973
315	63.2641	312.308
316	61.4098	304.522
317	212.584	442.652
318	218.168	438.431
319	223.669	434.128
320	229.089	429.745
321	234.426	425.282
322	239.68	420.738
323	244.853	416.113
324	249.943	411.408
325	254.95	406.622
326	259.876	401.755
327	264.719	396.808
328	269.479	391.78
329	274.158	386.672
330	278.754	381.483
331	283.267	376.213
332	287.699	370.863
333	292.048	365.432
334	296.314	359.921
335	300.498	354.329
336	304.6	348.656
337	350.537	412.439
338	356.653	416.852
339	362.889	420.745
340	369.243	424.117
341	375.717	426.969
342	382.31	429.3
343	389.022	431.11
344	395.854	432.4
345	402.804	433.169
346	409.874	433.418
347	417.063	433.145
348	424.371	432.353
349	431.798	431.039
350	342.638	400.873
351	340.464	394.394
352	338.017	388.066
353	335.297	381.89
354	332.305	375.865
355	329.039	369.992
356	325.501	364.271
357	321.69	358.702
358	317.606	353.284
359	313.249	348.018
360	494.831	444.887
361	494.814	437.821
362	495.025	430.801
363	495.464	423.827
364	496.132	416.898
365	497.027	410.014
366	498.151	403.176
367	499.503	396.383
368	501.084	389.635
369	502.892	382.933
370	504.929	376.277
371	507.194	369.666
372	509.687	363.1
373	512.408	356.58
374	654.69	408.82
375	660.294	413.061
376	666.058	416.988
377	671.983	420.601
378	678.068	423.899
379	684.313	426.882
380	690.718	429.551
381	697.284	431.906
382	704.009	433.946
383	717.825	436.872
384	724.76	438.023
385	731.702	439.124
386	738.649	440.174
387	745.603	441.175
388	752.562	442.126
389	759.527	443.026
390	766.498	443.877
391	773.475	444.678
392	780.458	445.428
393	787.447	446.129
394	794.442	446.78
395	801.443	447.38
396	808.449	447.931
397	815.462	448.432
398	703.173	433.611
399	695.71	431.265
400	688.506	428.633
401	681.561	425.716
402	674.874	422.513
403	668.447	419.025
404	662.278	415.251
405	656.369	411.192
406	650.718	406.847
407	645.326	402.217
408	640.193	397.302
409	635.319	392.101
410	630.704	386.614
411	626.348	380.842
412	622.251	374.785
413	618.412	368.442
414	614.833	361.814
415	611.513	354.9
416	608.451	347.701
417	717.7	432.892
418	724.399	429.982
419	730.991	426.944
420	737.477	423.776
421	743.857	420.479
422	750.131	417.053
423	756.299	413.497
424	762.36	409.813
425	768.315	405.999
426	774.164	402.056
427	779.907	397.984
428	785.543	393.783
429	791.073	389.452
430	796.497	384.993
431	801.815	380.404
432	807.027	375.686
433	812.132	370.839
434	817.132	365.862
435	822.025	360.757
436	826.811	355.522
437	831.492	350.158
438	836.066	344.665
439	840.534	339.043
440	844.896	333.291
441	849.152	327.411
442	853.301	321.401
443	55.7098	290.276
444	52.3458	283.968
445	48.9319	277.69
446	45.4679	271.443
447	41.9539	265.226
448	38.39	259.038
449	34.776	252.881
450	31.112	246.755
451	27.398	240.658
452	23.634	234.592
453	19.82	228.556
454	15.956	222.549
455	12.042	216.574
456	8.07803	210.628
457	4.06402	204.712
458	141.875	341.694
459	148.826	339.097
460	155.558	336.164
461	162.072	332.894
462	168.368	329.288
463	174.446	325.346
464	180.306	321.067
465	185.947	316.452
466	191.37	311.5
467	196.575	306.212
468	131.834	336.972
469	128.817	330.123
470	125.658	323.407
471	122.354	316.825
472	118.907	310.376
473	115.317	304.06
474	111.583	297.877
475	107.705	291.828
476	103.684	285.912
477	99.5191	280.129
478	95.2107	274.479
479	90.7587	268.963
480	86.1632	263.58
481	81.424	258.33
482	76.5413	253.214
483	71.515	248.231
484	66.3451	243.381
485	61.0316	238.664
486	55.5746	234.081
487	49.9739	229.63
488	44.2297	225.314
489	38.3419	221.13
490	32.3106	217.08
491	26.1356	213.163
492	19.8171	209.379
493	13.355	205.728
494	6.74927	202.211
495	207.364	295.078
496	212.61	289.344
497	217.298	283.383
498	221.43	277.196
499	225.006	270.783
500	228.024	264.144
501	230.486	257.279
502	232.391	250.189
503	233.739	242.872
504	234.531	235.329
505	234.766	227.561
506	315.795	345.82
507	322.948	348.385
508	330.081	350.599
509	337.192	352.462
510	344.282	353.973
511	351.351	355.134
512	358.399	355.943
513	365.426	356.401
514	372.431	356.508
515	379.416	356.264
516	386.379	355.668
517	393.321	354.722
518	400.242	353.424
519	407.142	351.775
520	414.02	349.775
521	420.878	347.423
522	427.714	344.72
523	434.53	341.667
524	441.324	338.262
525	312.909	337.391
526	317.205	331.883
527	321.508	326.382
528	325.817	320.886
529	330.134	315.395
530	334.458	309.91
531	338.788	304.431
532	343.126	298.957
533	347.471	293.488
534	351.822	288.026
535	356.18	282.568
536	360.546	277.117
537	364.918	271.67
538	369.297	266.23
539	373.684	260.795
540	378.077	255.365
541	382.477	249.941
542	386.884	244.523
543	391.298	239.11
544	519.619	343.75
545	523.54	337.336
546	527.123	330.863
547	530.367	324.33
548	533.271	317.738
549	535.836	311.086
550	538.062	304.375
551	539.949	297.604
552	541.497	290.774
553	542.705	283.884
554	543.575	276.935
555	544.105	269.926
556	544.296	262.858
557	544.148	255.73
558	543.661	248.543
559	542.835	241.296
560	541.669	233.99
561	540.165	226.624
562	611.538	335.648
563	617.539	331.445
564	623.65	327.604
565	629.871	324.127
566	636.203	321.013
567	642.644	318.263
568	649.197	315.876
569	655.859	313.852
570	662.633	312.192
571	669.516	310.895
572	676.51	309.961
573	683.614	309.391
574	690.828	309.184
575	698.153	309.341
576	604.377	332.999
577	602.885	325.906
578	601.173	318.935
579	599.24	312.086
580	597.086	305.361
581	594.712	298.758
582	592.118	292.277
583	589.303	285.92
584	586.267	279.685
585	583.011	273.573
586	579.534	267.583
587	575.837	261.716
588	571.92	255.972
589	567.781	250.351
590	563.423	244.852
591	558.843	239.476
592	554.044	234.223
593	549.023	229.092
594	543.782	224.084
595	611.13	334.945
596	616.08	329.484
597	620.498	323.834
598	624.383	317.993
599	627.736	311.962
600	630.557	305.742
601	632.845	299.331
602	634.601	292.73
603	635.825	285.94
604	636.517	278.959
605	636.676	271.788
606	636.304	264.427
607	712.616	306.462
608	719.632	303.41
609	726.635	300.705
610	733.625	298.348
611	740.604	296.337
612	747.569	294.674
613	754.523	293.357
614	761.464	292.388
615	768.393	291.766
616	775.31	291.49
617	782.214	291.562
618	789.106	291.981
619	795.985	292.748
620	802.852	293.861
621	809.707	295.321
622	816.549	297.128
623	823.38	299.283
624	830.197	301.784
625	837.003	304.633
626	843.796	307.829
627	850.576	311.372
628	704.062	302.107
629	703.227	294.55
630	703.084	287.191
631	703.633	280.03
632	704.874	273.067
633	706.807	266.302
634	709.433	259.734
635	712.75	253.364
636	716.76	247.192
637	721.462	241.218
638	861.926	320.356
639	866.581	325.378
640	871.311	330.326
641	876.115	335.201
642	880.994	340.002
643	885.947	344.73
644	855.921	307.349
645	854.09	299.737
646	851.85	292.426
647	849.203	285.416
648	846.147	278.706
649	842.684	272.297
650	838.812	266.188
651	834.533	260.38
652	829.845	254.873
653	824.749	249.667
654	819.246	244.761
655	813.334	240.155
656	807.014	235.851
657	800.287	231.847
658	888.708	342.071
659	886.817	334.807
660	885.302	327.593
661	884.161	320.43
662	883.395	313.317
663	883.004	306.254
664	882.989	299.241
665	883.348	292.279
666	884.083	285.367
667	885.192	278.504
668	886.677	271.693
669	888.537	264.931
670	890.772	258.22
671	893.381	251.558
672	896.366	244.947
673	899.726	238.386
674	903.461	231.876
675	96.8874	216.375
676	103.756	213.165
677	110.626	210.31
678	117.497	207.809
679	124.369	205.663
680	131.242	203.871
681	138.116	202.435
682	144.99	201.353
683	151.866	200.625
684	158.742	200.253
685	165.62	200.235
686	172.498	200.572
687	179.377	201.264
688	186.257	202.31
689	193.138	203.711
690	200.02	205.467
691	206.903	207.577
692	213.787	210.042
693	220.671	212.862
694	227.557	216.037
695	236.154	212.695
696	237.586	205.806
697	238.74	198.899
698	239.616	191.973
699	240.213	185.029
700	240.533	178.066
701	240.574	171.085
702	240.338	164.086
703	239.823	157.068
704	319.969	217.786
705	321.804	210.993
706	323.895	204.316
707	326.243	197.755
708	328.848	191.31
709	331.709	184.981
710	334.827	178.768
711	338.202	172.672
712	341.834	166.691
713	345.722	160.826
714	734.144	233.921
715	741.451	232.579
716	748.778	231.413
717	756.125	230.425
718	763.491	229.615
719	770.877	228.981
720	778.282	228.525
721	785.707	228.245
722	726.885	227.852
723	727.338	220.392
724	728.212	213.063
725	729.508	205.865
726	731.227	198.796
727	733.368	191.858
728	735.931	185.05
729	738.917	178.373
730	742.324	171.826
731	746.154	165.409
732	730.61	228.819
733	734.523	222.39
734	738.594	216.154
735	742.824	210.112
736	747.212	204.264
737	751.758	198.608
738	756.462	193.147
739	761.324	187.879
740	766.345	182.804
741	771.524	177.923
742	776.861	173.236
743	782.357	168.741
744	788.01	164.441
745	793.822	160.334
746	799.792	156.42
747	805.92	152.7
748	812.207	149.173
749	818.652	145.84
750	825.255	142.7
751	832.016	139.754
752	838.936	137.001
753	846.013	134.442
754	796.959	222.172
755	800.76	216.195
756	804.554	210.215
757	808.341	204.23
758	812.121	198.241
759	815.894	192.248
760	819.661	186.25
761	823.42	180.248
762	827.173	174.242
763	830.919	168.231
764	834.658	162.216
765	838.39	156.197
766	842.115	150.173
767	845.833	144.145
768	849.545	138.113
769	904.418	218.921
770	901.197	212.465
771	897.91	206.047
772	894.556	199.669
773	891.135	193.33
774	887.647	187.029
775	884.093	180.768
776	880.471	174.545
777	876.783	168.362
778	873.028	162.217
779	869.206	156.111
780	865.317	150.044
781	861.361	144.016
782	857.339	138.027
783	906.915	218.479
784	906.419	211.559
785	906.083	204.655
786	905.906	197.768
787	905.889	190.897
788	906.031	184.043
789	906.333	177.205
790	906.794	170.384
791	907.415	163.579
792	908.196	156.79
793	909.136	150.018
794	910.235	143.262
795	911.494	136.523
796	912.913	129.801
797	914.491	123.094
798	916.229	116.404
799	918.127	109.731
800	49.4519	122.009
801	48.6223	114.64
802	47.3168	107.493
803	45.5355	100.567
804	43.2782	93.8636
805	40.5451	87.382
806	37.3361	81.1224
807	33.6513	75.0847
808	29.4905	69.2689
809	24.8539	63.675
810	19.7414	58.3031
811	54.9708	124.453
812	59.958	119.205
813	64.7674	113.855
814	69.399	108.404
815	73.8526	102.852
816	78.1284	97.199
817	82.2263	91.4446
818	86.1463	85.589
819	89.8885	79.6321
820	93.4527	73.5741
821	96.8391	67.4149
822	100.048	61.1545
823	103.078	54.7928
824	105.931	48.33
825	108.606	41.766
826	111.103	35.1008
827	113.422	28.3343
828	115.563	21.4667
829	117.527	14.4979
830	97.9052	128.64
831	100.189	122.111
832	102.344	115.557
833	104.371	108.979
834	106.269	102.377
835	108.037	95.751
836	109.677	89.101
837	111.189	82.4271
838	112.571	75.7291
839	113.825	69.007
840	114.95	62.261
841	115.946	55.4909
842	116.813	48.6968
843	117.552	41.8787
844	118.161	35.0366
845	118.642	28.1705
846	118.994	21.2803
847	119.218	14.3661
848	416.814	155.703
849	423.745	155.347
850	430.675	154.978
851	437.604	154.595
852	444.532	154.199
853	451.459	153.789
854	458.385	153.365
855	465.311	152.928
856	472.235	152.478
857	479.159	152.014
858	486.082	151.537
859	493.004	151.046
860	499.925	150.542
861	506.845	150.024
862	513.764	149.493
863	520.682	148.949
864	527.6	148.39
865	529.891	141.945
866	525.506	135.968
867	521.363	129.89
868	517.461	123.709
869	513.799	117.426
870	510.379	111.04
871	507.2	104.553
872	504.261	97.9626
873	501.564	91.2704
874	499.108	84.4759
875	496.893	77.5792
876	494.919	70.5802
877	493.185	63.4789
878	491.693	56.2754
879	490.442	48.9697
880	650.969	143.004
881	654.582	136.888
882	658.216	130.787
883	661.871	124.699
884	665.548	118.624
885	669.245	112.563
886	672.964	106.516
887	676.704	100.483
888	680.465	94.4629
889	684.247	88.4566
890	688.051	82.464
891	691.876	76.4851
892	695.721	70.5198
893	699.588	64.5681
894	703.476	58.6301
895	707.385	52.7057
896	711.316	46.795
897	715.267	40.8979
898	719.24	35.0144
899	723.234	29.1446
900	727.249	23.2884
901	731.285	17.4458
902	735.342	11.6169
903	739.421	5.80163
904	756.474	154.321
905	762.654	149.948
906	768.947	146.003
907	775.353	142.487
908	781.871	139.399
909	788.502	136.739
910	795.246	134.508
911	802.102	132.705
912	809.071	131.33
913	816.152	130.384
914	823.346	129.866
915	830.653	129.776
916	838.073	130.114
917	845.605	130.881
918	747.396	152.321
919	744.632	145.509
920	742.115	138.687
921	739.844	131.854
922	737.82	125.01
923	736.042	118.156
924	734.511	111.291
925	733.226	104.415
926	732.187	97.5286
927	731.395	90.6316
928	730.849	83.7239
929	730.55	76.8056
930	730.497	69.8766
931	730.69	62.9369
932	731.13	55.9865
933	731.817	49.0255
934	732.749	42.0539
935	733.928	35.0716
936	735.354	28.0786
937	737.026	21.0749
938	738.944	14.0606
939	741.109	7.03564
940	749.62	151.283
941	749.154	143.549
942	749.01	135.923
943	749.187	128.402
944	749.684	120.988
945	750.503	113.68
946	751.642	106.479
947	753.102	99.3837
948	754.884	92.3949
949	756.986	85.5124
950	759.409	78.7362
951	762.153	72.0664
952	765.218	65.5029
953	768.604	59.0458
954	772.311	52.695
955	776.339	46.4505
956	780.687	40.3123
957	785.357	34.2805
958	790.348	28.355
959	848.154	126.988
960	843.282	121.782
961	838.632	116.458
962	834.206	111.017
963	830.003	105.46
964	826.023	99.7844
965	822.266	93.992
966	818.732	88.0823
967	815.421	82.0553
968	812.333	75.9111
969	809.468	69.6496
970	806.826	63.2708
971	804.407	56.7748
972	802.212	50.1615
973	800.239	43.431
974	798.489	36.5832
975	796.963	29.6181
976	857.711	126.867
977	862.232	121.72
978	866.813	116.636
979	871.454	111.616
980	876.155	106.658
981	880.916	101.763
982	885.737	96.9307
983	890.618	92.1616
984	895.559	87.4555
985	900.56	82.8123
986	905.621	78.232
987	910.741	73.7147
988	915.922	69.2603
989	921.163	64.8689
990	926.463	60.5404
991	931.824	56.2748
992	919.21	95.6599
993	919.124	88.5425
994	919.925	81.7219
995	921.614	75.1982
996	924.19	68.9714
997	927.654	63.0415
998	932.005	57.4084
