NOMBRE : MTLARP5_6_5_2.dat
VERTICES ORIGINALES : 27
VERTICES TOTALES : 327
DEPOTS : 5
23
24
25
26
27
LINEAS ORIGINALES : 20
LINE 1 6 174.566 15
	28 12.0374
	29 11.8686
	30 11.7239
	31 11.6042
	32 11.5102
	33 11.4427
	34 11.4019
	35 11.3883
	36 11.4019
	37 11.4427
	38 11.5102
	39 11.6042
	40 11.7239
	41 11.8686
	6 12.0374
LINE 2 6 178.392 16
	42 11.2019
	43 11.181
	44 11.163
	45 11.148
	46 11.136
	47 11.127
	48 11.121
	49 11.118
	50 11.118
	51 11.121
	52 11.127
	53 11.136
	54 11.148
	55 11.163
	56 11.181
	6 11.2019
LINE 3 6 224.167 19
	57 12.7058
	58 12.4138
	59 12.1503
	60 11.9173
	61 11.7164
	62 11.5495
	63 11.4181
	64 11.3232
	65 11.2659
	66 11.2467
	67 11.2659
	68 11.3232
	69 11.4181
	70 11.5495
	71 11.7164
	72 11.9173
	73 12.1503
	74 12.4138
	6 12.7058
LINE 3 8 265.269 24
	75 11.1733
	76 11.1421
	77 11.1136
	78 11.0879
	79 11.065
	80 11.0449
	81 11.0277
	82 11.0133
	83 11.0018
	84 10.9931
	85 10.9874
	86 10.9845
	87 10.9845
	88 10.9874
	89 10.9931
	90 11.0018
	91 11.0133
	92 11.0277
	93 11.0449
	94 11.065
	95 11.0879
	96 11.1136
	97 11.1421
	8 11.1733
LINE 4 5 129.535 11
	98 12.3905
	99 12.0289
	100 11.7399
	101 11.529
	102 11.4006
	103 11.3575
	104 11.4006
	105 11.529
	106 11.7399
	107 12.0289
	5 12.3905
LINE 6 11 220.543 19
	108 11.9437
	109 11.8332
	110 11.7347
	111 11.6488
	112 11.5755
	113 11.5152
	114 11.4681
	115 11.4344
	116 11.4141
	117 11.4073
	118 11.4141
	119 11.4344
	120 11.4681
	121 11.5152
	122 11.5755
	123 11.6488
	124 11.7347
	125 11.8332
	11 11.9437
LINE 7 8 111.711 10
	126 11.8075
	127 11.3916
	128 11.0694
	129 10.8493
	130 10.7375
	131 10.7375
	132 10.8493
	133 11.0694
	134 11.3916
	8 11.8075
LINE 7 11 242.848 22
	135 11.1586
	136 11.1245
	137 11.0937
	138 11.0662
	139 11.0421
	140 11.0215
	141 11.0042
	142 10.9904
	143 10.98
	144 10.9731
	145 10.9696
	146 10.9696
	147 10.9731
	148 10.98
	149 10.9904
	150 11.0042
	151 11.0215
	152 11.0421
	153 11.0662
	154 11.0937
	155 11.1245
	11 11.1586
LINE 8 14 216.077 19
	156 11.3728
	157 11.3727
	158 11.3726
	159 11.3725
	160 11.3725
	161 11.3724
	162 11.3724
	163 11.3723
	164 11.3723
	165 11.3723
	166 11.3723
	167 11.3723
	168 11.3724
	169 11.3724
	170 11.3725
	171 11.3725
	172 11.3726
	173 11.3727
	14 11.3728
LINE 9 10 236.23 21
	174 11.2491
	175 11.2491
	176 11.2491
	177 11.2491
	178 11.2491
	179 11.249
	180 11.249
	181 11.249
	182 11.249
	183 11.249
	184 11.249
	185 11.249
	186 11.249
	187 11.249
	188 11.249
	189 11.249
	190 11.2491
	191 11.2491
	192 11.2491
	193 11.2491
	10 11.2491
LINE 10 11 155.208 14
	194 11.0867
	195 11.0865
	196 11.0863
	197 11.0862
	198 11.0861
	199 11.0861
	200 11.086
	201 11.086
	202 11.0861
	203 11.0861
	204 11.0862
	205 11.0863
	206 11.0865
	11 11.0867
LINE 10 15 225.02 20
	207 11.4125
	208 11.3618
	209 11.3166
	210 11.2769
	211 11.2427
	212 11.2142
	213 11.1913
	214 11.1741
	215 11.1626
	216 11.1569
	217 11.1569
	218 11.1626
	219 11.1741
	220 11.1913
	221 11.2142
	222 11.2427
	223 11.2769
	224 11.3166
	225 11.3618
	15 11.4125
LINE 11 12 106.754 10
	226 10.7168
	227 10.6892
	228 10.6685
	229 10.6547
	230 10.6477
	231 10.6477
	232 10.6547
	233 10.6685
	234 10.6892
	12 10.7168
LINE 12 13 144.716 12
	235 13.0109
	236 12.5077
	237 12.0901
	238 11.7672
	239 11.5469
	240 11.4351
	241 11.4351
	242 11.5469
	243 11.7672
	244 12.0901
	245 12.5077
	13 13.0109
LINE 15 20 118.908 10
	246 12.5086
	247 12.1041
	248 11.7917
	249 11.5787
	250 11.4707
	251 11.4707
	252 11.5787
	253 11.7917
	254 12.1041
	20 12.5086
LINE 16 17 179.794 16
	255 11.783
	256 11.5693
	257 11.3829
	258 11.2252
	259 11.0974
	260 11.0006
	261 10.9356
	262 10.9029
	263 10.9029
	264 10.9356
	265 11.0006
	266 11.0974
	267 11.2252
	268 11.3829
	269 11.5693
	17 11.783
LINE 17 18 147.055 13
	270 11.5622
	271 11.4382
	272 11.3357
	273 11.2554
	274 11.1977
	275 11.1629
	276 11.1512
	277 11.1629
	278 11.1977
	279 11.2554
	280 11.3357
	281 11.4382
	18 11.5622
LINE 17 22 160.138 14
	282 11.5007
	283 11.472
	284 11.4481
	285 11.4289
	286 11.4145
	287 11.4048
	288 11.4
	289 11.4
	290 11.4048
	291 11.4145
	292 11.4289
	293 11.4481
	294 11.472
	22 11.5007
LINE 19 20 217.954 19
	295 11.4851
	296 11.4805
	297 11.4764
	298 11.4729
	299 11.4699
	300 11.4675
	301 11.4656
	302 11.4643
	303 11.4634
	304 11.4632
	305 11.4634
	306 11.4643
	307 11.4656
	308 11.4675
	309 11.4699
	310 11.4729
	311 11.4764
	312 11.4805
	20 11.4851
LINE 21 22 182.347 16
	313 12.2357
	314 11.9107
	315 11.625
	316 11.3813
	317 11.1826
	318 11.0312
	319 10.9292
	320 10.8778
	321 10.8778
	322 10.9292
	323 11.0312
	324 11.1826
	325 11.3813
	326 11.625
	327 11.9107
	22 12.2357
COORDENADAS :
1	130.669	434.52
2	236.204	447.411
3	298.263	431.416
4	48.5665	354.903
5	130.855	342.032
6	190.85	337.838
7	356.182	313.145
8	427.669	312.502
9	0	198.693
10	148.658	250.679
11	239.927	201.935
12	310.709	196.648
13	393.187	235.962
14	545.225	229.25
15	219.203	119.722
16	308.737	123.683
17	422.91	101.78
18	510.438	142.754
19	109.797	48.9618
20	254.96	52.2282
21	338.577	12.0978
22	453.905	0
23	147.374	91.9069
24	368.792	501.954
25	290.018	40.0102
26	306.351	91.9069
27	431.068	458.251
28	136.888	429.449
29	142.792	424.181
30	148.38	418.717
31	153.653	413.056
32	158.611	407.199
33	163.254	401.146
34	167.581	394.897
35	171.593	388.452
36	175.29	381.81
37	178.672	374.972
38	181.738	367.938
39	184.489	360.707
40	186.925	353.28
41	189.045	345.657
42	232.524	440.912
43	228.958	434.367
44	225.503	427.775
45	222.162	421.137
46	218.933	414.452
47	215.817	407.72
48	212.813	400.941
49	209.922	394.117
50	207.144	387.245
51	204.478	380.327
52	201.925	373.362
53	199.485	366.35
54	197.157	359.292
55	194.942	352.187
56	192.84	345.036
57	295.199	423.52
58	291.847	415.953
59	288.207	408.717
60	284.279	401.81
61	280.064	395.234
62	275.562	388.989
63	270.771	383.073
64	265.693	377.487
65	260.327	372.232
66	254.674	367.307
67	248.733	362.712
68	242.505	358.447
69	235.988	354.512
70	229.184	350.908
71	222.093	347.634
72	214.714	344.689
73	207.047	342.075
74	199.092	339.792
75	304.579	427.467
76	310.814	423.43
77	316.969	419.305
78	323.043	415.093
79	329.038	410.794
80	334.952	406.407
81	340.785	401.933
82	346.539	397.372
83	352.212	392.723
84	357.804	387.986
85	363.317	383.163
86	368.749	378.252
87	374.101	373.253
88	379.372	368.167
89	384.563	362.994
90	389.674	357.733
91	394.705	352.385
92	399.655	346.95
93	404.525	341.427
94	409.314	335.817
95	414.023	330.119
96	418.652	324.334
97	423.201	318.461
98	55.537	350.47
99	62.6095	346.69
100	69.7841	343.563
101	77.0607	341.088
102	84.4393	339.265
103	91.9201	338.095
104	99.5028	337.578
105	107.188	337.712
106	114.975	338.5
107	122.864	339.939
108	191.214	329.884
109	191.824	322.019
110	192.681	314.243
111	193.785	306.556
112	195.135	298.958
113	196.732	291.449
114	198.575	284.029
115	200.665	276.698
116	203.001	269.456
117	205.584	262.303
118	208.414	255.24
119	211.49	248.265
120	214.813	241.379
121	218.382	234.583
122	222.198	227.875
123	226.26	221.257
124	230.569	214.727
125	235.125	208.287
126	363.361	316.375
127	370.532	318.873
128	377.698	320.639
129	384.856	321.673
130	392.008	321.975
131	399.154	321.545
132	406.292	320.382
133	413.425	318.487
134	420.55	315.861
135	349.955	309.076
136	343.817	304.913
137	337.768	300.657
138	331.81	296.307
139	325.942	291.862
140	320.163	287.324
141	314.474	282.692
142	308.876	277.966
143	303.367	273.145
144	297.948	268.231
145	292.618	263.223
146	287.379	258.121
147	282.229	252.926
148	277.17	247.636
149	272.2	242.252
150	267.32	236.774
151	262.53	231.203
152	257.83	225.537
153	253.219	219.778
154	248.699	213.924
155	244.268	207.977
156	433.817	308.064
157	439.969	303.634
158	446.126	299.209
159	452.287	294.79
160	458.452	290.378
161	464.622	285.971
162	470.796	281.571
163	476.975	277.177
164	483.157	272.789
165	489.345	268.408
166	495.536	264.032
167	501.732	259.663
168	507.932	255.3
169	514.137	250.943
170	520.346	246.592
171	526.559	242.247
172	532.777	237.909
173	538.999	233.576
174	7.08804	201.142
175	14.1752	203.594
176	21.2614	206.049
177	28.3467	208.507
178	35.4311	210.967
179	42.5146	213.429
180	49.5972	215.894
181	56.6789	218.362
182	63.7597	220.833
183	70.8396	223.306
184	77.9186	225.781
185	84.9966	228.259
186	92.0738	230.74
187	99.1501	233.223
188	106.225	235.709
189	113.3	238.198
190	120.373	240.689
191	127.446	243.183
192	134.518	245.679
193	141.589	248.178
194	155.215	247.267
195	161.765	243.844
196	168.31	240.41
197	174.849	236.966
198	181.383	233.511
199	187.911	230.045
200	194.433	226.569
201	200.949	223.082
202	207.46	219.584
203	213.965	216.076
204	220.464	212.557
205	226.957	209.027
206	233.445	205.487
207	153.597	244.892
208	158.387	239.024
209	163.029	233.077
210	167.522	227.049
211	171.867	220.942
212	176.062	214.754
213	180.11	208.486
214	184.008	202.139
215	187.759	195.711
216	191.36	189.203
217	194.813	182.615
218	198.117	175.947
219	201.273	169.199
220	204.28	162.371
221	207.139	155.463
222	209.849	148.475
223	212.41	141.407
224	214.823	134.259
225	217.087	127.031
226	247.066	202.22
227	254.192	202.323
228	261.304	202.246
229	268.402	201.988
230	275.487	201.549
231	282.558	200.93
232	289.616	200.131
233	296.661	199.151
234	303.692	197.99
235	319.37	196.174
236	327.706	196.381
237	335.717	197.271
238	343.403	198.842
239	350.763	201.096
240	357.799	204.031
241	364.51	207.648
242	370.895	211.947
243	376.956	216.928
244	382.691	222.591
245	388.102	228.936
246	219.822	111.406
247	221.097	103.438
248	223.03	95.8184
249	225.62	88.5468
250	228.867	81.6233
251	232.772	75.048
252	237.333	68.8208
253	242.552	62.9417
254	248.428	57.4109
255	316.436	125.246
256	324.059	126.418
257	331.607	127.199
258	339.08	127.59
259	346.479	127.589
260	353.802	127.197
261	361.05	126.415
262	368.224	125.241
263	375.322	123.677
264	382.345	121.721
265	389.293	119.375
266	396.167	116.638
267	402.965	113.51
268	409.688	109.991
269	416.336	106.081
270	428.779	106.776
271	434.792	111.465
272	440.95	115.847
273	447.251	119.921
274	453.696	123.688
275	460.285	127.147
276	467.018	130.299
277	473.895	133.143
278	480.916	135.68
279	488.08	137.91
280	495.389	139.832
281	502.841	141.447
282	424.152	94.2138
283	425.545	86.6936
284	427.086	79.2188
285	428.777	71.7896
286	430.618	64.4059
287	432.607	57.0676
288	434.747	49.7749
289	437.035	42.5277
290	439.473	35.326
291	442.061	28.1698
292	444.798	21.0591
293	447.684	13.9939
294	450.72	6.97419
295	117.427	49.6062
296	125.057	50.1982
297	132.689	50.7377
298	140.322	51.2246
299	147.957	51.6591
300	155.592	52.041
301	163.229	52.3705
302	170.867	52.6474
303	178.506	52.8718
304	186.146	53.0437
305	193.787	53.1631
306	201.43	53.23
307	209.073	53.2444
308	216.718	53.2063
309	224.364	53.1157
310	232.012	52.9726
311	239.66	52.7769
312	247.31	52.5288
313	346.176	15.0645
314	353.722	17.5348
315	361.217	19.5087
316	368.659	20.9863
317	376.049	21.9675
318	383.387	22.4523
319	390.673	22.4407
320	397.907	21.9328
321	405.089	20.9285
322	412.219	19.4278
323	419.297	17.4308
324	426.323	14.9374
325	433.297	11.9476
326	440.218	8.46142
327	447.088	4.4789
