NOMBRE : MTLARP5_10_6_1.dat
VERTICES ORIGINALES : 44
VERTICES TOTALES : 510
DEPOTS : 6
39
40
41
42
43
44
LINEAS ORIGINALES : 31
LINE 1 9 204.421 19
	45 10.7774
	46 10.7713
	47 10.7659
	48 10.7612
	49 10.7572
	50 10.7539
	51 10.7514
	52 10.7496
	53 10.7485
	54 10.7481
	55 10.7485
	56 10.7496
	57 10.7514
	58 10.7539
	59 10.7572
	60 10.7612
	61 10.7659
	62 10.7713
	9 10.7774
LINE 2 3 171.536 16
	63 10.7922
	64 10.7638
	65 10.7394
	66 10.719
	67 10.7027
	68 10.6904
	69 10.6823
	70 10.6782
	71 10.6782
	72 10.6823
	73 10.6904
	74 10.7027
	75 10.719
	76 10.7394
	77 10.7638
	3 10.7922
LINE 3 4 53.6359 5
	78 11.2365
	79 10.4763
	80 10.2103
	81 10.4763
	4 11.2365
LINE 5 6 197.891 18
	82 11.1327
	83 11.084
	84 11.0412
	85 11.0044
	86 10.9737
	87 10.949
	88 10.9305
	89 10.9181
	90 10.9119
	91 10.9119
	92 10.9181
	93 10.9305
	94 10.949
	95 10.9737
	96 11.0044
	97 11.0412
	98 11.084
	6 11.1327
LINE 5 12 161.465 15
	99 10.7984
	100 10.7838
	101 10.7714
	102 10.7613
	103 10.7535
	104 10.7478
	105 10.7445
	106 10.7433
	107 10.7445
	108 10.7478
	109 10.7535
	110 10.7613
	111 10.7714
	112 10.7838
	12 10.7984
LINE 6 13 162.768 15
	113 11.5382
	114 11.2517
	115 11.0034
	116 10.796
	117 10.6319
	118 10.5132
	119 10.4412
	120 10.4172
	121 10.4412
	122 10.5132
	123 10.6319
	124 10.796
	125 11.0034
	126 11.2517
	13 11.5382
LINE 7 13 200.442 19
	127 10.5744
	128 10.5662
	129 10.5588
	130 10.5525
	131 10.5471
	132 10.5427
	133 10.5393
	134 10.5369
	135 10.5354
	136 10.5349
	137 10.5354
	138 10.5369
	139 10.5393
	140 10.5427
	141 10.5471
	142 10.5525
	143 10.5588
	144 10.5662
	13 10.5744
LINE 7 14 306.827 28
	145 11.5908
	146 11.4542
	147 11.3266
	148 11.2085
	149 11.0999
	150 11.0013
	151 10.913
	152 10.835
	153 10.7678
	154 10.7114
	155 10.6661
	156 10.632
	157 10.6092
	158 10.5978
	159 10.5978
	160 10.6092
	161 10.632
	162 10.6661
	163 10.7114
	164 10.7678
	165 10.835
	166 10.913
	167 11.0013
	168 11.0999
	169 11.2085
	170 11.3266
	171 11.4542
	14 11.5908
LINE 8 14 150.85 14
	172 10.865
	173 10.8236
	174 10.789
	175 10.7613
	176 10.7404
	177 10.7264
	178 10.7195
	179 10.7195
	180 10.7264
	181 10.7404
	182 10.7613
	183 10.789
	184 10.8236
	14 10.865
LINE 9 15 193.93 18
	185 10.8316
	186 10.8113
	187 10.7935
	188 10.7782
	189 10.7654
	190 10.7552
	191 10.7476
	192 10.7424
	193 10.7399
	194 10.7399
	195 10.7424
	196 10.7476
	197 10.7552
	198 10.7654
	199 10.7782
	200 10.7935
	201 10.8113
	15 10.8316
LINE 9 16 125.74 12
	202 10.4786
	203 10.4785
	204 10.4784
	205 10.4783
	206 10.4783
	207 10.4782
	208 10.4782
	209 10.4783
	210 10.4783
	211 10.4784
	212 10.4785
	16 10.4786
LINE 10 11 90.4917 8
	213 11.7462
	214 11.3777
	215 11.1252
	216 10.9968
	217 10.9968
	218 11.1252
	219 11.3777
	11 11.7462
LINE 11 20 184.799 17
	220 10.9822
	221 10.9405
	222 10.9043
	223 10.8735
	224 10.8483
	225 10.8286
	226 10.8145
	227 10.8061
	228 10.8033
	229 10.8061
	230 10.8145
	231 10.8286
	232 10.8483
	233 10.8735
	234 10.9043
	235 10.9405
	20 10.9822
LINE 13 22 187.126 17
	236 11.6936
	237 11.4434
	238 11.222
	239 11.0312
	240 10.8726
	241 10.7476
	242 10.6574
	243 10.603
	244 10.5848
	245 10.603
	246 10.6574
	247 10.7476
	248 10.8726
	249 11.0312
	250 11.222
	251 11.4434
	22 11.6936
LINE 13 23 170.67 16
	252 10.7174
	253 10.6972
	254 10.6799
	255 10.6655
	256 10.6539
	257 10.6452
	258 10.6394
	259 10.6365
	260 10.6365
	261 10.6394
	262 10.6452
	263 10.6539
	264 10.6655
	265 10.6799
	266 10.6972
	23 10.7174
LINE 15 25 197.388 17
	267 12.9844
	268 12.4956
	269 12.0559
	270 11.6709
	271 11.3462
	272 11.0871
	273 10.8982
	274 10.7833
	275 10.7448
	276 10.7833
	277 10.8982
	278 11.0871
	279 11.3462
	280 11.6709
	281 12.0559
	282 12.4956
	25 12.9844
LINE 17 18 82.7974 8
	283 10.6401
	284 10.3932
	285 10.2252
	286 10.1402
	287 10.1402
	288 10.2252
	289 10.3932
	18 10.6401
LINE 18 19 149.102 14
	290 10.9108
	291 10.7918
	292 10.6915
	293 10.6106
	294 10.5496
	295 10.5086
	296 10.4881
	297 10.4881
	298 10.5086
	299 10.5496
	300 10.6106
	301 10.6915
	302 10.7918
	19 10.9108
LINE 18 27 158.259 15
	303 10.8754
	304 10.738
	305 10.6204
	306 10.5233
	307 10.447
	308 10.3923
	309 10.3593
	310 10.3482
	311 10.3593
	312 10.3923
	313 10.447
	314 10.5233
	315 10.6204
	316 10.738
	27 10.8754
LINE 20 28 186.346 17
	317 11.2444
	318 11.1396
	319 11.0479
	320 10.9697
	321 10.9053
	322 10.855
	323 10.8189
	324 10.7972
	325 10.7899
	326 10.7972
	327 10.8189
	328 10.855
	329 10.9053
	330 10.9697
	331 11.0479
	332 11.1396
	28 11.2444
LINE 21 29 240.906 21
	333 12.7207
	334 12.3645
	335 12.0369
	336 11.7403
	337 11.477
	338 11.2493
	339 11.0596
	340 10.9098
	341 10.8015
	342 10.736
	343 10.7141
	344 10.736
	345 10.8015
	346 10.9098
	347 11.0596
	348 11.2493
	349 11.477
	350 11.7403
	351 12.0369
	352 12.3645
	29 12.7207
LINE 22 31 187.227 17
	353 12.0103
	354 11.6511
	355 11.3307
	356 11.0523
	357 10.8192
	358 10.6344
	359 10.5004
	360 10.4192
	361 10.3919
	362 10.4192
	363 10.5004
	364 10.6344
	365 10.8192
	366 11.0523
	367 11.3307
	368 11.6511
	31 12.0103
LINE 23 24 170.047 15
	369 12.2224
	370 11.8552
	371 11.5353
	372 11.2669
	373 11.0536
	374 10.8987
	375 10.8047
	376 10.7732
	377 10.8047
	378 10.8987
	379 11.0536
	380 11.2669
	381 11.5353
	382 11.8552
	24 12.2224
LINE 24 32 215.193 19
	383 12.5837
	384 12.1851
	385 11.8222
	386 11.4985
	387 11.2173
	388 10.9818
	389 10.7952
	390 10.6598
	391 10.5778
	392 10.5503
	393 10.5778
	394 10.6598
	395 10.7952
	396 10.9818
	397 11.2173
	398 11.4985
	399 11.8222
	400 12.1851
	32 12.5837
LINE 25 26 183.534 17
	401 10.9849
	402 10.9146
	403 10.8534
	404 10.8013
	405 10.7585
	406 10.7251
	407 10.7012
	408 10.6868
	409 10.682
	410 10.6868
	411 10.7012
	412 10.7251
	413 10.7585
	414 10.8013
	415 10.8534
	416 10.9146
	26 10.9849
LINE 27 28 235.395 22
	417 10.7182
	418 10.7129
	419 10.7082
	420 10.704
	421 10.7003
	422 10.6971
	423 10.6945
	424 10.6924
	425 10.6908
	426 10.6898
	427 10.6892
	428 10.6892
	429 10.6898
	430 10.6908
	431 10.6924
	432 10.6945
	433 10.6971
	434 10.7003
	435 10.704
	436 10.7082
	437 10.7129
	28 10.7182
LINE 28 29 155.893 15
	438 10.4519
	439 10.4267
	440 10.4052
	441 10.3877
	442 10.374
	443 10.3642
	444 10.3583
	445 10.3564
	446 10.3583
	447 10.3642
	448 10.374
	449 10.3877
	450 10.4052
	451 10.4267
	29 10.4519
LINE 30 31 221.287 21
	452 10.5471
	453 10.5442
	454 10.5416
	455 10.5394
	456 10.5374
	457 10.5357
	458 10.5343
	459 10.5332
	460 10.5325
	461 10.532
	462 10.5319
	463 10.532
	464 10.5325
	465 10.5332
	466 10.5343
	467 10.5357
	468 10.5374
	469 10.5394
	470 10.5416
	471 10.5442
	31 10.5471
LINE 33 34 164.912 15
	472 11.8053
	473 11.4684
	474 11.1755
	475 10.93
	476 10.7352
	477 10.5938
	478 10.5081
	479 10.4794
	480 10.5081
	481 10.5938
	482 10.7352
	483 10.93
	484 11.1755
	485 11.4684
	34 11.8053
LINE 35 36 193.483 18
	486 11.1757
	487 11.0278
	488 10.8968
	489 10.7832
	490 10.6877
	491 10.6106
	492 10.5524
	493 10.5134
	494 10.4939
	495 10.4939
	496 10.5134
	497 10.5524
	498 10.6106
	499 10.6877
	500 10.7832
	501 10.8968
	502 11.0278
	36 11.1757
LINE 37 38 97.5107 9
	503 11.4761
	504 11.004
	505 10.654
	506 10.4384
	507 10.3655
	508 10.4384
	509 10.654
	510 11.004
	38 11.4761
COORDENADAS :
1	127.099	428.455
2	261.575	395.315
3	368.887	433.474
4	402.799	430.585
5	612.848	452.405
6	743.136	439.425
7	813.113	452.344
8	907.896	401.087
9	51.2819	315.377
10	365.138	313.418
11	422.805	303.211
12	650.579	351.816
13	748.823	335.409
14	951.568	311.083
15	9.37635	193.506
16	103.534	249.829
17	258.947	208.133
18	307.355	232.117
19	400.261	201.357
20	531.079	246.048
21	647.293	231.433
22	704.435	223.963
23	813.399	242.128
24	919.588	223.961
25	115.533	133.843
26	236.544	137.4
27	310.477	128.682
28	466.676	142.096
29	563.999	106.689
30	622.779	105.877
31	768.926	125.413
32	869.124	100.218
33	143.025	0
34	229.904	58.5986
35	302.653	56.0158
36	419.564	9.30357
37	653.098	22.1427
38	713.401	37.3574
39	893.338	465.067
40	0	420.876
41	458.846	333.211
42	890.378	64.5264
43	809.9	355.322
44	256.386	80.7927
45	123.548	422.209
46	119.949	415.996
47	116.3	409.815
48	112.603	403.667
49	108.857	397.552
50	105.062	391.469
51	101.218	385.42
52	97.325	379.403
53	93.3835	373.418
54	89.3931	367.467
55	85.3539	361.548
56	81.2658	355.662
57	77.1289	349.809
58	72.9432	343.988
59	68.7086	338.201
60	64.4252	332.446
61	60.093	326.723
62	55.7119	321.034
63	267.931	398.685
64	274.335	401.923
65	280.785	405.031
66	287.282	408.006
67	293.826	410.851
68	300.416	413.564
69	307.053	416.146
70	313.737	418.597
71	320.467	420.916
72	327.244	423.104
73	334.068	425.16
74	340.938	427.086
75	347.855	428.88
76	354.819	430.542
77	361.83	432.074
78	375.935	436.012
79	382.85	436.993
80	389.632	436.415
81	396.282	434.279
82	620.232	453.151
83	627.599	453.723
84	634.949	454.123
85	642.282	454.351
86	649.598	454.406
87	656.896	454.289
88	664.177	453.999
89	671.441	453.536
90	678.688	452.901
91	685.918	452.094
92	693.13	451.114
93	700.325	449.962
94	707.504	448.637
95	714.664	447.14
96	721.808	445.47
97	728.935	443.627
98	736.044	441.613
99	616.043	445.954
100	619.141	439.467
101	622.142	432.943
102	625.046	426.383
103	627.852	419.786
104	630.562	413.153
105	633.175	406.483
106	635.69	399.777
107	638.108	393.035
108	640.429	386.256
109	642.654	379.441
110	644.781	372.589
111	646.811	365.701
112	648.743	358.777
113	740.213	432.31
114	737.761	425.221
115	735.782	418.158
116	734.274	411.12
117	733.237	404.108
118	732.673	397.122
119	732.58	390.162
120	732.959	383.228
121	733.81	376.319
122	735.133	369.436
123	736.927	362.579
124	739.194	355.748
125	741.932	348.943
126	745.141	342.163
127	809.195	446.482
128	805.337	440.589
129	801.539	434.663
130	797.799	428.704
131	794.119	422.712
132	790.498	416.688
133	786.937	410.632
134	783.434	404.542
135	779.992	398.421
136	776.608	392.266
137	773.283	386.079
138	770.018	379.859
139	766.813	373.607
140	763.666	367.322
141	760.579	361.005
142	757.551	354.655
143	754.582	348.272
144	751.673	341.857
145	815.821	445.107
146	818.695	438.032
147	821.735	431.12
148	824.941	424.37
149	828.312	417.783
150	831.849	411.357
151	835.551	405.095
152	839.419	398.994
153	843.453	393.056
154	847.652	387.281
155	852.017	381.667
156	856.548	376.216
157	861.244	370.928
158	866.106	365.802
159	871.134	360.838
160	876.327	356.036
161	881.686	351.397
162	887.211	346.92
163	892.901	342.606
164	898.757	338.454
165	904.779	334.464
166	910.966	330.637
167	917.319	326.972
168	923.837	323.47
169	930.522	320.129
170	937.372	316.952
171	944.387	313.936
172	912.082	395.176
173	916.103	389.185
174	919.961	383.114
175	923.655	376.964
176	927.184	370.734
177	930.55	364.425
178	933.751	358.035
179	936.789	351.567
180	939.662	345.018
181	942.371	338.391
182	944.917	331.683
183	947.298	324.896
184	949.515	318.029
185	48.0658	308.912
186	44.9541	302.411
187	41.9469	295.873
188	39.0441	289.3
189	36.2459	282.691
190	33.5521	276.047
191	30.9628	269.366
192	28.478	262.649
193	26.0977	255.896
194	23.8218	249.108
195	21.6505	242.283
196	19.5836	235.423
197	17.6212	228.526
198	15.7633	221.594
199	14.0098	214.626
200	12.3608	207.622
201	10.8164	200.582
202	55.5912	309.879
203	59.9087	304.387
204	64.2344	298.902
205	68.5682	293.423
206	72.9102	287.951
207	77.2604	282.486
208	81.6188	277.027
209	85.9854	271.574
210	90.3602	266.128
211	94.7431	260.689
212	99.1343	255.256
213	372.831	314.88
214	380.386	315.56
215	387.802	315.458
216	395.079	314.573
217	402.218	312.906
218	409.219	310.457
219	416.081	307.225
220	429.789	301.012
221	436.695	298.668
222	443.525	296.179
223	450.278	293.543
224	456.955	290.763
225	463.554	287.837
226	470.077	284.765
227	476.523	281.548
228	482.892	278.186
229	489.184	274.678
230	495.399	271.024
231	501.538	267.225
232	507.6	263.281
233	513.585	259.191
234	519.493	254.955
235	525.324	250.574
236	743.134	330.079
237	737.829	324.597
238	732.909	318.961
239	728.374	313.171
240	724.224	307.228
241	720.459	301.133
242	717.078	294.883
243	714.082	288.481
244	711.471	281.925
245	709.245	275.216
246	707.403	268.354
247	705.947	261.339
248	704.875	254.17
249	704.188	246.848
250	703.885	239.373
251	703.968	231.745
252	753.581	330.079
253	758.242	324.682
254	762.808	319.218
255	767.277	313.688
256	771.65	308.091
257	775.926	302.427
258	780.107	296.697
259	784.191	290.9
260	788.179	285.037
261	792.07	279.107
262	795.866	273.11
263	799.565	267.047
264	803.168	260.917
265	806.674	254.721
266	810.085	248.458
267	18.002	194.233
268	26.33	194.43
269	34.3604	194.098
270	42.0932	193.237
271	49.5283	191.846
272	56.6657	189.925
273	63.5055	187.475
274	70.0477	184.495
275	76.2922	180.985
276	82.2391	176.946
277	87.8883	172.377
278	93.2399	167.279
279	98.2938	161.651
280	103.05	155.493
281	107.509	148.806
282	111.67	141.59
283	264.034	213.076
284	269.397	217.464
285	275.035	221.295
286	280.948	224.571
287	287.137	227.291
288	293.601	229.456
289	300.341	231.064
290	314.624	231.829
291	321.795	231.247
292	328.868	230.372
293	335.845	229.202
294	342.724	227.74
295	349.506	225.983
296	356.191	223.933
297	362.778	221.589
298	369.268	218.951
299	375.661	216.019
300	381.957	212.794
301	388.156	209.275
302	394.257	205.463
303	305.335	225.154
304	303.632	218.201
305	302.248	211.257
306	301.183	204.323
307	300.436	197.398
308	300.007	190.484
309	299.897	183.578
310	300.105	176.683
311	300.631	169.797
312	301.476	162.92
313	302.639	156.053
314	304.121	149.196
315	305.921	142.348
316	308.04	135.51
317	529.084	238.822
318	526.865	231.735
319	524.422	224.787
320	521.754	217.977
321	518.863	211.307
322	515.747	204.775
323	512.407	198.383
324	508.842	192.129
325	505.054	186.014
326	501.041	180.038
327	496.805	174.201
328	492.344	168.503
329	487.659	162.944
330	482.749	157.523
331	477.616	152.242
332	472.258	147.099
333	647.129	222.955
334	646.584	214.73
335	645.66	206.758
336	644.355	199.041
337	642.669	191.578
338	640.604	184.368
339	638.159	177.412
340	635.333	170.711
341	632.127	164.263
342	628.541	158.069
343	624.574	152.128
344	620.228	146.442
345	615.501	141.01
346	610.394	135.831
347	604.907	130.906
348	599.039	126.235
349	592.792	121.818
350	586.164	117.655
351	579.156	113.746
352	571.768	110.09
353	711.587	220.364
354	718.32	216.49
355	724.633	212.341
356	730.525	207.918
357	735.998	203.22
358	741.052	198.247
359	745.685	193
360	749.898	187.478
361	753.692	181.681
362	757.065	175.609
363	760.019	169.262
364	762.553	162.641
365	764.668	155.745
366	766.362	148.574
367	767.636	141.129
368	768.491	133.408
369	819.829	237.123
370	826.352	232.661
371	832.968	228.74
372	839.676	225.361
373	846.477	222.524
374	853.371	220.229
375	860.358	218.476
376	867.437	217.265
377	874.609	216.596
378	881.874	216.469
379	889.231	216.883
380	896.681	217.84
381	904.224	219.338
382	911.86	221.378
383	921.166	215.721
384	922.273	207.674
385	922.91	199.818
386	923.077	192.154
387	922.773	184.682
388	921.999	177.402
389	920.754	170.314
390	919.039	163.417
391	916.853	156.713
392	914.197	150.2
393	911.071	143.879
394	907.474	137.75
395	903.407	131.813
396	898.869	126.067
397	893.861	120.514
398	888.382	115.152
399	882.434	109.982
400	876.014	105.004
401	122.601	135.759
402	129.676	137.462
403	136.756	138.952
404	143.843	140.228
405	150.936	141.291
406	158.036	142.14
407	165.141	142.776
408	172.253	143.199
409	179.372	143.408
410	186.496	143.404
411	193.627	143.186
412	200.764	142.755
413	207.908	142.111
414	215.057	141.253
415	222.213	140.182
416	229.375	138.898
417	317.532	129.815
418	324.591	130.898
419	331.655	131.931
420	338.722	132.915
421	345.795	133.848
422	352.871	134.732
423	359.952	135.566
424	367.037	136.35
425	374.126	137.085
426	381.22	137.769
427	388.317	138.404
428	395.42	138.988
429	402.526	139.523
430	409.637	140.009
431	416.752	140.444
432	423.871	140.829
433	430.994	141.165
434	438.122	141.451
435	445.254	141.687
436	452.391	141.873
437	459.531	142.009
438	472.843	138.852
439	479.056	135.734
440	485.314	132.743
441	491.619	129.877
442	497.969	127.138
443	504.366	124.525
444	510.808	122.039
445	517.296	119.678
446	523.83	117.444
447	530.41	115.336
448	537.036	113.354
449	543.708	111.498
450	550.426	109.769
451	557.19	108.166
452	629.789	106.432
453	636.793	107.025
454	643.793	107.656
455	650.787	108.323
456	657.777	109.029
457	664.761	109.772
458	671.74	110.552
459	678.715	111.37
460	685.684	112.225
461	692.649	113.118
462	699.608	114.048
463	706.562	115.016
464	713.512	116.021
465	720.456	117.064
466	727.395	118.144
467	734.329	119.262
468	741.259	120.417
469	748.183	121.61
470	755.102	122.84
471	762.016	124.108
472	150.843	0.902275
473	158.372	2.23374
474	165.612	3.99438
475	172.561	6.18421
476	179.222	8.80323
477	185.593	11.8514
478	191.674	15.3288
479	197.466	19.2354
480	202.968	23.5712
481	208.181	28.3361
482	213.105	33.5302
483	217.739	39.1535
484	222.083	45.206
485	226.138	51.6877
486	310.101	55.8044
487	317.436	55.3125
488	324.66	54.5401
489	331.771	53.4874
490	338.77	52.1542
491	345.657	50.5406
492	352.433	48.6466
493	359.096	46.4721
494	365.647	44.0172
495	372.086	41.2818
496	378.413	38.2661
497	384.628	34.9699
498	390.731	31.3932
499	396.721	27.5361
500	402.6	23.3987
501	408.367	18.9807
502	414.022	14.2824
503	658.995	27.0169
504	665.093	31.0952
505	671.392	34.3776
506	677.891	36.864
507	684.592	38.5546
508	691.493	39.4492
509	698.595	39.5478
510	705.898	38.8506
