NOMBRE : MTLARP7_9_6_1.dat
VERTICES ORIGINALES : 57
VERTICES TOTALES : 718
DEPOTS : 6
52
53
54
55
56
57
LINEAS ORIGINALES : 44
LINE 1 2 172.824 15
	58 12.2724
	59 11.9595
	60 11.6882
	61 11.4614
	62 11.2819
	63 11.1519
	64 11.0731
	65 11.0468
	66 11.0731
	67 11.1519
	68 11.2819
	69 11.4614
	70 11.6882
	71 11.9595
	2 12.2724
LINE 1 8 187.022 17
	72 11.0938
	73 11.0593
	74 11.0292
	75 11.0037
	76 10.9828
	77 10.9665
	78 10.9549
	79 10.9479
	80 10.9455
	81 10.9479
	82 10.9549
	83 10.9665
	84 10.9828
	85 11.0037
	86 11.0292
	87 11.0593
	8 11.0938
LINE 2 3 177.027 15
	88 13.382
	89 12.742
	90 12.1742
	91 11.6892
	92 11.2976
	93 11.0093
	94 10.8327
	95 10.7732
	96 10.8327
	97 11.0093
	98 11.2976
	99 11.6892
	100 12.1742
	101 12.742
	3 13.382
LINE 3 4 146.416 13
	102 11.4711
	103 11.3678
	104 11.2824
	105 11.2157
	106 11.1677
	107 11.1388
	108 11.1292
	109 11.1388
	110 11.1677
	111 11.2157
	112 11.2824
	113 11.3678
	4 11.4711
LINE 4 5 193.474 17
	114 12.4982
	115 12.097
	116 11.7383
	117 11.4259
	118 11.1638
	119 10.9556
	120 10.8045
	121 10.7128
	122 10.682
	123 10.7128
	124 10.8045
	125 10.9556
	126 11.1638
	127 11.4259
	128 11.7383
	129 12.097
	5 12.4982
LINE 4 10 186.883 17
	130 11.5299
	131 11.3329
	132 11.1595
	133 11.0105
	134 10.8872
	135 10.7903
	136 10.7205
	137 10.6784
	138 10.6644
	139 10.6784
	140 10.7205
	141 10.7903
	142 10.8872
	143 11.0105
	144 11.1595
	145 11.3329
	10 11.5299
LINE 5 6 119.943 10
	146 13.1524
	147 12.406
	148 11.8153
	149 11.4045
	150 11.1934
	151 11.1934
	152 11.4045
	153 11.8153
	154 12.406
	6 13.1524
LINE 5 11 213.867 19
	155 11.4665
	156 11.397
	157 11.3353
	158 11.2816
	159 11.2359
	160 11.1984
	161 11.1691
	162 11.1482
	163 11.1356
	164 11.1314
	165 11.1356
	166 11.1482
	167 11.1691
	168 11.1984
	169 11.2359
	170 11.2816
	171 11.3353
	172 11.397
	11 11.4665
LINE 7 13 136.857 12
	173 11.4053
	174 11.405
	175 11.4048
	176 11.4046
	177 11.4045
	178 11.4045
	179 11.4045
	180 11.4045
	181 11.4046
	182 11.4048
	183 11.405
	13 11.4053
LINE 9 16 232.352 21
	184 11.0645
	185 11.0645
	186 11.0644
	187 11.0644
	188 11.0644
	189 11.0644
	190 11.0644
	191 11.0644
	192 11.0644
	193 11.0644
	194 11.0643
	195 11.0644
	196 11.0644
	197 11.0644
	198 11.0644
	199 11.0644
	200 11.0644
	201 11.0644
	202 11.0644
	203 11.0645
	16 11.0645
LINE 10 17 268.095 24
	204 11.1714
	205 11.1712
	206 11.171
	207 11.1708
	208 11.1707
	209 11.1706
	210 11.1704
	211 11.1703
	212 11.1703
	213 11.1702
	214 11.1702
	215 11.1702
	216 11.1702
	217 11.1702
	218 11.1702
	219 11.1703
	220 11.1703
	221 11.1704
	222 11.1706
	223 11.1707
	224 11.1708
	225 11.171
	226 11.1712
	17 11.1714
LINE 10 18 158.465 14
	227 11.5856
	228 11.4638
	229 11.3612
	230 11.2785
	231 11.216
	232 11.1742
	233 11.1532
	234 11.1532
	235 11.1742
	236 11.216
	237 11.2785
	238 11.3612
	239 11.4638
	18 11.5856
LINE 12 13 157.942 14
	240 11.3672
	241 11.3278
	242 11.2949
	243 11.2685
	244 11.2486
	245 11.2354
	246 11.2287
	247 11.2287
	248 11.2354
	249 11.2486
	250 11.2685
	251 11.2949
	252 11.3278
	13 11.3672
LINE 13 22 209.253 17
	253 14.0203
	254 13.4165
	255 12.8703
	256 12.3894
	257 11.9815
	258 11.6544
	259 11.415
	260 11.2689
	261 11.2198
	262 11.2689
	263 11.415
	264 11.6544
	265 11.9815
	266 12.3894
	267 12.8703
	268 13.4165
	22 14.0203
LINE 14 23 310.235 26
	269 13.2182
	270 12.9253
	271 12.6508
	272 12.396
	273 12.1621
	274 11.9504
	275 11.762
	276 11.5981
	277 11.4597
	278 11.3477
	279 11.2631
	280 11.2063
	281 11.1778
	282 11.1778
	283 11.2063
	284 11.2631
	285 11.3477
	286 11.4597
	287 11.5981
	288 11.762
	289 11.9504
	290 12.1621
	291 12.396
	292 12.6508
	293 12.9253
	23 13.2182
LINE 15 23 163.212 14
	294 12.5905
	295 12.1742
	296 11.8161
	297 11.5216
	298 11.2957
	299 11.1425
	300 11.0652
	301 11.0652
	302 11.1425
	303 11.2957
	304 11.5216
	305 11.8161
	306 12.1742
	23 12.5905
LINE 17 18 198.033 18
	307 11.4538
	308 11.2972
	309 11.1585
	310 11.0382
	311 10.9369
	312 10.8552
	313 10.7935
	314 10.7521
	315 10.7314
	316 10.7314
	317 10.7521
	318 10.7935
	319 10.8552
	320 10.9369
	321 11.0382
	322 11.1585
	323 11.2972
	18 11.4538
LINE 18 25 210.015 19
	324 11.1666
	325 11.129
	326 11.0958
	327 11.067
	328 11.0425
	329 11.0224
	330 11.0068
	331 10.9956
	332 10.9889
	333 10.9866
	334 10.9889
	335 10.9956
	336 11.0068
	337 11.0224
	338 11.0425
	339 11.067
	340 11.0958
	341 11.129
	25 11.1666
LINE 19 27 153.539 14
	342 10.9901
	343 10.9795
	344 10.9706
	345 10.9636
	346 10.9582
	347 10.9547
	348 10.9529
	349 10.9529
	350 10.9547
	351 10.9582
	352 10.9636
	353 10.9706
	354 10.9795
	27 10.9901
LINE 20 21 186.603 16
	355 13.0829
	356 12.5439
	357 12.0629
	358 11.6468
	359 11.3029
	360 11.0379
	361 10.8577
	362 10.7665
	363 10.7665
	364 10.8577
	365 11.0379
	366 11.3029
	367 11.6468
	368 12.0629
	369 12.5439
	21 13.0829
LINE 21 22 144.873 13
	370 11.8578
	371 11.5101
	372 11.2176
	373 10.9847
	374 10.8152
	375 10.7123
	376 10.6777
	377 10.7123
	378 10.8152
	379 10.9847
	380 11.2176
	381 11.5101
	22 11.8578
LINE 22 28 171.29 15
	382 12.3707
	383 11.9772
	384 11.6339
	385 11.3453
	386 11.1156
	387 10.9486
	388 10.8472
	389 10.8131
	390 10.8472
	391 10.9486
	392 11.1156
	393 11.3453
	394 11.6339
	395 11.9772
	28 12.3707
LINE 24 25 185.597 16
	396 13.0514
	397 12.5013
	398 12.0098
	399 11.5843
	400 11.2323
	401 10.9608
	402 10.7761
	403 10.6825
	404 10.6825
	405 10.7761
	406 10.9608
	407 11.2323
	408 11.5843
	409 12.0098
	410 12.5013
	25 13.0514
LINE 25 26 91.3197 8
	411 12.6029
	412 11.6151
	413 10.9069
	414 10.535
	415 10.535
	416 10.9069
	417 11.6151
	26 12.6029
LINE 26 31 174.7 15
	418 13.0005
	419 12.4482
	420 11.961
	421 11.547
	422 11.2145
	423 10.9709
	424 10.822
	425 10.772
	426 10.822
	427 10.9709
	428 11.2145
	429 11.547
	430 11.961
	431 12.4482
	31 13.0005
LINE 28 36 191.366 17
	432 12.2222
	433 11.8737
	434 11.5632
	435 11.2938
	436 11.0685
	437 10.8901
	438 10.7608
	439 10.6825
	440 10.6562
	441 10.6825
	442 10.7608
	443 10.8901
	444 11.0685
	445 11.2938
	446 11.5632
	447 11.8737
	36 12.2222
LINE 29 37 214.992 18
	448 13.0856
	449 12.6997
	450 12.3521
	451 12.0462
	452 11.7852
	453 11.5722
	454 11.4098
	455 11.3002
	456 11.245
	457 11.245
	458 11.3002
	459 11.4098
	460 11.5722
	461 11.7852
	462 12.0462
	463 12.3521
	464 12.6997
	37 13.0856
LINE 30 38 213.209 19
	465 11.6041
	466 11.4786
	467 11.3667
	468 11.2688
	469 11.1853
	470 11.1165
	471 11.0627
	472 11.0242
	473 11.0009
	474 10.9932
	475 11.0009
	476 11.0242
	477 11.0627
	478 11.1165
	479 11.1853
	480 11.2688
	481 11.3667
	482 11.4786
	38 11.6041
LINE 32 33 252.906 21
	483 13.9428
	484 13.4127
	485 12.9199
	486 12.469
	487 12.0645
	488 11.7114
	489 11.4144
	490 11.1779
	491 11.0058
	492 10.9013
	493 10.8662
	494 10.9013
	495 11.0058
	496 11.1779
	497 11.4144
	498 11.7114
	499 12.0645
	500 12.469
	501 12.9199
	502 13.4127
	33 13.9428
LINE 33 40 234.818 21
	503 11.5869
	504 11.4675
	505 11.3595
	506 11.2634
	507 11.1795
	508 11.108
	509 11.0491
	510 11.0031
	511 10.9701
	512 10.9503
	513 10.9436
	514 10.9503
	515 10.9701
	516 11.0031
	517 11.0491
	518 11.108
	519 11.1795
	520 11.2634
	521 11.3595
	522 11.4675
	40 11.5869
LINE 34 41 227.546 20
	523 11.996
	524 11.8056
	525 11.6336
	526 11.4811
	527 11.3487
	528 11.2372
	529 11.1472
	530 11.0792
	531 11.0337
	532 11.0108
	533 11.0108
	534 11.0337
	535 11.0792
	536 11.1472
	537 11.2372
	538 11.3487
	539 11.4811
	540 11.6336
	541 11.8056
	41 11.996
LINE 35 43 299.381 26
	542 12.5834
	543 12.3383
	544 12.1092
	545 11.8971
	546 11.703
	547 11.5276
	548 11.372
	549 11.2369
	550 11.1231
	551 11.0311
	552 10.9617
	553 10.9151
	554 10.8918
	555 10.8918
	556 10.9151
	557 10.9617
	558 11.0311
	559 11.1231
	560 11.2369
	561 11.372
	562 11.5276
	563 11.703
	564 11.8971
	565 12.1092
	566 12.3383
	43 12.5834
LINE 37 38 111.648 10
	567 11.3371
	568 11.2228
	569 11.1364
	570 11.0783
	571 11.0492
	572 11.0492
	573 11.0783
	574 11.1364
	575 11.2228
	38 11.3371
LINE 37 44 140.824 13
	576 10.9622
	577 10.8977
	578 10.8447
	579 10.8033
	580 10.7736
	581 10.7557
	582 10.7498
	583 10.7557
	584 10.7736
	585 10.8033
	586 10.8447
	587 10.8977
	44 10.9622
LINE 38 46 243.917 21
	588 12.3465
	589 12.1335
	590 11.9398
	591 11.7661
	592 11.6135
	593 11.4828
	594 11.3748
	595 11.29
	596 11.2291
	597 11.1924
	598 11.1801
	599 11.1924
	600 11.2291
	601 11.29
	602 11.3748
	603 11.4828
	604 11.6135
	605 11.7661
	606 11.9398
	607 12.1335
	46 12.3465
LINE 39 46 226.742 21
	608 10.8035
	609 10.8016
	610 10.7999
	611 10.7984
	612 10.7971
	613 10.7961
	614 10.7952
	615 10.7945
	616 10.794
	617 10.7937
	618 10.7936
	619 10.7937
	620 10.794
	621 10.7945
	622 10.7952
	623 10.7961
	624 10.7971
	625 10.7984
	626 10.7999
	627 10.8016
	46 10.8035
LINE 40 41 110.403 10
	628 11.6013
	629 11.2339
	630 10.9503
	631 10.7571
	632 10.6592
	633 10.6592
	634 10.7571
	635 10.9503
	636 11.2339
	41 11.6013
LINE 40 49 82.7386 7
	637 12.6621
	638 11.8344
	639 11.3088
	640 11.128
	641 11.3088
	642 11.8344
	49 12.6621
LINE 41 42 137.617 13
	643 10.6539
	644 10.62
	645 10.5922
	646 10.5705
	647 10.555
	648 10.5457
	649 10.5425
	650 10.5457
	651 10.555
	652 10.5705
	653 10.5922
	654 10.62
	42 10.6539
LINE 41 50 141.238 12
	655 12.7249
	656 12.2202
	657 11.8008
	658 11.4762
	659 11.2547
	660 11.1422
	661 11.1422
	662 11.2547
	663 11.4762
	664 11.8008
	665 12.2202
	50 12.7249
LINE 43 51 211.407 18
	666 13.2591
	667 12.7545
	668 12.2961
	669 11.889
	670 11.5389
	671 11.2509
	672 11.03
	673 10.8803
	674 10.8046
	675 10.8046
	676 10.8803
	677 11.03
	678 11.2509
	679 11.5389
	680 11.889
	681 12.2961
	682 12.7545
	51 13.2591
LINE 44 45 134.741 12
	683 11.2678
	684 11.2463
	685 11.2291
	686 11.2162
	687 11.2076
	688 11.2033
	689 11.2033
	690 11.2076
	691 11.2162
	692 11.2291
	693 11.2463
	45 11.2678
LINE 46 47 145.115 13
	694 11.1807
	695 11.1717
	696 11.1644
	697 11.1586
	698 11.1545
	699 11.1521
	700 11.1512
	701 11.1521
	702 11.1545
	703 11.1586
	704 11.1644
	705 11.1717
	47 11.1807
LINE 47 48 151.784 14
	706 11.1192
	707 10.9925
	708 10.8858
	709 10.7996
	710 10.7346
	711 10.691
	712 10.6691
	713 10.6691
	714 10.691
	715 10.7346
	716 10.7996
	717 10.8858
	718 10.9925
	48 11.1192
COORDENADAS :
1	101.782	621.664
2	210.746	639.829
3	316.934	621.662
4	412.88	631.545
5	533.89	635.101
6	607.823	626.383
7	864.023	639.797
8	61.3459	504.39
9	120.126	503.578
10	466.272	523.115
11	566.471	497.919
12	740.372	497.701
13	827.251	556.3
14	0	453.717
15	116.911	407.005
16	250.444	419.844
17	310.748	435.059
18	438.9	422.707
19	529.254	432.942
20	641.04	450.929
21	754.625	434.828
22	847.073	430.696
23	122.869	303.993
24	248.263	329.953
25	359.966	308.094
26	409.836	333.424
27	545.505	332.017
28	821.201	325.706
29	2.2367	242.946
30	139.453	234.52
31	344.988	247.411
32	407.048	231.416
33	557.351	254.903
34	639.639	242.032
35	699.635	237.838
36	864.967	213.145
37	36.4537	112.502
38	108.784	98.6926
39	257.443	150.679
40	548.712	101.935
41	619.494	96.6482
42	701.972	135.962
43	854.01	129.25
44	27.9876	19.7223
45	117.522	23.683
46	231.694	1.77953
47	319.222	42.7537
48	418.581	48.9618
49	563.745	52.2282
50	647.362	12.0978
51	862.69	0
52	31.1763	591.721
53	640.909	652.755
54	642.282	546.752
55	485.31	278.882
56	156.205	405.778
57	315.731	92.3617
58	108.46	626.391
59	115.222	630.615
60	122.067	634.337
61	128.997	637.557
62	136.01	640.275
63	143.107	642.49
64	150.287	644.204
65	157.551	645.415
66	164.899	646.123
67	172.331	646.33
68	179.847	646.034
69	187.446	645.236
70	195.129	643.936
71	202.895	642.134
72	98.2637	615.159
73	94.8882	608.604
74	91.655	602
75	88.5643	595.347
76	85.6161	588.645
77	82.8102	581.894
78	80.1468	575.094
79	77.6258	568.244
80	75.2472	561.346
81	73.0111	554.398
82	70.9173	547.401
83	68.966	540.356
84	67.1572	533.261
85	65.4907	526.117
86	63.9667	518.924
87	62.5851	511.681
88	216.932	633.402
89	223.247	627.719
90	229.689	622.782
91	236.258	618.59
92	242.955	615.143
93	249.779	612.442
94	256.731	610.486
95	263.81	609.274
96	271.017	608.808
97	278.351	609.088
98	285.813	610.112
99	293.402	611.882
100	301.119	614.397
101	308.963	617.657
102	324.125	624.266
103	331.347	626.562
104	338.601	628.552
105	345.886	630.234
106	353.203	631.608
107	360.552	632.676
108	367.933	633.436
109	375.345	633.889
110	382.788	634.035
111	390.264	633.873
112	397.771	633.404
113	405.309	632.628
114	420.125	627.43
115	427.355	623.856
116	434.568	620.822
117	441.766	618.329
118	448.948	616.376
119	456.114	614.964
120	463.264	614.093
121	470.398	613.761
122	477.516	613.971
123	484.618	614.72
124	491.705	616.01
125	498.775	617.841
126	505.83	620.212
127	512.869	623.124
128	519.892	626.576
129	526.899	630.568
130	413.399	623.876
131	414.246	616.368
132	415.421	609.022
133	416.923	601.837
134	418.753	594.813
135	420.911	587.951
136	423.397	581.25
137	426.21	574.71
138	429.35	568.332
139	432.819	562.115
140	436.615	556.06
141	440.739	550.165
142	445.19	544.433
143	449.969	538.861
144	455.076	533.451
145	460.51	528.202
146	541.826	638.83
147	549.641	641.537
148	557.336	643.221
149	564.91	643.883
150	572.364	643.522
151	579.697	642.139
152	586.909	639.734
153	594.001	636.306
154	600.972	631.856
155	537.39	628.305
156	540.691	621.462
157	543.794	614.571
158	546.698	607.634
159	549.405	600.649
160	551.913	593.618
161	554.222	586.539
162	556.334	579.413
163	558.247	572.24
164	559.961	565.02
165	561.478	557.752
166	562.796	550.438
167	563.916	543.077
168	564.838	535.668
169	565.561	528.213
170	566.086	520.71
171	566.412	513.16
172	566.541	505.563
173	861.042	632.802
174	858.047	625.813
175	855.036	618.832
176	852.01	611.857
177	848.969	604.889
178	845.912	597.927
179	842.84	590.972
180	839.753	584.024
181	836.65	577.083
182	833.532	570.149
183	830.399	563.221
184	126.312	499.561
185	132.5	495.546
186	138.69	491.534
187	144.882	487.525
188	151.076	483.52
189	157.272	479.517
190	163.47	475.518
191	169.669	471.521
192	175.871	467.528
193	182.075	463.537
194	188.28	459.55
195	194.488	455.566
196	200.698	451.585
197	206.909	447.606
198	213.123	443.631
199	219.338	439.659
200	225.555	435.69
201	231.775	431.724
202	237.996	427.761
203	244.219	423.801
204	459.737	519.543
205	453.206	515.963
206	446.681	512.375
207	440.16	508.777
208	433.643	505.172
209	427.132	501.558
210	420.626	497.936
211	414.124	494.305
212	407.627	490.665
213	401.135	487.018
214	394.647	483.361
215	388.165	479.697
216	381.687	476.023
217	375.214	472.342
218	368.746	468.651
219	362.282	464.953
220	355.824	461.246
221	349.37	457.53
222	342.921	453.806
223	336.477	450.074
224	330.037	446.333
225	323.603	442.583
226	317.173	438.825
227	462.294	516.494
228	458.627	509.789
229	455.272	502.999
230	452.227	496.124
231	449.494	489.164
232	447.072	482.119
233	444.961	474.989
234	443.162	467.775
235	441.673	460.476
236	440.496	453.091
237	439.63	445.623
238	439.076	438.069
239	438.832	430.43
240	745.916	502.867
241	751.562	507.883
242	757.31	512.747
243	763.159	517.461
244	769.111	522.024
245	775.164	526.435
246	781.318	530.697
247	787.575	534.807
248	793.933	538.766
249	800.393	542.575
250	806.955	546.232
251	813.618	549.739
252	820.384	553.095
253	822.88	548.038
254	819.202	539.885
255	816.216	531.841
256	813.921	523.906
257	812.319	516.081
258	811.409	508.365
259	811.191	500.758
260	811.665	493.26
261	812.831	485.872
262	814.689	478.593
263	817.239	471.423
264	820.481	464.362
265	824.416	457.41
266	829.042	450.568
267	834.36	443.835
268	840.371	437.211
269	1.08681	444.972
270	2.46473	436.466
271	4.13377	428.199
272	6.09392	420.171
273	8.34518	412.382
274	10.8876	404.831
275	13.7211	397.52
276	16.8457	390.447
277	20.2614	383.614
278	23.9682	377.019
279	27.9662	370.663
280	32.2552	364.546
281	36.8354	358.668
282	41.7067	353.029
283	46.8691	347.629
284	52.3226	342.467
285	58.0672	337.545
286	64.103	332.861
287	70.4298	328.416
288	77.0478	324.211
289	83.9569	320.244
290	91.1571	316.516
291	98.6484	313.027
292	106.431	309.776
293	114.504	306.765
294	121.346	399.879
295	125.165	392.717
296	128.366	385.52
297	130.951	378.286
298	132.919	371.018
299	134.27	363.713
300	135.004	356.373
301	135.121	348.997
302	134.621	341.586
303	133.505	334.138
304	131.771	326.656
305	129.421	319.137
306	126.453	311.583
307	318.124	437.034
308	325.47	438.695
309	332.785	440.044
310	340.071	441.08
311	347.326	441.802
312	354.551	442.212
313	361.746	442.308
314	368.911	442.092
315	376.046	441.562
316	383.15	440.719
317	390.225	439.563
318	397.269	438.095
319	404.283	436.313
320	411.266	434.218
321	418.22	431.809
322	425.143	429.088
323	432.037	426.054
324	435.842	415.919
325	432.662	409.216
326	429.36	402.597
327	425.936	396.061
328	422.391	389.609
329	418.724	383.242
330	414.935	376.958
331	411.024	370.758
332	406.991	364.642
333	402.837	358.609
334	398.561	352.661
335	394.163	346.797
336	389.643	341.016
337	385.001	335.319
338	380.238	329.707
339	375.352	324.178
340	370.345	318.733
341	365.216	313.372
342	531.012	425.829
343	532.678	418.701
344	534.252	411.559
345	535.734	404.402
346	537.124	397.23
347	538.422	390.043
348	539.629	382.841
349	540.744	375.625
350	541.767	368.394
351	542.698	361.148
352	543.538	353.887
353	544.285	346.612
354	544.941	339.322
355	648.836	454.84
356	656.54	458.095
357	664.15	460.695
358	671.667	462.638
359	679.091	463.927
360	686.423	464.559
361	693.661	464.536
362	700.807	463.858
363	707.859	462.524
364	714.819	460.534
365	721.686	457.889
366	728.459	454.588
367	735.14	450.631
368	741.728	446.019
369	748.223	440.751
370	761.583	431.076
371	768.566	427.896
372	775.576	425.288
373	782.61	423.253
374	789.67	421.791
375	796.756	420.9
376	803.868	420.583
377	811.005	420.837
378	818.167	421.664
379	825.355	423.064
380	832.569	425.035
381	839.808	427.58
382	849.238	422.739
383	850.847	414.918
384	851.901	407.234
385	852.399	399.686
386	852.341	392.276
387	851.728	385.003
388	850.558	377.867
389	848.834	370.867
390	846.553	364.005
391	843.717	357.279
392	840.325	350.691
393	836.377	344.239
394	831.874	337.925
395	826.815	331.747
396	256.207	333.504
397	264.022	336.399
398	271.709	338.638
399	279.268	340.222
400	286.698	341.15
401	294	341.423
402	301.174	341.04
403	308.22	340.002
404	315.137	338.308
405	321.926	335.958
406	328.587	332.953
407	335.119	329.293
408	341.523	324.976
409	347.799	320.005
410	353.947	314.377
411	368.309	307.107
412	376.05	307.306
413	383.188	308.692
414	389.723	311.265
415	395.656	315.024
416	400.985	319.971
417	405.712	326.104
418	409.387	324.769
419	408.385	316.531
420	406.829	308.71
421	404.72	301.307
422	402.058	294.321
423	398.841	287.752
424	395.072	281.6
425	390.749	275.866
426	385.872	270.549
427	380.442	265.649
428	374.458	261.167
429	367.921	257.102
430	360.83	253.454
431	353.186	250.224
432	820.056	317.639
433	819.376	309.752
434	819.161	302.046
435	819.411	294.521
436	820.126	287.177
437	821.306	280.013
438	822.951	273.031
439	825.06	266.229
440	827.635	259.607
441	830.674	253.167
442	834.179	246.907
443	838.148	240.828
444	842.582	234.93
445	847.481	229.212
446	852.845	223.676
447	858.673	218.32
448	8.46048	236.833
449	14.1757	230.587
450	19.3823	224.207
451	24.0804	217.694
452	28.2699	211.047
453	31.9508	204.267
454	35.1232	197.354
455	37.787	190.307
456	39.9422	183.127
457	41.5889	175.813
458	42.727	168.366
459	43.3565	160.786
460	43.4775	153.072
461	43.0899	145.225
462	42.1937	137.244
463	40.7889	129.13
464	38.8756	120.882
465	135.423	227.917
466	131.661	221.253
467	128.167	214.529
468	124.942	207.744
469	121.986	200.898
470	119.298	193.992
471	116.878	187.025
472	114.727	179.997
473	112.845	172.909
474	111.231	165.76
475	109.885	158.55
476	108.808	151.28
477	107.999	143.95
478	107.459	136.558
479	107.187	129.106
480	107.184	121.594
481	107.449	114.021
482	107.982	106.387
483	415.104	226.78
484	423.071	222.72
485	430.947	219.234
486	438.734	216.325
487	446.431	213.99
488	454.038	212.231
489	461.555	211.048
490	468.982	210.44
491	476.319	210.408
492	483.566	210.95
493	490.724	212.069
494	497.791	213.763
495	504.768	216.032
496	511.656	218.877
497	518.454	222.297
498	525.161	226.293
499	531.779	230.864
500	538.307	236.01
501	544.745	241.732
502	551.093	248.03
503	554.406	247.762
504	551.714	240.606
505	549.275	233.437
506	547.09	226.253
507	545.158	219.054
508	543.48	211.842
509	542.055	204.615
510	540.883	197.374
511	539.965	190.118
512	539.3	182.848
513	538.889	175.564
514	538.731	168.266
515	538.826	160.953
516	539.175	153.626
517	539.777	146.284
518	540.633	138.929
519	541.742	131.559
520	543.104	124.174
521	544.72	116.776
522	546.589	109.363
523	641.78	234.326
524	643.59	226.667
525	645.068	219.053
526	646.215	211.485
527	647.03	203.964
528	647.514	196.488
529	647.667	189.058
530	647.488	181.674
531	646.978	174.336
532	646.136	167.044
533	644.963	159.798
534	643.459	152.597
535	641.623	145.443
536	639.456	138.335
537	636.958	131.272
538	634.128	124.255
539	630.966	117.285
540	627.473	110.36
541	623.649	103.481
542	703.153	230.223
543	706.865	222.882
544	710.771	215.817
545	714.87	209.027
546	719.163	202.512
547	723.649	196.272
548	728.328	190.308
549	733.202	184.618
550	738.268	179.204
551	743.528	174.064
552	748.982	169.2
553	754.629	164.611
554	760.47	160.297
555	766.504	156.258
556	772.732	152.494
557	779.153	149.006
558	785.768	145.792
559	792.577	142.854
560	799.578	140.19
561	806.774	137.802
562	814.163	135.689
563	821.745	133.851
564	829.521	132.288
565	837.49	131
566	845.653	129.988
567	43.3675	109.448
568	50.3522	106.766
569	57.4078	104.456
570	64.5344	102.517
571	71.732	100.951
572	79.0006	99.7555
573	86.3401	98.9322
574	93.7506	98.4806
575	101.232	98.4007
576	37.2282	105.235
577	37.7651	97.9894
578	38.0643	90.7657
579	38.1259	83.5638
580	37.9499	76.3836
581	37.5363	69.225
582	36.885	62.0882
583	35.9962	54.973
584	34.8697	47.8795
585	33.5056	40.8077
586	31.9039	33.7575
587	30.0646	26.7291
588	116.8	96.8201
589	124.599	94.6734
590	132.181	92.2524
591	139.548	89.5572
592	146.698	86.5877
593	153.632	83.344
594	160.35	79.8261
595	166.851	76.0339
596	173.137	71.9675
597	179.206	67.6268
598	185.059	63.0119
599	190.695	58.1228
600	196.116	52.9594
601	201.32	47.5217
602	206.308	41.8099
603	211.079	35.8237
604	215.635	29.5634
605	219.974	23.0288
606	224.097	16.2199
607	228.004	9.13686
608	255.912	143.642
609	254.411	136.599
610	252.941	129.55
611	251.501	122.497
612	250.092	115.438
613	248.713	108.374
614	247.365	101.305
615	246.047	94.23
616	244.76	87.15
617	243.504	80.0648
618	242.277	72.9744
619	241.082	65.8786
620	239.917	58.7776
621	238.782	51.6713
622	237.678	44.5598
623	236.604	37.4429
624	235.561	30.3208
625	234.549	23.1934
626	233.567	16.0607
627	232.615	8.92276
628	556.019	104.47
629	563.275	106.324
630	570.48	107.497
631	577.635	107.99
632	584.738	107.801
633	591.791	106.932
634	598.793	105.382
635	605.744	103.152
636	612.644	100.24
637	547.004	93.6686
638	546.582	85.7903
639	547.445	78.3006
640	549.592	71.1996
641	553.025	64.4871
642	557.742	58.1633
643	626.279	98.7479
644	632.99	101.002
645	639.629	103.41
646	646.193	105.972
647	652.685	108.688
648	659.103	111.558
649	665.447	114.582
650	671.718	117.76
651	677.916	121.092
652	684.04	124.579
653	690.091	128.219
654	696.068	132.014
655	617.908	88.3143
656	617.033	80.2146
657	616.869	72.3492
658	617.415	64.7179
659	618.672	57.3207
660	620.639	50.1578
661	623.316	43.229
662	626.705	36.5344
663	630.803	30.074
664	635.612	23.8478
665	641.132	17.8557
666	849.371	121.726
667	845.335	114.242
668	841.901	106.798
669	839.07	99.3951
670	836.841	92.0325
671	835.215	84.7103
672	834.191	77.4286
673	833.769	70.1873
674	833.95	62.9865
675	834.734	55.8262
676	836.12	48.7063
677	838.108	41.6269
678	840.699	34.5879
679	843.892	27.5894
680	847.688	20.6314
681	852.086	13.7138
682	857.087	6.83667
683	35.4132	20.8577
684	42.8452	21.8467
685	50.2837	22.6893
686	57.7287	23.3854
687	65.1802	23.9351
688	72.6382	24.3384
689	80.1026	24.5952
690	87.5735	24.7057
691	95.0509	24.6696
692	102.535	24.4872
693	110.025	24.1583
694	238.198	5.42148
695	244.739	8.98174
696	251.319	12.4603
697	257.938	15.8572
698	264.594	19.1724
699	271.289	22.406
700	278.022	25.5578
701	284.793	28.628
702	291.602	31.6165
703	298.45	34.5233
704	305.336	37.3485
705	312.26	40.0919
706	326.45	41.1072
707	333.658	39.7823
708	340.845	38.7788
709	348.012	38.0969
710	355.16	37.7366
711	362.287	37.6977
712	369.394	37.9804
713	376.481	38.5846
714	383.548	39.5103
715	390.595	40.7575
716	397.622	42.3263
717	404.628	44.2166
718	411.615	46.4284
