NOMBRE : MTLARP6_8_5_2.dat
VERTICES ORIGINALES : 49
VERTICES TOTALES : 783
DEPOTS : 5
45
46
47
48
49
LINEAS ORIGINALES : 49
LINE 1 2 94.4921 9
	50 11.1183
	51 10.6627
	52 10.3249
	53 10.1168
	54 10.0465
	55 10.1168
	56 10.3249
	57 10.6627
	2 11.1183
LINE 2 9 183.99 18
	58 10.2557
	59 10.2437
	60 10.2332
	61 10.2242
	62 10.2167
	63 10.2106
	64 10.2061
	65 10.2031
	66 10.2016
	67 10.2016
	68 10.2031
	69 10.2061
	70 10.2106
	71 10.2167
	72 10.2242
	73 10.2332
	74 10.2437
	9 10.2557
LINE 2 10 115.412 11
	75 10.862
	76 10.6429
	77 10.4693
	78 10.3435
	79 10.2673
	80 10.2418
	81 10.2673
	82 10.3435
	83 10.4693
	84 10.6429
	10 10.862
LINE 3 4 154.716 15
	85 10.4041
	86 10.3658
	87 10.3333
	88 10.3066
	89 10.2858
	90 10.2709
	91 10.2619
	92 10.2589
	93 10.2619
	94 10.2709
	95 10.2858
	96 10.3066
	97 10.3333
	98 10.3658
	4 10.4041
LINE 4 12 102.803 10
	99 10.3188
	100 10.2931
	101 10.2739
	102 10.261
	103 10.2546
	104 10.2546
	105 10.261
	106 10.2739
	107 10.2931
	12 10.3188
LINE 4 13 234.528 23
	108 10.212
	109 10.2079
	110 10.2041
	111 10.2008
	112 10.1978
	113 10.1953
	114 10.1931
	115 10.1914
	116 10.19
	117 10.189
	118 10.1884
	119 10.1882
	120 10.1884
	121 10.189
	122 10.19
	123 10.1914
	124 10.1931
	125 10.1953
	126 10.1978
	127 10.2008
	128 10.2041
	129 10.2079
	13 10.212
LINE 5 6 87.8661 9
	130 9.79823
	131 9.77176
	132 9.75281
	133 9.74142
	134 9.73763
	135 9.74142
	136 9.75281
	137 9.77176
	6 9.79823
LINE 6 7 213.548 21
	138 10.2076
	139 10.196
	140 10.1857
	141 10.1765
	142 10.1686
	143 10.1619
	144 10.1564
	145 10.1521
	146 10.149
	147 10.1472
	148 10.1466
	149 10.1472
	150 10.149
	151 10.1521
	152 10.1564
	153 10.1619
	154 10.1686
	155 10.1765
	156 10.1857
	157 10.196
	7 10.2076
LINE 8 15 200.294 19
	158 11.3595
	159 11.0965
	160 10.8591
	161 10.6491
	162 10.4681
	163 10.3177
	164 10.1992
	165 10.1136
	166 10.062
	167 10.0447
	168 10.062
	169 10.1136
	170 10.1992
	171 10.3177
	172 10.4681
	173 10.6491
	174 10.8591
	175 11.0965
	15 11.3595
LINE 9 10 162.976 16
	176 10.2378
	177 10.2171
	178 10.1994
	179 10.1845
	180 10.1727
	181 10.1638
	182 10.1578
	183 10.1548
	184 10.1548
	185 10.1578
	186 10.1638
	187 10.1727
	188 10.1845
	189 10.1994
	190 10.2171
	10 10.2378
LINE 10 11 180.112 17
	191 11.0611
	192 10.8897
	193 10.7389
	194 10.6096
	195 10.5027
	196 10.4187
	197 10.3584
	198 10.322
	199 10.3098
	200 10.322
	201 10.3584
	202 10.4187
	203 10.5027
	204 10.6096
	205 10.7389
	206 10.8897
	11 11.0611
LINE 10 16 136.143 14
	207 9.74752
	208 9.7369
	209 9.72804
	210 9.72094
	211 9.71562
	212 9.71207
	213 9.71029
	214 9.71029
	215 9.71207
	216 9.71562
	217 9.72094
	218 9.72804
	219 9.7369
	16 9.74752
LINE 11 12 172.727 17
	220 10.2256
	221 10.2012
	222 10.1801
	223 10.1621
	224 10.1474
	225 10.136
	226 10.1278
	227 10.1229
	228 10.1212
	229 10.1229
	230 10.1278
	231 10.136
	232 10.1474
	233 10.1621
	234 10.1801
	235 10.2012
	12 10.2256
LINE 11 17 129.613 12
	236 11.5394
	237 11.1472
	238 10.8233
	239 10.5738
	240 10.4042
	241 10.3183
	242 10.3183
	243 10.4042
	244 10.5738
	245 10.8233
	246 11.1472
	17 11.5394
LINE 11 18 203.924 20
	247 10.4361
	248 10.3612
	249 10.2941
	250 10.2351
	251 10.1842
	252 10.1416
	253 10.1074
	254 10.0817
	255 10.0645
	256 10.0559
	257 10.0559
	258 10.0645
	259 10.0817
	260 10.1074
	261 10.1416
	262 10.1842
	263 10.2351
	264 10.2941
	265 10.3612
	18 10.4361
LINE 12 13 150.646 14
	266 11.3511
	267 11.0847
	268 10.8577
	269 10.6726
	270 10.5316
	271 10.4366
	272 10.3887
	273 10.3887
	274 10.4366
	275 10.5316
	276 10.6726
	277 10.8577
	278 11.0847
	13 11.3511
LINE 14 21 156.795 15
	279 10.6647
	280 10.5748
	281 10.4981
	282 10.4349
	283 10.3855
	284 10.35
	285 10.3287
	286 10.3216
	287 10.3287
	288 10.35
	289 10.3855
	290 10.4349
	291 10.4981
	292 10.5748
	21 10.6647
LINE 15 16 176.065 17
	293 10.4089
	294 10.3894
	295 10.3725
	296 10.3581
	297 10.3464
	298 10.3372
	299 10.3307
	300 10.3268
	301 10.3254
	302 10.3268
	303 10.3307
	304 10.3372
	305 10.3464
	306 10.3581
	307 10.3725
	308 10.3894
	16 10.4089
LINE 15 22 173.993 17
	309 10.8443
	310 10.6218
	311 10.4251
	312 10.2557
	313 10.115
	314 10.0042
	315 9.92434
	316 9.87609
	317 9.85996
	318 9.87609
	319 9.92434
	320 10.0042
	321 10.115
	322 10.2557
	323 10.4251
	324 10.6218
	22 10.8443
LINE 15 24 278.198 28
	325 9.99009
	326 9.97802
	327 9.96687
	328 9.95663
	329 9.94732
	330 9.93893
	331 9.93147
	332 9.92493
	333 9.91933
	334 9.91466
	335 9.91092
	336 9.90811
	337 9.90624
	338 9.9053
	339 9.9053
	340 9.90624
	341 9.90811
	342 9.91092
	343 9.91466
	344 9.91933
	345 9.92493
	346 9.93147
	347 9.93893
	348 9.94732
	349 9.95663
	350 9.96687
	351 9.97802
	24 9.99009
LINE 17 18 182.867 18
	352 10.2462
	353 10.2157
	354 10.1888
	355 10.1658
	356 10.1465
	357 10.1311
	358 10.1195
	359 10.1118
	360 10.1079
	361 10.1079
	362 10.1118
	363 10.1195
	364 10.1311
	365 10.1465
	366 10.1658
	367 10.1888
	368 10.2157
	18 10.2462
LINE 17 25 107.528 11
	369 9.98608
	370 9.8606
	371 9.76188
	372 9.69076
	373 9.64783
	374 9.63348
	375 9.64783
	376 9.69076
	377 9.76188
	378 9.8606
	25 9.98608
LINE 18 19 128.819 13
	379 10.1233
	380 10.0172
	381 9.92948
	382 9.86075
	383 9.81137
	384 9.78161
	385 9.77168
	386 9.78161
	387 9.81137
	388 9.86075
	389 9.92948
	390 10.0172
	19 10.1233
LINE 18 25 184.09 18
	391 10.6116
	392 10.4782
	393 10.3602
	394 10.2579
	395 10.1719
	396 10.1025
	397 10.0502
	398 10.0152
	399 9.99759
	400 9.99759
	401 10.0152
	402 10.0502
	403 10.1025
	404 10.1719
	405 10.2579
	406 10.3602
	407 10.4782
	25 10.6116
LINE 19 20 94.2169 9
	408 10.5838
	409 10.4977
	410 10.4357
	411 10.3984
	412 10.3859
	413 10.3984
	414 10.4357
	415 10.4977
	20 10.5838
LINE 19 26 201.081 20
	416 10.1347
	417 10.1093
	418 10.0867
	419 10.0669
	420 10.0499
	421 10.0356
	422 10.0242
	423 10.0157
	424 10.01
	425 10.0071
	426 10.0071
	427 10.01
	428 10.0157
	429 10.0242
	430 10.0356
	431 10.0499
	432 10.0669
	433 10.0867
	434 10.1093
	26 10.1347
LINE 22 23 211.594 20
	435 11.1852
	436 10.9991
	437 10.8309
	438 10.6816
	439 10.5519
	440 10.4426
	441 10.3544
	442 10.2877
	443 10.243
	444 10.2205
	445 10.2205
	446 10.243
	447 10.2877
	448 10.3544
	449 10.4426
	450 10.5519
	451 10.6816
	452 10.8309
	453 10.9991
	23 11.1852
LINE 23 24 190.337 19
	454 10.4006
	455 10.2752
	456 10.1633
	457 10.0653
	458 9.98168
	459 9.9127
	460 9.85871
	461 9.81997
	462 9.79665
	463 9.78886
	464 9.79665
	465 9.81997
	466 9.85871
	467 9.9127
	468 9.98168
	469 10.0653
	470 10.1633
	471 10.2752
	24 10.4006
LINE 23 31 140.759 14
	472 10.145
	473 10.1032
	474 10.0683
	475 10.0403
	476 10.0192
	477 10.0052
	478 9.99813
	479 9.99813
	480 10.0052
	481 10.0192
	482 10.0403
	483 10.0683
	484 10.1032
	31 10.145
LINE 24 25 183.15 18
	485 10.3166
	486 10.267
	487 10.2233
	488 10.1857
	489 10.1543
	490 10.1291
	491 10.1101
	492 10.0975
	493 10.0912
	494 10.0912
	495 10.0975
	496 10.1101
	497 10.1291
	498 10.1543
	499 10.1857
	500 10.2233
	501 10.267
	25 10.3166
LINE 25 32 326.799 31
	502 11.3564
	503 11.1998
	504 11.0519
	505 10.9132
	506 10.784
	507 10.6647
	508 10.5556
	509 10.457
	510 10.3692
	511 10.2925
	512 10.2272
	513 10.1734
	514 10.1314
	515 10.1013
	516 10.0832
	517 10.0771
	518 10.0832
	519 10.1013
	520 10.1314
	521 10.1734
	522 10.2272
	523 10.2925
	524 10.3692
	525 10.457
	526 10.5556
	527 10.6647
	528 10.784
	529 10.9132
	530 11.0519
	531 11.1998
	32 11.3564
LINE 25 33 151.712 14
	532 11.7531
	533 11.3447
	534 10.9928
	535 10.703
	536 10.4803
	537 10.3292
	538 10.2528
	539 10.2528
	540 10.3292
	541 10.4803
	542 10.703
	543 10.9928
	544 11.3447
	33 11.7531
LINE 26 34 153.102 15
	545 10.3529
	546 10.2907
	547 10.2377
	548 10.1942
	549 10.1602
	550 10.1359
	551 10.1212
	552 10.1163
	553 10.1212
	554 10.1359
	555 10.1602
	556 10.1942
	557 10.2377
	558 10.2907
	34 10.3529
LINE 27 28 186.787 18
	559 10.8852
	560 10.7098
	561 10.554
	562 10.4185
	563 10.3043
	564 10.212
	565 10.1422
	566 10.0954
	567 10.0719
	568 10.0719
	569 10.0954
	570 10.1422
	571 10.212
	572 10.3043
	573 10.4185
	574 10.554
	575 10.7098
	28 10.8852
LINE 27 35 93.1435 9
	576 10.9337
	577 10.5033
	578 10.1847
	579 9.98874
	580 9.92254
	581 9.98874
	582 10.1847
	583 10.5033
	35 10.9337
LINE 27 36 181.821 18
	584 10.3052
	585 10.2339
	586 10.171
	587 10.1168
	588 10.0715
	589 10.035
	590 10.0076
	591 9.98927
	592 9.9801
	593 9.9801
	594 9.98927
	595 10.0076
	596 10.035
	597 10.0715
	598 10.1168
	599 10.171
	600 10.2339
	36 10.3052
LINE 28 29 116.643 11
	601 10.7527
	602 10.6639
	603 10.5943
	604 10.5443
	605 10.5142
	606 10.5042
	607 10.5142
	608 10.5443
	609 10.5943
	610 10.6639
	29 10.7527
LINE 29 37 86.5906 9
	611 9.69746
	612 9.64039
	613 9.59942
	614 9.57475
	615 9.56652
	616 9.57475
	617 9.59942
	618 9.64039
	37 9.69746
LINE 30 31 76.6795 7
	619 11.4327
	620 10.9593
	621 10.6651
	622 10.5653
	623 10.6651
	624 10.9593
	31 11.4327
LINE 30 38 149.095 14
	625 11.3867
	626 11.0562
	627 10.7731
	628 10.5411
	629 10.3636
	630 10.2437
	631 10.1831
	632 10.1831
	633 10.2437
	634 10.3636
	635 10.5411
	636 10.7731
	637 11.0562
	38 11.3867
LINE 30 39 146.886 15
	638 9.79821
	639 9.79572
	640 9.79361
	641 9.79188
	642 9.79054
	643 9.78958
	644 9.78901
	645 9.78881
	646 9.78901
	647 9.78958
	648 9.79054
	649 9.79188
	650 9.79361
	651 9.79572
	39 9.79821
LINE 31 39 118.925 12
	652 10.1253
	653 10.0091
	654 9.91512
	655 9.84407
	656 9.79643
	657 9.77252
	658 9.77252
	659 9.79643
	660 9.84407
	661 9.91512
	662 10.0091
	39 10.1253
LINE 34 40 218.117 22
	663 10.0455
	664 10.0083
	665 9.97468
	666 9.94471
	667 9.91841
	668 9.89581
	669 9.87693
	670 9.86181
	671 9.85045
	672 9.84287
	673 9.83908
	674 9.83908
	675 9.84287
	676 9.85045
	677 9.86181
	678 9.87693
	679 9.89581
	680 9.91841
	681 9.94471
	682 9.97468
	683 10.0083
	40 10.0455
LINE 34 41 117.966 12
	684 9.89046
	685 9.85783
	686 9.83165
	687 9.81197
	688 9.79883
	689 9.79225
	690 9.79225
	691 9.79883
	692 9.81197
	693 9.83165
	694 9.85783
	41 9.89046
LINE 35 36 146.415 14
	695 11.186
	696 10.8597
	697 10.5802
	698 10.3511
	699 10.1759
	700 10.0574
	701 9.9976
	702 9.9976
	703 10.0574
	704 10.1759
	705 10.3511
	706 10.5802
	707 10.8597
	36 11.186
LINE 36 42 279.974 27
	708 10.8535
	709 10.7444
	710 10.643
	711 10.5495
	712 10.4643
	713 10.3874
	714 10.3191
	715 10.2596
	716 10.2089
	717 10.1673
	718 10.1347
	719 10.1115
	720 10.0975
	721 10.0928
	722 10.0975
	723 10.1115
	724 10.1347
	725 10.1673
	726 10.2089
	727 10.2596
	728 10.3191
	729 10.3874
	730 10.4643
	731 10.5495
	732 10.643
	733 10.7444
	42 10.8535
LINE 36 43 212.529 21
	734 10.2895
	735 10.2392
	736 10.194
	737 10.1539
	738 10.119
	739 10.0894
	740 10.0651
	741 10.0462
	742 10.0327
	743 10.0245
	744 10.0218
	745 10.0245
	746 10.0327
	747 10.0462
	748 10.0651
	749 10.0894
	750 10.119
	751 10.1539
	752 10.194
	753 10.2392
	43 10.2895
LINE 37 44 172.537 17
	754 10.4859
	755 10.3616
	756 10.2525
	757 10.1594
	758 10.0825
	759 10.0223
	760 9.9791
	761 9.95308
	762 9.9444
	763 9.95308
	764 9.9791
	765 10.0223
	766 10.0825
	767 10.1594
	768 10.2525
	769 10.3616
	44 10.4859
LINE 41 42 153.38 15
	770 10.2263
	771 10.2259
	772 10.2255
	773 10.2252
	774 10.225
	775 10.2249
	776 10.2248
	777 10.2247
	778 10.2248
	779 10.2249
	780 10.225
	781 10.2252
	782 10.2255
	783 10.2259
	42 10.2263
COORDENADAS :
1	212.707	529.814
2	267.646	505.01
3	384.486	489.746
4	486.93	495.204
5	603.871	549.304
6	662.215	546.221
7	804.02	537.851
8	113.864	426.556
9	205.67	399.44
10	305.941	440.399
11	412.117	391.621
12	518.483	434.563
13	607.135	395.428
14	796.315	455.8
15	161.79	308.695
16	267.838	358.171
17	401.074	309.904
18	522.249	315.174
19	606.293	304.751
20	668.59	306.285
21	794.176	352.606
22	65.1248	252.632
23	188.596	195.054
24	312.422	201.472
25	425.883	243.758
26	518.603	204.191
27	589.639	189.709
28	710.22	197.43
29	786.005	211.226
30	127.159	92.147
31	175.321	102.696
32	275.014	100.192
33	401.098	151.423
34	523.412	103.142
35	612.252	134.636
36	703.649	153.087
37	789.558	153.937
38	104.168	0
39	202.219	29.3142
40	387.218	55.4582
41	495.516	29.9466
42	595.227	7.31681
43	685.462	13.965
44	760.239	45.1143
45	0	288.365
46	746.532	398.433
47	442.958	542.578
48	7.56859	43.0691
49	357.237	539.209
50	217.504	524.164
51	222.629	519.238
52	228.08	515.035
53	233.857	511.555
54	239.962	508.799
55	246.393	506.766
56	253.15	505.457
57	260.235	504.872
58	263.597	499.5
59	259.619	493.949
60	255.713	488.356
61	251.877	482.721
62	248.114	477.045
63	244.421	471.326
64	240.8	465.566
65	237.25	459.764
66	233.771	453.92
67	230.363	448.034
68	227.027	442.106
69	223.762	436.136
70	220.569	430.125
71	217.446	424.072
72	214.395	417.977
73	211.415	411.84
74	208.507	405.661
75	269.052	497.906
76	270.874	491.049
77	273.11	484.437
78	275.762	478.072
79	278.828	471.952
80	282.31	466.079
81	286.206	460.451
82	290.517	455.069
83	295.244	449.933
84	300.385	445.043
85	391.254	491.263
86	398.031	492.615
87	404.817	493.803
88	411.611	494.826
89	418.415	495.684
90	425.227	496.377
91	432.047	496.906
92	438.877	497.27
93	445.715	497.469
94	452.563	497.503
95	459.419	497.373
96	466.283	497.078
97	473.157	496.618
98	480.039	495.993
99	490.769	489.496
100	494.456	483.708
101	497.991	477.842
102	501.374	471.896
103	504.605	465.872
104	507.685	459.768
105	510.612	453.585
106	513.388	447.324
107	516.011	440.983
108	491.86	490.509
109	496.817	485.846
110	501.8	481.216
111	506.811	476.618
112	511.849	472.053
113	516.913	467.52
114	522.005	463.019
115	527.123	458.551
116	532.269	454.116
117	537.441	449.713
118	542.641	445.342
119	547.867	441.004
120	553.12	436.699
121	558.4	432.425
122	563.708	428.185
123	569.042	423.977
124	574.403	419.801
125	579.791	415.658
126	585.206	411.547
127	590.648	407.468
128	596.116	403.423
129	601.612	399.409
130	610.315	548.237
131	616.769	547.351
132	623.233	546.646
133	629.706	546.123
134	636.189	545.78
135	642.681	545.619
136	649.183	545.638
137	655.694	545.839
138	669.012	546.564
139	675.804	546.833
140	682.591	547.028
141	689.375	547.148
142	696.153	547.195
143	702.928	547.167
144	709.698	547.065
145	716.464	546.889
146	723.225	546.639
147	729.982	546.315
148	736.735	545.916
149	743.483	545.443
150	750.227	544.896
151	756.966	544.275
152	763.702	543.58
153	770.432	542.811
154	777.159	541.967
155	783.881	541.049
156	790.598	540.057
157	797.312	538.991
158	119.663	421.685
159	125.097	416.666
160	130.168	411.499
161	134.874	406.184
162	139.217	400.721
163	143.195	395.109
164	146.81	389.35
165	150.06	383.443
166	152.946	377.388
167	155.469	371.185
168	157.627	364.833
169	159.422	358.334
170	160.852	351.687
171	161.918	344.891
172	162.621	337.948
173	162.959	330.857
174	162.933	323.617
175	162.544	316.23
176	212.265	401.196
177	218.817	403.059
178	225.325	405.029
179	231.789	407.106
180	238.209	409.29
181	244.586	411.582
182	250.918	413.981
183	257.207	416.488
184	263.452	419.101
185	269.654	421.822
186	275.811	424.65
187	281.925	427.585
188	287.994	430.628
189	294.02	433.778
190	300.003	437.035
191	311.071	435.103
192	316.341	430.109
193	321.75	425.42
194	327.299	421.033
195	332.987	416.95
196	338.815	413.17
197	344.781	409.694
198	350.888	406.522
199	357.133	403.652
200	363.518	401.086
201	370.043	398.824
202	376.707	396.865
203	383.51	395.209
204	390.453	393.857
205	397.535	392.809
206	404.756	392.063
207	302.703	434.765
208	299.544	429.094
209	296.465	423.387
210	293.466	417.642
211	290.545	411.861
212	287.704	406.042
213	284.943	400.187
214	282.261	394.295
215	279.659	388.367
216	277.136	382.401
217	274.692	376.399
218	272.328	370.36
219	270.043	364.284
220	418.01	395.048
221	423.949	398.363
222	429.933	401.564
223	435.962	404.653
224	442.037	407.63
225	448.158	410.494
226	454.323	413.245
227	460.535	415.883
228	466.792	418.409
229	473.094	420.823
230	479.442	423.124
231	485.835	425.312
232	492.274	427.387
233	498.758	429.35
234	505.287	431.2
235	511.863	432.938
236	414.624	384.349
237	416.508	377.16
238	417.769	370.055
239	418.406	363.035
240	418.421	356.099
241	417.812	349.247
242	416.581	342.479
243	414.726	335.796
244	412.248	329.196
245	409.146	322.681
246	405.422	316.251
247	416.561	386.268
248	421.117	381.076
249	425.785	376.046
250	430.564	371.176
251	435.456	366.467
252	440.459	361.92
253	445.574	357.534
254	450.801	353.308
255	456.14	349.244
256	461.591	345.342
257	467.154	341.6
258	472.828	338.019
259	478.614	334.599
260	484.512	331.341
261	490.522	328.244
262	496.644	325.308
263	502.877	322.533
264	509.223	319.919
265	515.68	317.466
266	526.051	434.566
267	533.428	434.138
268	540.615	433.28
269	547.613	431.991
270	554.42	430.272
271	561.037	428.122
272	567.465	425.542
273	573.702	422.531
274	579.749	419.09
275	585.606	415.219
276	591.274	410.917
277	596.751	406.184
278	602.038	401.022
279	794.384	448.958
280	792.708	442.11
281	791.288	435.257
282	790.123	428.398
283	789.214	421.534
284	788.56	414.666
285	788.162	407.791
286	788.02	400.912
287	788.133	394.027
288	788.501	387.137
289	789.125	380.241
290	790.005	373.34
291	791.14	366.434
292	792.53	359.523
293	168.399	310.81
294	174.962	313.025
295	181.478	315.34
296	187.948	317.753
297	194.371	320.266
298	200.748	322.879
299	207.079	325.59
300	213.363	328.401
301	219.602	331.312
302	225.793	334.322
303	231.939	337.431
304	238.038	340.639
305	244.091	343.947
306	250.097	347.354
307	256.057	350.86
308	261.971	354.466
309	154.594	308
310	147.587	306.981
311	140.768	305.636
312	134.138	303.965
313	127.697	301.969
314	121.444	299.647
315	115.381	297
316	109.506	294.028
317	103.82	290.73
318	98.3221	287.107
319	93.0134	283.158
320	87.8934	278.884
321	82.9622	274.285
322	78.2198	269.36
323	73.666	264.109
324	69.3011	258.533
325	166.667	304.159
326	171.582	299.676
327	176.534	295.246
328	181.522	290.867
329	186.549	286.541
330	191.612	282.267
331	196.713	278.046
332	201.85	273.877
333	207.025	269.76
334	212.238	265.695
335	217.487	261.683
336	222.774	257.723
337	228.098	253.815
338	233.459	249.959
339	238.857	246.156
340	244.293	242.405
341	249.765	238.706
342	255.275	235.06
343	260.823	231.466
344	266.407	227.924
345	272.029	224.435
346	277.688	220.997
347	283.384	217.612
348	289.117	214.28
349	294.888	210.999
350	300.695	207.771
351	306.54	204.595
352	407.855	309.077
353	414.63	308.383
354	421.399	307.819
355	428.163	307.388
356	434.92	307.088
357	441.672	306.92
358	448.418	306.884
359	455.159	306.979
360	461.894	307.206
361	468.623	307.564
362	475.346	308.055
363	482.064	308.677
364	488.776	309.43
365	495.482	310.316
366	502.182	311.333
367	508.877	312.482
368	515.566	313.762
369	404.972	304.506
370	408.54	298.986
371	411.781	293.342
372	414.693	287.575
373	417.276	281.685
374	419.532	275.671
375	421.459	269.535
376	423.057	263.275
377	424.328	256.893
378	425.27	250.387
379	528.931	316.122
380	535.577	316.779
381	542.187	317.143
382	548.76	317.216
383	555.297	316.998
384	561.798	316.488
385	568.263	315.686
386	574.692	314.593
387	581.085	313.208
388	587.441	311.531
389	593.761	309.563
390	600.045	307.303
391	518.31	309.298
392	514.205	303.646
393	509.932	298.219
394	505.494	293.017
395	500.889	288.039
396	496.118	283.285
397	491.18	278.756
398	486.076	274.452
399	480.806	270.372
400	475.369	266.517
401	469.766	262.886
402	463.996	259.48
403	458.06	256.298
404	451.957	253.341
405	445.688	250.608
406	439.253	248.1
407	432.651	245.817
408	613.182	306.279
409	620.079	307.468
410	626.984	308.317
411	633.897	308.827
412	640.819	308.997
413	647.749	308.828
414	654.688	308.32
415	661.635	307.472
416	602.715	299.02
417	599.053	293.362
418	595.305	287.779
419	591.472	282.27
420	587.555	276.835
421	583.552	271.473
422	579.465	266.186
423	575.293	260.973
424	571.035	255.834
425	566.693	250.769
426	562.266	245.778
427	557.754	240.861
428	553.158	236.018
429	548.476	231.25
430	543.709	226.555
431	538.858	221.934
432	533.921	217.387
433	528.9	212.915
434	523.794	208.516
435	70.0163	247.004
436	75.0427	241.665
437	80.204	236.615
438	85.5004	231.855
439	90.9316	227.384
440	96.4979	223.203
441	102.199	219.311
442	108.035	215.709
443	114.006	212.396
444	120.113	209.372
445	126.354	206.638
446	132.73	204.193
447	139.241	202.038
448	145.886	200.172
449	152.667	198.596
450	159.583	197.309
451	166.634	196.311
452	173.82	195.603
453	181.141	195.184
454	195.235	193.052
455	201.86	191.31
456	208.471	189.828
457	215.069	188.606
458	221.654	187.644
459	228.225	186.942
460	234.782	186.5
461	241.326	186.318
462	247.857	186.395
463	254.374	186.733
464	260.878	187.331
465	267.368	188.189
466	273.845	189.306
467	280.308	190.684
468	286.758	192.322
469	293.194	194.219
470	299.617	196.377
471	306.027	198.794
472	186.51	188.621
473	184.598	182.162
474	182.862	175.679
475	181.301	169.17
476	179.915	162.636
477	178.704	156.076
478	177.668	149.492
479	176.808	142.882
480	176.122	136.248
481	175.612	129.588
482	175.276	122.902
483	175.116	116.192
484	175.131	109.457
485	318.226	205.163
486	324.087	208.697
487	330.008	212.073
488	335.988	215.291
489	342.027	218.35
490	348.124	221.252
491	354.28	223.996
492	360.495	226.582
493	366.769	229.011
494	373.102	231.281
495	379.494	233.393
496	385.944	235.348
497	392.454	237.144
498	399.022	238.783
499	405.649	240.263
500	412.335	241.586
501	419.08	242.751
502	423.423	236.598
503	420.802	229.606
504	418.021	222.783
505	415.08	216.129
506	411.978	209.643
507	408.715	203.326
508	405.292	197.178
509	401.709	191.198
510	397.965	185.387
511	394.061	179.744
512	389.996	174.27
513	385.771	168.964
514	381.386	163.827
515	376.84	158.859
516	372.134	154.059
517	367.267	149.428
518	362.24	144.966
519	357.052	140.672
520	351.704	136.546
521	346.196	132.589
522	340.527	128.801
523	334.697	125.182
524	328.708	121.731
525	322.557	118.448
526	316.247	115.335
527	309.776	112.389
528	303.144	109.613
529	296.352	107.005
530	289.4	104.565
531	282.287	102.294
532	427.823	236.166
533	429.193	228.728
534	429.991	221.443
535	430.219	214.312
536	429.876	207.333
537	428.962	200.508
538	427.477	193.836
539	425.421	187.317
540	422.794	180.952
541	419.597	174.739
542	415.828	168.68
543	411.489	162.775
544	406.579	157.022
545	517.458	197.385
546	516.522	190.589
547	515.796	183.802
548	515.279	177.026
549	514.972	170.259
550	514.873	163.503
551	514.985	156.756
552	515.305	150.02
553	515.835	143.293
554	516.575	136.576
555	517.523	129.87
556	518.681	123.173
557	520.049	116.486
558	521.625	109.809
559	596.514	187.387
560	603.368	185.388
561	610.202	183.713
562	617.015	182.362
563	623.807	181.334
564	630.579	180.63
565	637.329	180.25
566	644.059	180.193
567	650.769	180.46
568	657.457	181.051
569	664.125	181.965
570	670.772	183.203
571	677.399	184.765
572	684.004	186.651
573	690.589	188.86
574	697.154	191.393
575	703.697	194.25
576	589.319	182.427
577	589.708	175.436
578	590.804	168.735
579	592.609	162.325
580	595.121	156.206
581	598.342	150.377
582	602.27	144.839
583	606.907	139.592
584	596.497	189.308
585	603.294	188.714
586	610.029	187.928
587	616.702	186.95
588	623.314	185.78
589	629.864	184.418
590	636.352	182.863
591	642.778	181.117
592	649.143	179.178
593	655.446	177.048
594	661.687	174.725
595	667.867	172.21
596	673.985	169.503
597	680.041	166.604
598	686.035	163.513
599	691.968	160.23
600	697.839	156.754
601	716.835	200.192
602	723.505	202.652
603	730.23	204.811
604	737.01	206.668
605	743.844	208.224
606	750.734	209.478
607	757.678	210.43
608	764.678	211.082
609	771.732	211.431
610	778.841	211.48
611	787.457	204.926
612	788.644	198.61
613	789.567	192.277
614	790.226	185.928
615	790.621	179.563
616	790.751	173.181
617	790.618	166.783
618	790.22	160.368
619	134.662	90.8092
620	141.958	90.4196
621	149.046	90.9784
622	155.926	92.4854
623	162.599	94.9407
624	169.064	98.3442
625	128.822	84.7403
626	129.977	77.4605
627	130.623	70.3076
628	130.761	63.2816
629	130.39	56.3824
630	129.511	49.6102
631	128.123	42.9648
632	126.226	36.4463
633	123.821	30.0547
634	120.908	23.79
635	117.485	17.6522
636	113.555	11.6412
637	109.116	5.75718
638	131.979	87.7388
639	136.826	83.3619
640	141.699	79.0164
641	146.598	74.7022
642	151.523	70.4193
643	156.475	66.1678
644	161.452	61.9476
645	166.457	57.7588
646	171.487	53.6012
647	176.543	49.4751
648	181.626	45.3802
649	186.735	41.3167
650	191.87	37.2846
651	197.032	33.2837
652	179.228	97.1912
653	182.832	91.5755
654	186.133	85.8488
655	189.132	80.0111
656	191.827	74.0624
657	194.22	68.0027
658	196.31	61.8321
659	198.098	55.5505
660	199.582	49.1579
661	200.764	42.6543
662	201.643	36.0398
663	516.774	102.251
664	510.179	101.239
665	503.627	100.104
666	497.117	98.8484
667	490.65	97.471
668	484.225	95.9721
669	477.843	94.3516
670	471.504	92.6096
671	465.207	90.746
672	458.952	88.7608
673	452.74	86.6541
674	446.571	84.4259
675	440.444	82.0761
676	434.36	79.6048
677	428.318	77.0119
678	422.319	74.2974
679	416.363	71.4614
680	410.449	68.5039
681	404.577	65.4248
682	398.748	62.2242
683	392.962	58.902
684	521.957	96.7114
685	520.344	90.3405
686	518.572	84.0299
687	516.643	77.7796
688	514.556	71.5896
689	512.31	65.4598
690	509.906	59.3902
691	507.344	53.381
692	504.624	47.432
693	501.746	41.5433
694	498.71	35.7148
695	619.444	132.665
696	626.534	131.201
697	633.522	130.242
698	640.408	129.789
699	647.191	129.842
700	653.873	130.401
701	660.452	131.466
702	666.93	133.037
703	673.305	135.114
704	679.578	137.697
705	685.749	140.785
706	691.818	144.38
707	697.784	148.481
708	701.768	146.1
709	699.724	139.235
710	697.515	132.492
711	695.142	125.872
712	692.605	119.373
713	689.903	112.997
714	687.037	106.743
715	684.007	100.611
716	680.813	94.6013
717	677.454	88.7137
718	673.931	82.9483
719	670.244	77.3051
720	666.393	71.784
721	662.377	66.3851
722	658.197	61.1084
723	653.853	55.9538
724	649.345	50.9214
725	644.672	46.0112
726	639.835	41.2232
727	634.834	36.5573
728	629.669	32.0136
729	624.339	27.592
730	618.845	23.2926
731	613.187	19.1154
732	607.365	15.0604
733	601.378	11.1275
734	704.324	146.261
735	704.845	139.454
736	705.212	132.668
737	705.425	125.902
738	705.484	119.157
739	705.389	112.431
740	705.139	105.726
741	704.736	99.0404
742	704.178	92.3752
743	703.466	85.7302
744	702.6	79.1053
745	701.58	72.5006
746	700.405	65.9161
747	699.077	59.3517
748	697.595	52.8074
749	695.958	46.2833
750	694.167	39.7793
751	692.222	33.2955
752	690.123	26.8318
753	687.87	20.3883
754	789.974	146.959
755	790.123	140.053
756	790.004	133.219
757	789.618	126.457
758	788.964	119.767
759	788.042	113.15
760	786.853	106.604
761	785.396	100.131
762	783.671	93.7292
763	781.679	87.4
764	779.419	81.1428
765	776.892	74.9578
766	774.096	68.8449
767	771.033	62.8041
768	767.703	56.8354
769	764.105	50.9388
770	502.137	28.3224
771	508.762	26.7148
772	515.391	25.1237
773	522.023	23.549
774	528.659	21.9909
775	535.299	20.4492
776	541.943	18.9241
777	548.59	17.4154
778	555.242	15.9232
779	561.897	14.4476
780	568.555	12.9884
781	575.218	11.5458
782	581.884	10.1196
783	588.554	8.70997
