NOMBRE : MTLARP8_9_3_1.dat
VERTICES ORIGINALES : 64
VERTICES TOTALES : 844
DEPOTS : 3
62
63
64
LINEAS ORIGINALES : 52
LINE 1 2 217.592 20
	65 12.2111
	66 11.8135
	67 11.4486
	68 11.1195
	69 10.8294
	70 10.5816
	71 10.3792
	72 10.2247
	73 10.1203
	74 10.0678
	75 10.0678
	76 10.1203
	77 10.2247
	78 10.3792
	79 10.5816
	80 10.8294
	81 11.1195
	82 11.4486
	83 11.8135
	2 12.2111
LINE 2 3 98.5051 9
	84 11.7337
	85 11.1558
	86 10.724
	87 10.4563
	88 10.3655
	89 10.4563
	90 10.724
	91 11.1558
	3 11.7337
LINE 3 4 205.252 19
	92 11.8447
	93 11.5124
	94 11.211
	95 10.943
	96 10.711
	97 10.5174
	98 10.3644
	99 10.2536
	100 10.1866
	101 10.1642
	102 10.1866
	103 10.2536
	104 10.3644
	105 10.5174
	106 10.711
	107 10.943
	108 11.211
	109 11.5124
	4 11.8447
LINE 3 8 187.188 18
	110 10.7506
	111 10.6285
	112 10.5206
	113 10.4271
	114 10.3486
	115 10.2854
	116 10.2377
	117 10.2058
	118 10.1898
	119 10.1898
	120 10.2058
	121 10.2377
	122 10.2854
	123 10.3486
	124 10.4271
	125 10.5206
	126 10.6285
	8 10.7506
LINE 4 5 151.126 13
	127 13.3018
	128 12.5104
	129 11.8236
	130 11.2605
	131 10.8404
	132 10.5803
	133 10.4922
	134 10.5803
	135 10.8404
	136 11.2605
	137 11.8236
	138 12.5104
	5 13.3018
LINE 4 9 254.423 24
	139 10.9923
	140 10.8921
	141 10.8001
	142 10.7167
	143 10.642
	144 10.5761
	145 10.5194
	146 10.4719
	147 10.4337
	148 10.405
	149 10.3858
	150 10.3762
	151 10.3762
	152 10.3858
	153 10.405
	154 10.4337
	155 10.4719
	156 10.5194
	157 10.5761
	158 10.642
	159 10.7167
	160 10.8001
	161 10.8921
	9 10.9923
LINE 6 12 188.482 18
	162 11.0307
	163 10.838
	164 10.6665
	165 10.5173
	166 10.3914
	167 10.2895
	168 10.2124
	169 10.1607
	170 10.1347
	171 10.1347
	172 10.1607
	173 10.2124
	174 10.2895
	175 10.3914
	176 10.5173
	177 10.6665
	178 10.838
	12 11.0307
LINE 7 15 167.749 16
	179 11.3876
	180 11.0396
	181 10.7324
	182 10.4695
	183 10.2543
	184 10.0899
	185 9.97879
	186 9.92277
	187 9.92277
	188 9.97879
	189 10.0899
	190 10.2543
	191 10.4695
	192 10.7324
	193 11.0396
	15 11.3876
LINE 10 11 172.586 17
	194 10.3326
	195 10.2655
	196 10.2069
	197 10.1571
	198 10.1162
	199 10.0843
	200 10.0614
	201 10.0476
	202 10.0431
	203 10.0476
	204 10.0614
	205 10.0843
	206 10.1162
	207 10.1571
	208 10.2069
	209 10.2655
	11 10.3326
LINE 10 17 199.845 19
	210 10.6546
	211 10.6094
	212 10.5693
	213 10.5345
	214 10.505
	215 10.4807
	216 10.4618
	217 10.4483
	218 10.4402
	219 10.4375
	220 10.4402
	221 10.4483
	222 10.4618
	223 10.4807
	224 10.505
	225 10.5345
	226 10.5693
	227 10.6094
	17 10.6546
LINE 12 20 149.79 14
	228 11.3235
	229 11.0424
	230 10.8025
	231 10.6067
	232 10.4574
	233 10.3567
	234 10.306
	235 10.306
	236 10.3567
	237 10.4574
	238 10.6067
	239 10.8025
	240 11.0424
	20 11.3235
LINE 13 21 157.186 15
	241 10.4849
	242 10.4824
	243 10.4803
	244 10.4786
	245 10.4773
	246 10.4763
	247 10.4757
	248 10.4755
	249 10.4757
	250 10.4763
	251 10.4773
	252 10.4786
	253 10.4803
	254 10.4824
	21 10.4849
LINE 14 22 187.895 18
	255 11.0536
	256 10.8423
	257 10.6539
	258 10.4898
	259 10.3511
	260 10.2387
	261 10.1536
	262 10.0965
	263 10.0678
	264 10.0678
	265 10.0965
	266 10.1536
	267 10.2387
	268 10.3511
	269 10.4898
	270 10.6539
	271 10.8423
	22 11.0536
LINE 15 23 215.066 20
	272 11.804
	273 11.4869
	274 11.1974
	275 10.9379
	276 10.7104
	277 10.5171
	278 10.3598
	279 10.2403
	280 10.1599
	281 10.1194
	282 10.1194
	283 10.1599
	284 10.2403
	285 10.3598
	286 10.5171
	287 10.7104
	288 10.9379
	289 11.1974
	290 11.4869
	23 11.804
LINE 16 25 129.153 13
	291 9.99863
	292 9.96682
	293 9.94073
	294 9.92038
	295 9.90582
	296 9.89707
	297 9.89416
	298 9.89707
	299 9.90582
	300 9.92038
	301 9.94073
	302 9.96682
	25 9.99863
LINE 18 19 241.409 22
	303 11.9778
	304 11.7029
	305 11.4499
	306 11.2202
	307 11.0153
	308 10.8365
	309 10.6853
	310 10.5628
	311 10.4699
	312 10.4076
	313 10.3762
	314 10.3762
	315 10.4076
	316 10.4699
	317 10.5628
	318 10.6853
	319 10.8365
	320 11.0153
	321 11.2202
	322 11.4499
	323 11.7029
	19 11.9778
LINE 19 20 135.887 12
	324 12.6618
	325 11.9647
	326 11.3763
	327 10.9142
	328 10.5949
	329 10.4317
	330 10.4317
	331 10.5949
	332 10.9142
	333 11.3763
	334 11.9647
	20 12.6618
LINE 19 27 244.642 24
	335 10.2345
	336 10.2238
	337 10.2141
	338 10.2053
	339 10.1975
	340 10.1906
	341 10.1848
	342 10.1799
	343 10.176
	344 10.173
	345 10.1711
	346 10.1701
	347 10.1701
	348 10.1711
	349 10.173
	350 10.176
	351 10.1799
	352 10.1848
	353 10.1906
	354 10.1975
	355 10.2053
	356 10.2141
	357 10.2238
	27 10.2345
LINE 20 28 169.012 17
	358 9.95898
	359 9.95258
	360 9.94704
	361 9.94234
	362 9.9385
	363 9.93551
	364 9.93337
	365 9.93209
	366 9.93166
	367 9.93209
	368 9.93337
	369 9.93551
	370 9.9385
	371 9.94234
	372 9.94704
	373 9.95258
	28 9.95898
LINE 22 23 108.992 11
	374 10.1456
	375 10.0045
	376 9.89337
	377 9.81321
	378 9.76479
	379 9.7486
	380 9.76479
	381 9.81321
	382 9.89337
	383 10.0045
	23 10.1456
LINE 24 32 156.464 15
	384 11.1762
	385 10.8664
	386 10.5972
	387 10.3718
	388 10.193
	389 10.0633
	390 9.98475
	391 9.95841
	392 9.98475
	393 10.0633
	394 10.193
	395 10.3718
	396 10.5972
	397 10.8664
	32 11.1762
LINE 25 33 175.722 17
	398 10.7208
	399 10.5791
	400 10.4548
	401 10.3484
	402 10.2605
	403 10.1916
	404 10.1421
	405 10.1123
	406 10.1024
	407 10.1123
	408 10.1421
	409 10.1916
	410 10.2605
	411 10.3484
	412 10.4548
	413 10.5791
	33 10.7208
LINE 26 27 113.857 10
	414 12.4221
	415 11.7529
	416 11.2248
	417 10.8585
	418 10.6706
	419 10.6706
	420 10.8585
	421 11.2248
	422 11.7529
	27 12.4221
LINE 29 36 244.194 23
	423 11.1062
	424 10.9757
	425 10.8564
	426 10.7485
	427 10.6523
	428 10.5683
	429 10.4967
	430 10.4377
	431 10.3916
	432 10.3586
	433 10.3387
	434 10.3321
	435 10.3387
	436 10.3586
	437 10.3916
	438 10.4377
	439 10.4967
	440 10.5683
	441 10.6523
	442 10.7485
	443 10.8564
	444 10.9757
	36 11.1062
LINE 30 31 135.543 13
	445 10.5599
	446 10.4935
	447 10.4389
	448 10.3962
	449 10.3655
	450 10.3471
	451 10.341
	452 10.3471
	453 10.3655
	454 10.3962
	455 10.4389
	456 10.4935
	31 10.5599
LINE 30 39 211.288 20
	457 11.1788
	458 10.99
	459 10.8194
	460 10.6679
	461 10.5363
	462 10.4254
	463 10.3358
	464 10.268
	465 10.2226
	466 10.1999
	467 10.1999
	468 10.2226
	469 10.268
	470 10.3358
	471 10.4254
	472 10.5363
	473 10.6679
	474 10.8194
	475 10.99
	39 11.1788
LINE 33 41 175.188 17
	476 10.8879
	477 10.6748
	478 10.4867
	479 10.3248
	480 10.1905
	481 10.0847
	482 10.0085
	483 9.96249
	484 9.94711
	485 9.96249
	486 10.0085
	487 10.0847
	488 10.1905
	489 10.3248
	490 10.4867
	491 10.6748
	41 10.8879
LINE 34 35 217.981 21
	492 10.3949
	493 10.3905
	494 10.3865
	495 10.383
	496 10.3799
	497 10.3773
	498 10.3752
	499 10.3736
	500 10.3724
	501 10.3717
	502 10.3714
	503 10.3717
	504 10.3724
	505 10.3736
	506 10.3752
	507 10.3773
	508 10.3799
	509 10.383
	510 10.3865
	511 10.3905
	35 10.3949
LINE 35 36 154.027 14
	512 12.6046
	513 11.908
	514 11.2946
	515 10.7788
	516 10.3752
	517 10.0971
	518 9.95518
	519 9.95518
	520 10.0971
	521 10.3752
	522 10.7788
	523 11.2946
	524 11.908
	36 12.6046
LINE 36 37 173.998 17
	525 10.2408
	526 10.2387
	527 10.2369
	528 10.2353
	529 10.2341
	530 10.2331
	531 10.2324
	532 10.232
	533 10.2318
	534 10.232
	535 10.2324
	536 10.2331
	537 10.2341
	538 10.2353
	539 10.2369
	540 10.2387
	37 10.2408
LINE 37 38 95.9837 9
	541 11.5585
	542 10.9062
	543 10.4153
	544 10.1093
	545 10.0052
	546 10.1093
	547 10.4153
	548 10.9062
	38 11.5585
LINE 37 46 150.99 14
	549 11.8168
	550 11.3592
	551 10.9632
	552 10.6358
	553 10.3835
	554 10.2118
	555 10.1249
	556 10.1249
	557 10.2118
	558 10.3835
	559 10.6358
	560 10.9632
	561 11.3592
	46 11.8168
LINE 40 41 162.725 15
	562 11.7447
	563 11.3739
	564 11.0504
	565 10.7785
	566 10.5622
	567 10.4049
	568 10.3094
	569 10.2774
	570 10.3094
	571 10.4049
	572 10.5622
	573 10.7785
	574 11.0504
	575 11.3739
	41 11.7447
LINE 41 42 118.059 11
	576 11.9799
	577 11.2631
	578 10.6723
	579 10.2295
	580 9.95435
	581 9.86092
	582 9.95435
	583 10.2295
	584 10.6723
	585 11.2631
	42 11.9799
LINE 43 44 161.672 14
	586 13.1565
	587 12.4555
	588 11.8397
	589 11.323
	590 10.9193
	591 10.6418
	592 10.5002
	593 10.5002
	594 10.6418
	595 10.9193
	596 11.323
	597 11.8397
	598 12.4555
	44 13.1565
LINE 43 50 111.83 11
	599 10.3838
	600 10.2543
	601 10.1525
	602 10.0792
	603 10.0349
	604 10.0201
	605 10.0349
	606 10.0792
	607 10.1525
	608 10.2543
	50 10.3838
LINE 44 45 180.421 18
	609 10.1153
	610 10.083
	611 10.0547
	612 10.0303
	613 10.0099
	614 9.99364
	615 9.98139
	616 9.97322
	617 9.96913
	618 9.96913
	619 9.97322
	620 9.98139
	621 9.99364
	622 10.0099
	623 10.0303
	624 10.0547
	625 10.083
	45 10.1153
LINE 44 50 238.981 22
	626 12.186
	627 11.8289
	628 11.4981
	629 11.1957
	630 10.9243
	631 10.6862
	632 10.4837
	633 10.3188
	634 10.1934
	635 10.1089
	636 10.0664
	637 10.0664
	638 10.1089
	639 10.1934
	640 10.3188
	641 10.4837
	642 10.6862
	643 10.9243
	644 11.1957
	645 11.4981
	646 11.8289
	50 12.186
LINE 45 46 105.738 10
	647 10.5826
	648 10.5767
	649 10.5723
	650 10.5694
	651 10.5679
	652 10.5679
	653 10.5694
	654 10.5723
	655 10.5767
	46 10.5826
LINE 45 51 223.613 22
	656 10.4783
	657 10.3899
	658 10.3097
	659 10.2379
	660 10.1746
	661 10.1201
	662 10.0744
	663 10.0377
	664 10.0101
	665 9.99163
	666 9.98239
	667 9.98239
	668 9.99163
	669 10.0101
	670 10.0377
	671 10.0744
	672 10.1201
	673 10.1746
	674 10.2379
	675 10.3097
	676 10.3899
	51 10.4783
LINE 46 52 205.971 20
	677 10.7133
	678 10.5848
	679 10.4692
	680 10.3671
	681 10.2787
	682 10.2044
	683 10.1446
	684 10.0996
	685 10.0694
	686 10.0543
	687 10.0543
	688 10.0694
	689 10.0996
	690 10.1446
	691 10.2044
	692 10.2787
	693 10.3671
	694 10.4692
	695 10.5848
	52 10.7133
LINE 46 53 231.84 23
	696 10.0869
	697 10.085
	698 10.0833
	699 10.0818
	700 10.0804
	701 10.0793
	702 10.0783
	703 10.0775
	704 10.0769
	705 10.0764
	706 10.0761
	707 10.076
	708 10.0761
	709 10.0764
	710 10.0769
	711 10.0775
	712 10.0783
	713 10.0793
	714 10.0804
	715 10.0818
	716 10.0833
	717 10.085
	53 10.0869
LINE 47 55 163.662 16
	718 10.3251
	719 10.2868
	720 10.2538
	721 10.2263
	722 10.2042
	723 10.1876
	724 10.1765
	725 10.171
	726 10.171
	727 10.1765
	728 10.1876
	729 10.2042
	730 10.2263
	731 10.2538
	732 10.2868
	55 10.3251
LINE 48 56 145.922 14
	733 10.4791
	734 10.4532
	735 10.4317
	736 10.4144
	737 10.4014
	738 10.3927
	739 10.3884
	740 10.3884
	741 10.3927
	742 10.4014
	743 10.4144
	744 10.4317
	745 10.4532
	56 10.4791
LINE 49 57 123.802 12
	746 10.5539
	747 10.4257
	748 10.3221
	749 10.2436
	750 10.191
	751 10.1646
	752 10.1646
	753 10.191
	754 10.2436
	755 10.3221
	756 10.4257
	57 10.5539
LINE 50 58 195.846 19
	757 10.3481
	758 10.3347
	759 10.3228
	760 10.3125
	761 10.3038
	762 10.2966
	763 10.291
	764 10.2871
	765 10.2847
	766 10.2839
	767 10.2847
	768 10.2871
	769 10.291
	770 10.2966
	771 10.3038
	772 10.3125
	773 10.3228
	774 10.3347
	58 10.3481
LINE 51 52 204.213 18
	775 13.1882
	776 12.5828
	777 12.0281
	778 11.5315
	779 11.1006
	780 10.7435
	781 10.4677
	782 10.2797
	783 10.1844
	784 10.1844
	785 10.2797
	786 10.4677
	787 10.7435
	788 11.1006
	789 11.5315
	790 12.0281
	791 12.5828
	52 13.1882
LINE 52 60 61.0857 6
	792 10.2451
	793 10.1682
	794 10.1296
	795 10.1296
	796 10.1682
	60 10.2451
LINE 53 54 137.107 13
	797 10.5924
	798 10.5696
	799 10.5509
	800 10.5363
	801 10.5259
	802 10.5197
	803 10.5176
	804 10.5197
	805 10.5259
	806 10.5363
	807 10.5509
	808 10.5696
	54 10.5924
LINE 56 57 117.474 11
	809 11.2457
	810 10.9126
	811 10.6463
	812 10.4519
	813 10.3336
	814 10.2938
	815 10.3336
	816 10.4519
	817 10.6463
	818 10.9126
	57 11.2457
LINE 58 59 135.178 12
	819 12.7269
	820 11.9685
	821 11.3252
	822 10.8176
	823 10.4656
	824 10.2851
	825 10.2851
	826 10.4656
	827 10.8176
	828 11.3252
	829 11.9685
	59 12.7269
LINE 60 61 179.01 16
	830 12.3493
	831 11.9053
	832 11.5111
	833 11.172
	834 10.8931
	835 10.6792
	836 10.5342
	837 10.4609
	838 10.4609
	839 10.5342
	840 10.6792
	841 10.8931
	842 11.172
	843 11.5111
	844 11.9053
	61 12.3493
COORDENADAS :
1	26.9346	721.535
2	160.468	734.374
3	220.771	749.589
4	348.923	737.237
5	439.278	747.472
6	551.064	765.459
7	864.649	749.358
8	157.097	645.227
9	232.893	618.523
10	358.287	644.483
11	469.989	622.625
12	519.859	647.955
13	655.529	646.547
14	731.224	640.236
15	812.26	657.476
16	149.477	549.051
17	255.012	561.941
18	317.071	545.947
19	467.375	569.433
20	549.663	556.562
21	609.658	552.368
22	774.991	527.675
23	846.477	527.032
24	18.8081	413.223
25	167.467	465.209
26	358.735	416.466
27	429.517	411.178
28	511.995	450.493
29	664.033	443.78
30	738.011	434.252
31	827.546	438.213
32	41.7177	316.31
33	129.246	357.284
34	328.605	363.492
35	473.769	366.758
36	557.385	326.628
37	672.713	314.53
38	711.235	360.572
39	843.354	348.299
40	73.5614	210.683
41	167.928	251.394
42	229.182	212.96
43	341.987	221.52
44	426.954	270.023
45	545.215	252.02
46	614.651	240.102
47	33.1726	140.401
48	162.168	141.272
49	233.399	153.795
50	343.884	148.064
51	534.296	106.036
52	656.185	112.667
53	750.248	166.051
54	841.038	157.938
55	41.4165	32.2315
56	161.609	44.3208
57	231.63	72.5242
58	350.793	17.9845
59	432.831	14.8378
60	658.663	72.2443
61	749.472	7.57224
62	0	689.472
63	558.699	154.836
64	723.444	556.24
65	34.0528	717.585
66	41.1245	714.118
67	48.1497	711.135
68	55.1285	708.635
69	62.0607	706.619
70	68.9466	705.086
71	75.7859	704.036
72	82.5787	703.469
73	89.3251	703.386
74	96.025	703.786
75	102.678	704.67
76	109.285	706.037
77	115.846	707.887
78	122.36	710.221
79	128.827	713.038
80	135.249	716.339
81	141.623	720.123
82	147.951	724.39
83	154.233	729.14
84	168.065	732.51
85	175.438	731.535
86	182.587	731.448
87	189.511	732.25
88	196.212	733.941
89	202.688	736.52
90	208.94	739.988
91	214.968	744.344
92	227.905	752.975
93	234.996	755.912
94	242.043	758.401
95	249.047	760.441
96	256.008	762.033
97	262.926	763.177
98	269.801	763.872
99	276.632	764.119
100	283.42	763.917
101	290.165	763.267
102	296.866	762.168
103	303.525	760.621
104	310.14	758.626
105	316.712	756.182
106	323.241	753.29
107	329.726	749.949
108	336.169	746.16
109	342.568	741.923
110	215.28	744.983
111	210.019	740.237
112	204.988	735.35
113	200.186	730.324
114	195.614	725.157
115	191.273	719.85
116	187.16	714.402
117	183.278	708.815
118	179.626	703.087
119	176.203	697.219
120	173.011	691.211
121	170.048	685.062
122	167.315	678.774
123	164.811	672.345
124	162.538	665.775
125	160.495	659.066
126	158.681	652.216
127	356.487	732.608
128	363.949	728.882
129	371.308	726.058
130	378.565	724.137
131	385.72	723.119
132	392.773	723.004
133	399.723	723.791
134	406.571	725.481
135	413.317	728.074
136	419.961	731.569
137	426.502	735.968
138	432.941	741.268
139	342.357	733.983
140	335.942	730.582
141	329.677	727.033
142	323.562	723.338
143	317.599	719.495
144	311.785	715.505
145	306.123	711.368
146	300.61	707.084
147	295.249	702.652
148	290.038	698.074
149	284.977	693.348
150	280.067	688.475
151	275.308	683.455
152	270.699	678.288
153	266.241	672.974
154	261.934	667.513
155	257.776	661.904
156	253.77	656.148
157	249.914	650.245
158	246.209	644.195
159	242.654	637.998
160	239.25	631.653
161	235.996	625.162
162	552.141	758.185
163	552.888	750.998
164	553.304	743.899
165	553.389	736.888
166	553.143	729.965
167	552.567	723.13
168	551.66	716.382
169	550.422	709.722
170	548.854	703.15
171	546.955	696.666
172	544.726	690.27
173	542.165	683.962
174	539.274	677.741
175	536.053	671.608
176	532.5	665.563
177	528.617	659.606
178	524.404	653.736
179	864.617	741.767
180	864.154	734.421
181	863.258	727.323
182	861.929	720.471
183	860.168	713.865
184	857.975	707.506
185	855.349	701.394
186	852.291	695.528
187	848.801	689.909
188	844.878	684.536
189	840.522	679.41
190	835.735	674.53
191	830.515	669.897
192	824.862	665.51
193	818.778	661.37
194	364.547	641.608
195	370.845	638.932
196	377.183	636.454
197	383.559	634.175
198	389.974	632.095
199	396.429	630.213
200	402.922	628.53
201	409.453	627.046
202	416.024	625.76
203	422.634	624.673
204	429.282	623.784
205	435.97	623.094
206	442.696	622.603
207	449.461	622.311
208	456.265	622.217
209	463.108	622.321
210	353.742	639.024
211	349.098	633.69
212	344.355	628.478
213	339.514	623.391
214	334.573	618.428
215	329.533	613.588
216	324.395	608.872
217	319.157	604.28
218	313.821	599.812
219	308.385	595.468
220	302.851	591.247
221	297.217	587.151
222	291.485	583.178
223	285.653	579.329
224	279.723	575.604
225	273.694	572.002
226	267.565	568.525
227	261.338	565.171
228	524.97	642.399
229	529.623	636.694
230	533.816	630.839
231	537.551	624.835
232	540.827	618.681
233	543.644	612.377
234	546.002	605.924
235	547.901	599.321
236	549.342	592.569
237	550.324	585.666
238	550.847	578.615
239	550.911	571.413
240	550.516	564.062
241	652.206	640.397
242	648.921	634.229
243	645.674	628.043
244	642.465	621.838
245	639.293	615.614
246	636.159	609.373
247	633.064	603.113
248	630.006	596.834
249	626.985	590.537
250	624.003	584.222
251	621.058	577.888
252	618.152	571.536
253	615.283	565.165
254	612.452	558.776
255	736.496	635.087
256	741.433	629.808
257	746.037	624.399
258	750.306	618.86
259	754.241	613.191
260	757.842	607.393
261	761.109	601.464
262	764.041	595.406
263	766.64	589.217
264	768.904	582.899
265	770.834	576.451
266	772.431	569.872
267	773.693	563.164
268	774.62	556.326
269	775.214	549.358
270	775.474	542.26
271	775.399	535.032
272	810.047	649.924
273	808.246	642.481
274	806.859	635.146
275	805.885	627.92
276	805.324	620.802
277	805.176	613.792
278	805.441	606.89
279	806.119	600.097
280	807.21	593.412
281	808.715	586.836
282	810.632	580.368
283	812.962	574.008
284	815.706	567.757
285	818.863	561.614
286	822.432	555.579
287	826.415	549.653
288	830.811	543.835
289	835.62	538.126
290	840.842	532.525
291	149.921	542.4
292	150.522	535.782
293	151.279	529.199
294	152.193	522.648
295	153.264	516.132
296	154.491	509.649
297	155.875	503.2
298	157.415	496.784
299	159.112	490.402
300	160.966	484.053
301	162.976	477.738
302	165.143	471.457
303	324.52	543.068
304	331.91	540.566
305	339.241	538.44
306	346.513	536.689
307	353.727	535.314
308	360.882	534.315
309	367.978	533.691
310	375.015	533.444
311	381.994	533.572
312	388.914	534.076
313	395.775	534.955
314	402.578	536.211
315	409.322	537.842
316	416.007	539.849
317	422.634	542.232
318	429.201	544.99
319	435.71	548.125
320	442.161	551.635
321	448.552	555.521
322	454.885	559.782
323	461.159	564.42
324	473.49	563.614
325	479.739	558.658
326	486.124	554.565
327	492.644	551.335
328	499.299	548.967
329	506.089	547.463
330	513.014	546.822
331	520.073	547.044
332	527.268	548.129
333	534.598	550.077
334	542.063	552.888
335	465.053	563.017
336	462.796	556.586
337	460.604	550.139
338	458.477	543.676
339	456.414	537.198
340	454.416	530.705
341	452.483	524.196
342	450.614	517.672
343	448.811	511.132
344	447.071	504.577
345	445.397	498.006
346	443.787	491.42
347	442.242	484.818
348	440.762	478.201
349	439.346	471.569
350	437.995	464.92
351	436.709	458.257
352	435.488	451.578
353	434.331	444.883
354	433.239	438.173
355	432.211	431.448
356	431.249	424.707
357	430.351	417.95
358	546.984	550.487
359	544.363	544.391
360	541.8	538.275
361	539.295	532.139
362	536.848	525.982
363	534.458	519.804
364	532.127	513.606
365	529.853	507.387
366	527.637	501.147
367	525.48	494.888
368	523.38	488.607
369	521.338	482.306
370	519.353	475.984
371	517.427	469.642
372	515.559	463.28
373	513.748	456.896
374	781.472	525.743
375	787.958	524.185
376	794.447	523.003
377	800.939	522.195
378	807.434	521.762
379	813.933	521.703
380	820.435	522.02
381	826.941	522.711
382	833.449	523.776
383	839.962	525.217
384	23.6268	407.54
385	27.9753	401.746
386	31.8536	395.841
387	35.2617	389.825
388	38.1996	383.697
389	40.6673	377.459
390	42.6648	371.109
391	44.1921	364.648
392	45.2492	358.076
393	45.8362	351.393
394	45.9529	344.599
395	45.5994	337.693
396	44.7757	330.676
397	43.4818	323.549
398	167.473	458.062
399	167.199	451.015
400	166.642	444.067
401	165.803	437.22
402	164.682	430.472
403	163.28	423.824
404	161.595	417.275
405	159.629	410.827
406	157.381	404.478
407	154.85	398.23
408	152.038	392.081
409	148.944	386.032
410	145.569	380.082
411	141.911	374.233
412	137.971	368.483
413	133.75	362.834
414	366.131	420.191
415	373.457	422.972
416	380.712	424.806
417	387.896	425.696
418	395.009	425.64
419	402.052	424.638
420	409.024	422.692
421	415.926	419.799
422	422.757	415.961
423	657.388	440.515
424	650.926	437.083
425	644.646	433.486
426	638.548	429.722
427	632.633	425.792
428	626.901	421.695
429	621.351	417.433
430	615.984	413.004
431	610.799	408.409
432	605.797	403.648
433	600.978	398.72
434	596.341	393.627
435	591.887	388.367
436	587.615	382.941
437	583.526	377.349
438	579.619	371.59
439	575.895	365.666
440	572.354	359.575
441	568.995	353.318
442	565.819	346.895
443	562.825	340.305
444	560.014	333.55
445	744.962	433.132
446	751.901	432.25
447	758.831	431.605
448	765.749	431.197
449	772.658	431.027
450	779.555	431.094
451	786.443	431.399
452	793.319	431.941
453	800.186	432.72
454	807.041	433.737
455	813.887	434.992
456	820.721	436.484
457	741.348	427.588
458	744.887	421.173
459	748.63	415.008
460	752.576	409.091
461	756.725	403.423
462	761.078	398.005
463	765.634	392.835
464	770.393	387.915
465	775.355	383.243
466	780.521	378.821
467	785.889	374.648
468	791.461	370.724
469	797.237	367.049
470	803.215	363.623
471	809.397	360.446
472	815.782	357.518
473	822.37	354.84
474	829.161	352.41
475	836.156	350.23
476	128.749	350.042
477	128.599	342.927
478	128.795	335.939
479	129.337	329.077
480	130.227	322.342
481	131.462	315.733
482	133.045	309.251
483	134.974	302.896
484	137.249	296.667
485	139.871	290.565
486	142.839	284.589
487	146.154	278.74
488	149.816	273.018
489	153.824	267.422
490	158.179	261.953
491	162.88	256.61
492	335.507	364.113
493	342.41	364.687
494	349.315	365.215
495	356.22	365.696
496	363.126	366.131
497	370.033	366.519
498	376.942	366.861
499	383.851	367.156
500	390.762	367.405
501	397.673	367.607
502	404.586	367.762
503	411.499	367.871
504	418.414	367.934
505	425.329	367.95
506	432.246	367.919
507	439.164	367.842
508	446.083	367.718
509	453.003	367.548
510	459.924	367.331
511	466.846	367.068
512	477.504	359.231
513	481.585	352.421
514	486.009	346.328
515	490.777	340.953
516	495.889	336.294
517	501.346	332.352
518	507.146	329.127
519	513.291	326.619
520	519.78	324.828
521	526.613	323.754
522	533.79	323.397
523	541.311	323.757
524	549.176	324.834
525	564.199	326.2
526	571.009	325.737
527	577.815	325.238
528	584.618	324.704
529	591.417	324.134
530	598.212	323.529
531	605.004	322.889
532	611.791	322.212
533	618.575	321.501
534	625.356	320.754
535	632.132	319.971
536	638.905	319.153
537	645.674	318.299
538	652.439	317.41
539	659.201	316.486
540	665.959	315.526
541	679.953	317.17
542	686.452	320.429
543	692.212	324.307
544	697.232	328.803
545	701.512	333.919
546	705.053	339.654
547	707.853	346.007
548	709.914	352.98
549	665.354	311.72
550	658.488	308.524
551	652.117	304.942
552	646.24	300.975
553	640.858	296.623
554	635.969	291.885
555	631.575	286.761
556	627.674	281.252
557	624.268	275.357
558	621.357	269.077
559	618.939	262.412
560	617.015	255.36
561	615.586	247.924
562	81.3536	209.917
563	88.9314	209.649
564	96.2948	209.877
565	103.444	210.603
566	110.378	211.826
567	117.098	213.546
568	123.604	215.763
569	129.895	218.477
570	135.972	221.688
571	141.834	225.396
572	147.481	229.602
573	152.915	234.304
574	158.134	239.504
575	163.138	245.2
576	175.907	251.742
577	183.404	251.321
578	190.419	250.132
579	196.952	248.175
580	203.002	245.449
581	208.571	241.955
582	213.657	237.693
583	218.262	232.662
584	222.384	226.863
585	226.024	220.296
586	350.684	220.381
587	358.976	219.951
588	366.864	220.228
589	374.348	221.214
590	381.428	222.908
591	388.104	225.31
592	394.375	228.421
593	400.242	232.239
594	405.704	236.766
595	410.763	242.001
596	415.417	247.944
597	419.667	254.595
598	423.512	261.955
599	340.344	214.795
600	339.064	208.08
601	338.148	201.374
602	337.594	194.677
603	337.403	187.99
604	337.576	181.312
605	338.111	174.644
606	339.01	167.985
607	340.272	161.335
608	341.896	154.695
609	433.352	267.891
610	439.77	265.893
611	446.208	264.028
612	452.667	262.296
613	459.146	260.697
614	465.645	259.231
615	472.164	257.898
616	478.704	256.698
617	485.264	255.631
618	491.844	254.698
619	498.444	253.897
620	505.065	253.23
621	511.706	252.696
622	518.367	252.294
623	525.049	252.026
624	531.751	251.891
625	538.473	251.889
626	419.389	267.059
627	412.186	263.85
628	405.343	260.396
629	398.861	256.695
630	392.74	252.749
631	386.98	248.557
632	381.58	244.12
633	376.542	239.436
634	371.864	234.507
635	367.547	229.332
636	363.59	223.911
637	359.995	218.245
638	356.76	212.333
639	353.886	206.175
640	351.373	199.771
641	349.221	193.121
642	347.429	186.226
643	345.999	179.085
644	344.929	171.698
645	344.22	164.066
646	343.871	156.188
647	552.222	251.197
648	559.215	250.292
649	566.193	249.306
650	573.158	248.237
651	580.109	247.086
652	587.045	245.853
653	593.968	244.538
654	600.876	243.141
655	607.771	241.663
656	542.598	245.543
657	540.184	239.051
658	537.971	232.544
659	535.961	226.021
660	534.152	219.484
661	532.545	212.931
662	531.14	206.363
663	529.937	199.781
664	528.936	193.183
665	528.137	186.57
666	527.539	179.942
667	527.144	173.299
668	526.951	166.64
669	526.959	159.967
670	527.17	153.278
671	527.582	146.575
672	528.196	139.856
673	529.012	133.122
674	530.03	126.374
675	531.25	119.61
676	532.672	112.83
677	614.379	232.965
678	614.355	225.908
679	614.578	218.932
680	615.048	212.037
681	615.765	205.222
682	616.729	198.488
683	617.941	191.834
684	619.4	185.261
685	621.106	178.768
686	623.059	172.356
687	625.259	166.025
688	627.706	159.774
689	630.401	153.604
690	633.343	147.514
691	636.532	141.505
692	639.968	135.576
693	643.651	129.728
694	647.582	123.961
695	651.76	118.274
696	620.696	237.156
697	626.728	234.185
698	632.745	231.19
699	638.75	228.17
700	644.741	225.124
701	650.718	222.054
702	656.681	218.959
703	662.631	215.839
704	668.567	212.694
705	674.49	209.525
706	680.399	206.33
707	686.295	203.11
708	692.177	199.866
709	698.045	196.597
710	703.9	193.302
711	709.741	189.983
712	715.568	186.639
713	721.382	183.27
714	727.183	179.876
715	732.969	176.457
716	738.743	173.013
717	744.502	169.545
718	32.5037	133.55
719	31.9928	126.711
720	31.6397	119.884
721	31.4445	113.07
722	31.4072	106.267
723	31.5277	99.4763
724	31.8061	92.6976
725	32.2425	85.9311
726	32.8366	79.1765
727	33.5887	72.434
728	34.4986	65.7035
729	35.5665	58.985
730	36.7922	52.2786
731	38.1757	45.5842
732	39.7172	38.9018
733	161.209	134.353
734	160.391	127.432
735	159.714	120.51
736	159.179	113.588
737	158.785	106.665
738	158.533	99.7413
739	158.422	92.8166
740	158.453	85.891
741	158.625	78.9647
742	158.939	72.0376
743	159.394	65.1096
744	159.991	58.1808
745	160.729	51.2512
746	231.351	147.064
747	229.648	140.325
748	228.291	133.579
749	227.28	126.825
750	226.614	120.064
751	226.294	113.295
752	226.319	106.519
753	226.69	99.7349
754	227.407	92.9435
755	228.469	86.1446
756	229.877	79.3381
757	343.481	141.177
758	343.163	134.294
759	342.93	127.416
760	342.783	120.543
761	342.721	113.674
762	342.744	106.81
763	342.852	99.9497
764	343.045	93.0944
765	343.323	86.2436
766	343.687	79.3973
767	344.136	72.5556
768	344.67	65.7184
769	345.289	58.8857
770	345.993	52.0575
771	346.783	45.2339
772	347.657	38.4148
773	348.617	31.6002
774	349.662	24.7901
775	541.372	100.817
776	548.412	96.2555
777	555.416	92.3511
778	562.384	89.1041
779	569.316	86.5144
780	576.213	84.5821
781	583.074	83.3071
782	589.899	82.6895
783	596.689	82.7292
784	603.443	83.4263
785	610.16	84.7807
786	616.843	86.7924
787	623.489	89.4615
788	630.1	92.788
789	636.675	96.7718
790	643.214	101.413
791	649.717	106.711
792	657.64	105.994
793	658.678	99.2952
794	659.299	92.5708
795	659.504	85.8208
796	659.292	79.0454
797	757.306	166.262
798	764.352	166.333
799	771.386	166.265
800	778.407	166.059
801	785.416	165.713
802	792.412	165.228
803	799.396	164.604
804	806.368	163.84
805	813.327	162.938
806	820.273	161.897
807	827.207	160.716
808	834.129	159.396
809	169.102	44.0846
810	176.37	44.4085
811	183.412	45.2924
812	190.229	46.7363
813	196.82	48.7402
814	203.186	51.3041
815	209.326	54.4281
816	215.24	58.1121
817	220.929	62.3561
818	226.392	67.1601
819	357.437	12.7078
820	364.116	8.34277
821	370.83	4.88948
822	377.579	2.34792
823	384.363	0.718096
824	391.182	0
825	398.036	0.193635
826	404.925	1.299
827	411.849	3.3161
828	418.808	6.24493
829	425.802	10.0855
830	661.795	64.6304
831	665.266	57.4928
832	669.076	50.8314
833	673.225	44.6462
834	677.714	38.9373
835	682.541	33.7047
836	687.708	28.9483
837	693.214	24.6682
838	699.059	20.8643
839	705.244	17.5367
840	711.767	14.6853
841	718.63	12.3102
842	725.832	10.4113
843	733.373	8.9887
844	741.253	8.04234
