NOMBRE : MTLARP9_10_5_1.dat
VERTICES ORIGINALES : 78
VERTICES TOTALES : 981
DEPOTS : 5
74
75
76
77
78
LINEAS ORIGINALES : 60
LINE 1 2 216.791 20
	79 11.2882
	80 11.1493
	81 11.0243
	82 10.9138
	83 10.8181
	84 10.7378
	85 10.673
	86 10.6242
	87 10.5916
	88 10.5752
	89 10.5752
	90 10.5916
	91 10.6242
	92 10.673
	93 10.7378
	94 10.8181
	95 10.9138
	96 11.0243
	97 11.1493
	2 11.2882
LINE 3 11 229.118 20
	98 12.8716
	99 12.4492
	100 12.0613
	101 11.7113
	102 11.4028
	103 11.1392
	104 10.9238
	105 10.7593
	106 10.6483
	107 10.5924
	108 10.5924
	109 10.6483
	110 10.7593
	111 10.9238
	112 11.1392
	113 11.4028
	114 11.7113
	115 12.0613
	116 12.4492
	11 12.8716
LINE 4 5 98.3788 9
	117 11.7875
	118 11.1612
	119 10.6914
	120 10.3993
	121 10.3001
	122 10.3993
	123 10.6914
	124 11.1612
	5 11.7875
LINE 6 7 248.126 21
	125 13.6491
	126 13.1369
	127 12.661
	128 12.2257
	129 11.8355
	130 11.495
	131 11.2087
	132 10.9809
	133 10.8152
	134 10.7146
	135 10.6808
	136 10.7146
	137 10.8152
	138 10.9809
	139 11.2087
	140 11.495
	141 11.8355
	142 12.2257
	143 12.661
	144 13.1369
	7 13.6491
LINE 7 16 129.763 12
	145 11.3517
	146 11.0638
	147 10.8281
	148 10.6478
	149 10.5259
	150 10.4644
	151 10.4644
	152 10.5259
	153 10.6478
	154 10.8281
	155 11.0638
	16 11.3517
LINE 8 9 98.8365 9
	156 11.7212
	157 11.1786
	158 10.7743
	159 10.5243
	160 10.4397
	161 10.5243
	162 10.7743
	163 11.1786
	9 11.7212
LINE 8 19 258.616 24
	164 10.896
	165 10.8648
	166 10.8363
	167 10.8106
	168 10.7878
	169 10.7677
	170 10.7505
	171 10.7362
	172 10.7246
	173 10.716
	174 10.7102
	175 10.7074
	176 10.7074
	177 10.7102
	178 10.716
	179 10.7246
	180 10.7362
	181 10.7505
	182 10.7677
	183 10.7878
	184 10.8106
	185 10.8363
	186 10.8648
	19 10.896
LINE 10 20 129.428 12
	187 10.8517
	188 10.8158
	189 10.787
	190 10.7653
	191 10.7508
	192 10.7436
	193 10.7436
	194 10.7508
	195 10.7653
	196 10.787
	197 10.8158
	20 10.8517
LINE 11 21 139.478 13
	198 10.9532
	199 10.8421
	200 10.7504
	201 10.6785
	202 10.6268
	203 10.5957
	204 10.5853
	205 10.5957
	206 10.6268
	207 10.6785
	208 10.7504
	209 10.8421
	21 10.9532
LINE 12 23 262.911 22
	210 13.5468
	211 13.1183
	212 12.7202
	213 12.3557
	214 12.0277
	215 11.7392
	216 11.4933
	217 11.2927
	218 11.1398
	219 11.0368
	220 10.9849
	221 10.9849
	222 11.0368
	223 11.1398
	224 11.2927
	225 11.4933
	226 11.7392
	227 12.0277
	228 12.3557
	229 12.7202
	230 13.1183
	23 13.5468
LINE 13 14 132.905 12
	231 11.2843
	232 11.1712
	233 11.0799
	234 11.0109
	235 10.9647
	236 10.9415
	237 10.9415
	238 10.9647
	239 11.0109
	240 11.0799
	241 11.1712
	14 11.2843
LINE 14 15 140.329 13
	242 11.4221
	243 11.1156
	244 10.8585
	245 10.6541
	246 10.5058
	247 10.4157
	248 10.3855
	249 10.4157
	250 10.5058
	251 10.6541
	252 10.8585
	253 11.1156
	15 11.4221
LINE 16 17 159.617 15
	254 10.8854
	255 10.7818
	256 10.6933
	257 10.6203
	258 10.5633
	259 10.5223
	260 10.4976
	261 10.4894
	262 10.4976
	263 10.5223
	264 10.5633
	265 10.6203
	266 10.6933
	267 10.7818
	17 10.8854
LINE 18 27 178.145 16
	268 11.4512
	269 11.3259
	270 11.2174
	271 11.1262
	272 11.0527
	273 10.9972
	274 10.9601
	275 10.9415
	276 10.9415
	277 10.9601
	278 10.9972
	279 11.0527
	280 11.1262
	281 11.2174
	282 11.3259
	27 11.4512
LINE 19 28 128.122 12
	283 11.2054
	284 10.9226
	285 10.691
	286 10.5139
	287 10.3942
	288 10.3338
	289 10.3338
	290 10.3942
	291 10.5139
	292 10.691
	293 10.9226
	28 11.2054
LINE 21 22 247.457 21
	294 13.1134
	295 12.7349
	296 12.3864
	297 12.0706
	298 11.79
	299 11.5473
	300 11.3449
	301 11.1849
	302 11.0692
	303 10.9992
	304 10.9757
	305 10.9992
	306 11.0692
	307 11.1849
	308 11.3449
	309 11.5473
	310 11.79
	311 12.0706
	312 12.3864
	313 12.7349
	22 13.1134
LINE 24 32 231.34 21
	314 11.3548
	315 11.2547
	316 11.1644
	317 11.0841
	318 11.014
	319 10.9544
	320 10.9053
	321 10.867
	322 10.8396
	323 10.8231
	324 10.8176
	325 10.8231
	326 10.8396
	327 10.867
	328 10.9053
	329 10.9544
	330 11.014
	331 11.0841
	332 11.1644
	333 11.2547
	32 11.3548
LINE 25 26 194.723 18
	334 10.8443
	335 10.835
	336 10.8269
	337 10.8199
	338 10.8141
	339 10.8094
	340 10.8059
	341 10.8036
	342 10.8024
	343 10.8024
	344 10.8036
	345 10.8059
	346 10.8094
	347 10.8141
	348 10.8199
	349 10.8269
	350 10.835
	26 10.8443
LINE 25 35 217.539 18
	351 13.8296
	352 13.2523
	353 12.7257
	354 12.2563
	355 11.8509
	356 11.5164
	357 11.259
	358 11.084
	359 10.9955
	360 10.9955
	361 11.084
	362 11.259
	363 11.5164
	364 11.8509
	365 12.2563
	366 12.7257
	367 13.2523
	35 13.8296
LINE 27 36 143.851 13
	368 11.9345
	369 11.5135
	370 11.1573
	371 10.8722
	372 10.6638
	373 10.5369
	374 10.4942
	375 10.5369
	376 10.6638
	377 10.8722
	378 11.1573
	379 11.5135
	36 11.9345
LINE 28 37 223.16 21
	380 10.7785
	381 10.7333
	382 10.6926
	383 10.6566
	384 10.6254
	385 10.5988
	386 10.5771
	387 10.5601
	388 10.548
	389 10.5407
	390 10.5383
	391 10.5407
	392 10.548
	393 10.5601
	394 10.5771
	395 10.5988
	396 10.6254
	397 10.6566
	398 10.6926
	399 10.7333
	37 10.7785
LINE 29 37 330.699 29
	400 12.7705
	401 12.4943
	402 12.233
	403 11.9876
	404 11.759
	405 11.5484
	406 11.3566
	407 11.1846
	408 11.0334
	409 10.9038
	410 10.7966
	411 10.7125
	412 10.652
	413 10.6156
	414 10.6034
	415 10.6156
	416 10.652
	417 10.7125
	418 10.7966
	419 10.9038
	420 11.0334
	421 11.1846
	422 11.3566
	423 11.5484
	424 11.759
	425 11.9876
	426 12.233
	427 12.4943
	37 12.7705
LINE 30 39 157.137 14
	428 11.5074
	429 11.378
	430 11.2691
	431 11.1811
	432 11.1147
	433 11.0703
	434 11.048
	435 11.048
	436 11.0703
	437 11.1147
	438 11.1811
	439 11.2691
	440 11.378
	39 11.5074
LINE 31 39 231.069 20
	441 12.5221
	442 12.2279
	443 11.9603
	444 11.7212
	445 11.5122
	446 11.3352
	447 11.1915
	448 11.0825
	449 11.0093
	450 10.9725
	451 10.9725
	452 11.0093
	453 11.0825
	454 11.1915
	455 11.3352
	456 11.5122
	457 11.7212
	458 11.9603
	459 12.2279
	39 12.5221
LINE 31 40 151.326 14
	460 10.8127
	461 10.811
	462 10.8095
	463 10.8084
	464 10.8076
	465 10.807
	466 10.8067
	467 10.8067
	468 10.807
	469 10.8076
	470 10.8084
	471 10.8095
	472 10.811
	40 10.8127
LINE 33 41 137.924 12
	473 12.6983
	474 12.0674
	475 11.5379
	476 11.1242
	477 10.8397
	478 10.6946
	479 10.6946
	480 10.8397
	481 11.1242
	482 11.5379
	483 12.0674
	41 12.6983
LINE 34 41 210.225 20
	484 10.5435
	485 10.5333
	486 10.5243
	487 10.5163
	488 10.5095
	489 10.5039
	490 10.4993
	491 10.4959
	492 10.4937
	493 10.4925
	494 10.4925
	495 10.4937
	496 10.4959
	497 10.4993
	498 10.5039
	499 10.5095
	500 10.5163
	501 10.5243
	502 10.5333
	41 10.5435
LINE 36 37 118.974 11
	503 11.4442
	504 11.0752
	505 10.7795
	506 10.5632
	507 10.4313
	508 10.387
	509 10.4313
	510 10.5632
	511 10.7795
	512 11.0752
	37 11.4442
LINE 36 44 176.171 15
	513 13.4
	514 12.7315
	515 12.1372
	516 11.6284
	517 11.2167
	518 10.9131
	519 10.7268
	520 10.664
	521 10.7268
	522 10.9131
	523 11.2167
	524 11.6284
	525 12.1372
	526 12.7315
	44 13.4
LINE 37 38 165.847 15
	527 12.053
	528 11.642
	529 11.2826
	530 10.9798
	531 10.7384
	532 10.5625
	533 10.4556
	534 10.4197
	535 10.4556
	536 10.5625
	537 10.7384
	538 10.9798
	539 11.2826
	540 11.642
	38 12.053
LINE 37 45 131.841 12
	541 11.0018
	542 10.9936
	543 10.987
	544 10.9821
	545 10.9789
	546 10.9772
	547 10.9772
	548 10.9789
	549 10.9821
	550 10.987
	551 10.9936
	45 11.0018
LINE 39 40 162.662 15
	552 11.4492
	553 11.196
	554 10.9772
	555 10.7949
	556 10.651
	557 10.5469
	558 10.484
	559 10.463
	560 10.484
	561 10.5469
	562 10.651
	563 10.7949
	564 10.9772
	565 11.196
	40 11.4492
LINE 39 46 96.6171 9
	566 10.8047
	567 10.7527
	568 10.7154
	569 10.693
	570 10.6855
	571 10.693
	572 10.7154
	573 10.7527
	46 10.8047
LINE 40 46 238.789 20
	574 13.6801
	575 13.1657
	576 12.691
	577 12.2606
	578 11.8793
	579 11.5519
	580 11.2831
	581 11.0773
	582 10.9379
	583 10.8675
	584 10.8675
	585 10.9379
	586 11.0773
	587 11.2831
	588 11.5519
	589 11.8793
	590 12.2606
	591 12.691
	592 13.1657
	46 13.6801
LINE 40 47 183.362 17
	593 11.364
	594 11.1524
	595 10.9657
	596 10.8052
	597 10.6721
	598 10.5674
	599 10.492
	600 10.4465
	601 10.4313
	602 10.4465
	603 10.492
	604 10.5674
	605 10.6721
	606 10.8052
	607 10.9657
	608 11.1524
	47 11.364
LINE 41 48 275.409 25
	609 11.572
	610 11.4365
	611 11.3114
	612 11.1969
	613 11.0936
	614 11.0015
	615 10.9212
	616 10.8527
	617 10.7963
	618 10.7523
	619 10.7207
	620 10.7018
	621 10.6954
	622 10.7018
	623 10.7207
	624 10.7523
	625 10.7963
	626 10.8527
	627 10.9212
	628 11.0015
	629 11.0936
	630 11.1969
	631 11.3114
	632 11.4365
	48 11.572
LINE 41 50 245.611 23
	633 10.8114
	634 10.7754
	635 10.7428
	636 10.7135
	637 10.6876
	638 10.6651
	639 10.646
	640 10.6304
	641 10.6182
	642 10.6095
	643 10.6043
	644 10.6025
	645 10.6043
	646 10.6095
	647 10.6182
	648 10.6304
	649 10.646
	650 10.6651
	651 10.6876
	652 10.7135
	653 10.7428
	654 10.7754
	50 10.8114
LINE 42 50 222.693 19
	655 13.3153
	656 12.8154
	657 12.3576
	658 11.9466
	659 11.5875
	660 11.2851
	661 11.0443
	662 10.8689
	663 10.7624
	664 10.7266
	665 10.7624
	666 10.8689
	667 11.0443
	668 11.2851
	669 11.5875
	670 11.9466
	671 12.3576
	672 12.8154
	50 13.3153
LINE 43 51 238.818 21
	673 12.0457
	674 11.8493
	675 11.6707
	676 11.5109
	677 11.3705
	678 11.2504
	679 11.1511
	680 11.0733
	681 11.0174
	682 10.9837
	683 10.9724
	684 10.9837
	685 11.0174
	686 11.0733
	687 11.1511
	688 11.2504
	689 11.3705
	690 11.5109
	691 11.6707
	692 11.8493
	51 12.0457
LINE 44 53 156.453 14
	693 11.3618
	694 11.2763
	695 11.2045
	696 11.1468
	697 11.1033
	698 11.0742
	699 11.0596
	700 11.0596
	701 11.0742
	702 11.1033
	703 11.1468
	704 11.2045
	705 11.2763
	53 11.3618
LINE 46 47 149.662 14
	706 10.7082
	707 10.6999
	708 10.6929
	709 10.6874
	710 10.6832
	711 10.6804
	712 10.6791
	713 10.6791
	714 10.6804
	715 10.6832
	716 10.6874
	717 10.6929
	718 10.6999
	47 10.7082
LINE 47 48 206.617 19
	719 11.1345
	720 11.0488
	721 10.9727
	722 10.9062
	723 10.8497
	724 10.8032
	725 10.7669
	726 10.7409
	727 10.7253
	728 10.7201
	729 10.7253
	730 10.7409
	731 10.7669
	732 10.8032
	733 10.8497
	734 10.9062
	735 10.9727
	736 11.0488
	48 11.1345
LINE 48 56 98.895 9
	737 11.127
	738 11.0234
	739 10.9488
	740 10.9038
	741 10.8888
	742 10.9038
	743 10.9488
	744 11.0234
	56 11.127
LINE 49 56 201.973 19
	745 10.6769
	746 10.6613
	747 10.6476
	748 10.6357
	749 10.6256
	750 10.6174
	751 10.6109
	752 10.6063
	753 10.6036
	754 10.6027
	755 10.6036
	756 10.6063
	757 10.6109
	758 10.6174
	759 10.6256
	760 10.6357
	761 10.6476
	762 10.6613
	56 10.6769
LINE 50 51 202.353 19
	763 10.6667
	764 10.6612
	765 10.6563
	766 10.6521
	767 10.6485
	768 10.6456
	769 10.6434
	770 10.6417
	771 10.6408
	772 10.6404
	773 10.6408
	774 10.6417
	775 10.6434
	776 10.6456
	777 10.6485
	778 10.6521
	779 10.6563
	780 10.6612
	51 10.6667
LINE 50 59 196.448 18
	781 10.9242
	782 10.9206
	783 10.9173
	784 10.9146
	785 10.9123
	786 10.9104
	787 10.909
	788 10.9081
	789 10.9076
	790 10.9076
	791 10.9081
	792 10.909
	793 10.9104
	794 10.9123
	795 10.9146
	796 10.9173
	797 10.9206
	59 10.9242
LINE 51 52 117.752 11
	798 10.7818
	799 10.7357
	800 10.6997
	801 10.6739
	802 10.6584
	803 10.6532
	804 10.6584
	805 10.6739
	806 10.6997
	807 10.7357
	52 10.7818
LINE 53 54 147.137 13
	808 12.6746
	809 12.0283
	810 11.4724
	811 11.0207
	812 10.6863
	813 10.4806
	814 10.4111
	815 10.4806
	816 10.6863
	817 11.0207
	818 11.4724
	819 12.0283
	54 12.6746
LINE 55 62 310.555 28
	820 11.8763
	821 11.7079
	822 11.5503
	823 11.4039
	824 11.2691
	825 11.1464
	826 11.0363
	827 10.9389
	828 10.8548
	829 10.7842
	830 10.7274
	831 10.6846
	832 10.656
	833 10.6416
	834 10.6416
	835 10.656
	836 10.6846
	837 10.7274
	838 10.7842
	839 10.8548
	840 10.9389
	841 11.0363
	842 11.1464
	843 11.2691
	844 11.4039
	845 11.5503
	846 11.7079
	62 11.8763
LINE 57 58 199.811 18
	847 11.2236
	848 11.1804
	849 11.1425
	850 11.1099
	851 11.0827
	852 11.0608
	853 11.0444
	854 11.0335
	855 11.028
	856 11.028
	857 11.0335
	858 11.0444
	859 11.0608
	860 11.0827
	861 11.1099
	862 11.1425
	863 11.1804
	58 11.2236
LINE 57 63 175.419 15
	864 12.9497
	865 12.4358
	866 11.9837
	867 11.6007
	868 11.2939
	869 11.0695
	870 10.9327
	871 10.8867
	872 10.9327
	873 11.0695
	874 11.2939
	875 11.6007
	876 11.9837
	877 12.4358
	63 12.9497
LINE 59 66 200.551 18
	878 12.0734
	879 11.7568
	880 11.4726
	881 11.2232
	882 11.0111
	883 10.8385
	884 10.7072
	885 10.6187
	886 10.5742
	887 10.5742
	888 10.6187
	889 10.7072
	890 10.8385
	891 11.0111
	892 11.2232
	893 11.4726
	894 11.7568
	66 12.0734
LINE 60 68 115.813 11
	895 10.5427
	896 10.5342
	897 10.5275
	898 10.5227
	899 10.5199
	900 10.5189
	901 10.5199
	902 10.5227
	903 10.5275
	904 10.5342
	68 10.5427
LINE 61 69 101.678 9
	905 11.5506
	906 11.3622
	907 11.2256
	908 11.1429
	909 11.1152
	910 11.1429
	911 11.2256
	912 11.3622
	69 11.5506
LINE 63 70 136.2 12
	913 11.5941
	914 11.4621
	915 11.3554
	916 11.2747
	917 11.2206
	918 11.1934
	919 11.1934
	920 11.2206
	921 11.2747
	922 11.3554
	923 11.4621
	70 11.5941
LINE 64 65 59.7443 5
	924 12.4577
	925 11.6978
	926 11.4333
	927 11.6978
	65 12.4577
LINE 65 72 77.9464 7
	928 11.6233
	929 11.1404
	930 10.8403
	931 10.7384
	932 10.8403
	933 11.1404
	72 11.6233
LINE 66 73 237.28 21
	934 12.5879
	935 12.2212
	936 11.8836
	937 11.5774
	938 11.3054
	939 11.07
	940 10.8737
	941 10.7184
	942 10.6062
	943 10.5382
	944 10.5155
	945 10.5382
	946 10.6062
	947 10.7184
	948 10.8737
	949 11.07
	950 11.3054
	951 11.5774
	952 11.8836
	953 12.2212
	73 12.5879
LINE 67 68 231.876 20
	954 13.2152
	955 12.7348
	956 12.2921
	957 11.8912
	958 11.5365
	959 11.2323
	960 10.983
	961 10.7921
	962 10.663
	963 10.5979
	964 10.5979
	965 10.663
	966 10.7921
	967 10.983
	968 11.2323
	969 11.5365
	970 11.8912
	971 12.2921
	972 12.7348
	68 13.2152
LINE 70 71 120.237 10
	973 13.1409
	974 12.4199
	975 11.8504
	976 11.455
	977 11.2521
	978 11.2521
	979 11.455
	980 11.8504
	981 12.4199
	71 13.1409
COORDENADAS :
1	126.063	822.309
2	267.037	821.668
3	373.245	866.832
4	476.511	850.449
5	536.381	865.777
6	724.283	804.298
7	870.325	836.417
8	58.0515	766.625
9	120.436	760.991
10	261.147	722.245
11	322.713	735.05
12	431.273	720.017
13	579.776	738.278
14	661.773	707.714
15	749.855	726.236
16	850.154	755.232
17	951.025	726.462
18	63.5482	636.947
19	157.817	627.36
20	215.789	649.248
21	322.42	643.311
22	475.804	634.102
23	567.691	634.48
24	641.984	654.672
25	754.074	624.693
26	882.277	643.856
27	27.7375	525.894
28	124.591	551.726
29	281.997	542.536
30	317.325	522.786
31	419.291	544.441
32	524.591	558.992
33	675.879	541.478
34	765.892	559.474
35	816.404	508.549
36	64.9304	442.897
37	130.607	404.313
38	227.201	443.384
39	339.246	422.055
40	441.106	445.967
41	671.544	456.178
42	752.234	442.474
43	871.25	462.739
44	25.5136	343.809
45	143.546	317.456
46	324.935	359.56
47	420.008	329.643
48	555.511	320.857
49	653.741	315.486
50	737.171	307.441
51	871.94	309.126
52	935.274	354.864
53	78.043	254.971
54	167.443	242.762
55	440.656	259.662
56	531.371	260.147
57	631.438	217.165
58	753.345	268.635
59	819.143	205.396
60	152.104	129.573
61	422.004	117.812
62	577.785	115.99
63	625.635	108.453
64	780.592	105.304
65	818.673	103.807
66	938.925	163.726
67	43.2791	29.9915
68	181.608	58.2995
69	452.773	58.6435
70	663.924	27.5347
71	733.518	0
72	852.168	66.5328
73	943.285	16.5734
74	524.827	432.551
75	577.715	672.363
76	0	291.702
77	210.578	401.569
78	845.698	673.873
79	133.099	819.641
80	140.137	817.251
81	147.177	815.138
82	154.217	813.303
83	161.259	811.744
84	168.302	810.464
85	175.346	809.461
86	182.392	808.735
87	189.439	808.287
88	196.487	808.116
89	203.536	808.223
90	210.587	808.607
91	217.638	809.268
92	224.692	810.208
93	231.746	811.424
94	238.802	812.918
95	245.859	814.689
96	252.917	816.738
97	259.976	819.065
98	366.16	861.991
99	359.555	856.966
100	353.429	851.756
101	347.784	846.363
102	342.618	840.786
103	337.932	835.025
104	333.726	829.08
105	330	822.951
106	326.754	816.638
107	323.987	810.141
108	321.7	803.46
109	319.894	796.595
110	318.567	789.546
111	317.719	782.312
112	317.352	774.895
113	317.465	767.294
114	318.057	759.509
115	319.129	751.54
116	320.681	743.387
117	482.216	855.853
118	488.157	860.333
119	494.335	863.887
120	500.751	866.515
121	507.403	868.218
122	514.292	868.996
123	521.418	868.848
124	528.781	867.775
125	730.021	811.361
126	735.88	817.87
127	741.86	823.826
128	747.963	829.229
129	754.187	834.078
130	760.533	838.374
131	767.001	842.117
132	773.59	845.307
133	780.301	847.943
134	787.134	850.026
135	794.088	851.555
136	801.164	852.531
137	808.362	852.954
138	815.681	852.824
139	823.122	852.14
140	830.685	850.903
141	838.37	849.112
142	846.176	846.769
143	854.104	843.871
144	862.153	840.421
145	865.785	830.362
146	861.766	824.178
147	858.266	817.864
148	855.286	811.421
149	852.825	804.85
150	850.885	798.149
151	849.464	791.319
152	848.562	784.36
153	848.181	777.271
154	848.319	770.054
155	848.976	762.707
156	64.6636	762.46
157	71.3555	759.181
158	78.1273	756.786
159	84.979	755.275
160	91.9106	754.649
161	98.922	754.908
162	106.013	756.051
163	113.185	758.079
164	61.1134	760.038
165	64.2706	753.519
166	67.5229	747.068
167	70.8704	740.685
168	74.3132	734.371
169	77.8512	728.125
170	81.4844	721.947
171	85.2128	715.838
172	89.0364	709.796
173	92.9552	703.823
174	96.9693	697.918
175	101.079	692.081
176	105.283	686.312
177	109.583	680.612
178	113.978	674.98
179	118.468	669.416
180	123.053	663.92
181	127.734	658.493
182	132.509	653.133
183	137.38	647.842
184	142.347	642.619
185	147.408	637.464
186	152.565	632.378
187	258.236	715.622
188	255.167	709.097
189	251.941	702.671
190	248.556	696.342
191	245.013	690.112
192	241.312	683.98
193	237.453	677.946
194	233.436	672.01
195	229.262	666.172
196	224.929	660.433
197	220.438	654.791
198	320.814	727.999
199	319.228	720.947
200	317.954	713.895
201	316.993	706.841
202	316.345	699.786
203	316.01	692.73
204	315.988	685.673
205	316.278	678.615
206	316.881	671.557
207	317.797	664.497
208	319.025	657.436
209	320.566	650.374
210	434.663	711.646
211	438.321	703.702
212	442.246	696.185
213	446.439	689.095
214	450.9	682.432
215	455.628	676.196
216	460.625	670.387
217	465.888	665.005
218	471.42	660.049
219	477.219	655.521
220	483.286	651.419
221	489.621	647.745
222	496.223	644.497
223	503.093	641.676
224	510.231	639.282
225	517.636	637.316
226	525.31	635.776
227	533.25	634.663
228	541.459	633.977
229	549.935	633.717
230	558.679	633.885
231	587.254	737.463
232	594.615	736.332
233	601.859	734.887
234	608.986	733.127
235	615.995	731.052
236	622.886	728.663
237	629.661	725.958
238	636.318	722.939
239	642.858	719.605
240	649.28	715.956
241	655.585	711.993
242	667.896	712.241
243	674.128	716.25
244	680.469	719.743
245	686.918	722.719
246	693.476	725.177
247	700.143	727.119
248	706.919	728.544
249	713.803	729.452
250	720.796	729.842
251	727.897	729.716
252	735.108	729.073
253	742.427	727.913
254	857.41	755.179
255	864.591	754.86
256	871.696	754.274
257	878.725	753.422
258	885.677	752.303
259	892.554	750.918
260	899.355	749.267
261	906.08	747.349
262	912.729	745.165
263	919.301	742.714
264	925.798	739.996
265	932.219	737.012
266	938.564	733.762
267	944.832	730.245
268	59.1616	630.699
269	55.0615	624.359
270	51.2477	617.926
271	47.7205	611.401
272	44.4797	604.783
273	41.5254	598.073
274	38.8575	591.271
275	36.4761	584.377
276	34.3812	577.39
277	32.5727	570.31
278	31.0507	563.138
279	29.8151	555.874
280	28.866	548.518
281	28.2034	541.069
282	27.8272	533.528
283	152.392	622.223
284	147.45	616.875
285	142.992	611.315
286	139.016	605.542
287	135.523	599.558
288	132.512	593.361
289	129.985	586.952
290	127.94	580.331
291	126.379	573.498
292	125.3	566.453
293	124.704	559.196
294	330.011	647.648
295	337.573	651.507
296	345.106	654.889
297	352.611	657.793
298	360.087	660.22
299	367.535	662.169
300	374.953	663.641
301	382.343	664.635
302	389.705	665.152
303	397.037	665.191
304	404.341	664.752
305	411.617	663.836
306	418.863	662.442
307	426.081	660.571
308	433.27	658.222
309	440.431	655.396
310	447.563	652.092
311	454.666	648.311
312	461.741	644.052
313	468.787	639.316
314	634.941	651.899
315	628.042	648.948
316	621.289	645.819
317	614.682	642.511
318	608.219	639.025
319	601.902	635.36
320	595.731	631.517
321	589.705	627.496
322	583.824	623.297
323	578.088	618.919
324	572.498	614.363
325	567.053	609.628
326	561.754	604.715
327	556.6	599.624
328	551.591	594.354
329	546.727	588.906
330	542.009	583.28
331	537.437	577.476
332	533.009	571.493
333	528.727	565.331
334	761.102	626.387
335	768.142	628.006
336	775.192	629.551
337	782.254	631.023
338	789.327	632.42
339	796.41	633.744
340	803.505	634.993
341	810.611	636.169
342	817.728	637.27
343	824.856	638.298
344	831.995	639.251
345	839.145	640.131
346	846.306	640.937
347	853.478	641.669
348	860.661	642.326
349	867.855	642.91
350	875.061	643.42
351	752.601	615.592
352	751.708	606.802
353	751.397	598.324
354	751.666	590.158
355	752.516	582.303
356	753.946	574.76
357	755.957	567.528
358	758.549	560.609
359	761.721	554
360	765.475	547.704
361	769.808	541.719
362	774.723	536.045
363	780.218	530.684
364	786.294	525.633
365	792.951	520.895
366	800.188	516.468
367	808.006	512.353
368	27.1407	517.96
369	27.1202	510.284
370	27.676	502.867
371	28.8081	495.708
372	30.5165	488.807
373	32.8012	482.164
374	35.6622	475.78
375	39.0995	469.654
376	43.1131	463.786
377	47.703	458.176
378	52.8692	452.825
379	58.6116	447.732
380	126.385	544.768
381	128.028	537.804
382	129.52	530.833
383	130.862	523.857
384	132.052	516.874
385	133.093	509.885
386	133.982	502.89
387	134.721	495.889
388	135.309	488.881
389	135.746	481.868
390	136.032	474.848
391	136.168	467.822
392	136.153	460.79
393	135.987	453.752
394	135.671	446.708
395	135.204	439.658
396	134.586	432.601
397	133.817	425.538
398	132.898	418.469
399	131.827	411.394
400	273.578	541.273
401	265.387	539.761
402	257.424	537.998
403	249.69	535.985
404	242.185	533.721
405	234.908	531.207
406	227.859	528.443
407	221.039	525.429
408	214.448	522.164
409	208.085	518.65
410	201.951	514.884
411	196.045	510.869
412	190.367	506.603
413	184.918	502.087
414	179.698	497.321
415	174.706	492.304
416	169.943	487.037
417	165.408	481.52
418	161.102	475.753
419	157.024	469.735
420	153.175	463.467
421	149.554	456.949
422	146.161	450.18
423	142.998	443.162
424	140.062	435.892
425	137.356	428.373
426	134.877	420.603
427	132.628	412.583
428	320.994	516.048
429	324.34	509.241
430	327.361	502.362
431	330.06	495.414
432	332.434	488.395
433	334.485	481.305
434	336.213	474.146
435	337.617	466.915
436	338.697	459.615
437	339.454	452.244
438	339.887	444.802
439	339.997	437.29
440	339.783	429.708
441	418.66	536.117
442	417.674	528.025
443	416.333	520.165
444	414.637	512.537
445	412.587	505.141
446	410.182	497.978
447	407.421	491.046
448	404.306	484.346
449	400.836	477.879
450	397.011	471.644
451	392.832	465.64
452	388.297	459.869
453	383.408	454.33
454	378.164	449.023
455	372.564	443.948
456	366.61	439.105
457	360.302	434.495
458	353.638	430.116
459	346.619	425.97
460	421.083	537.459
461	422.839	530.469
462	424.56	523.471
463	426.244	516.465
464	427.892	509.451
465	429.505	502.429
466	431.081	495.4
467	432.621	488.362
468	434.126	481.316
469	435.594	474.262
470	437.026	467.2
471	438.422	460.13
472	439.782	453.052
473	680.095	534.137
474	683.479	526.839
475	686.031	519.582
476	687.75	512.368
477	688.637	505.196
478	688.692	498.067
479	687.915	490.98
480	686.305	483.935
481	683.863	476.932
482	680.589	469.972
483	676.483	463.054
484	761.685	553.843
485	757.424	548.261
486	753.11	542.729
487	748.742	537.245
488	744.32	531.81
489	739.844	526.424
490	735.315	521.088
491	730.732	515.8
492	726.095	510.562
493	721.405	505.372
494	716.66	500.232
495	711.862	495.141
496	707.011	490.099
497	702.105	485.106
498	697.146	480.162
499	692.133	475.267
500	687.067	470.421
501	681.946	465.624
502	676.772	460.877
503	72.5233	442.151
504	79.7917	440.852
505	86.7356	439.002
506	93.3551	436.598
507	99.6501	433.643
508	105.621	430.136
509	111.267	426.076
510	116.588	421.463
511	121.586	416.299
512	126.258	410.582
513	57.2763	438.29
514	50.3403	433.398
515	44.1223	428.221
516	38.6223	422.757
517	33.8404	417.008
518	29.7765	410.974
519	26.4307	404.654
520	23.8029	398.048
521	21.8931	391.156
522	20.7014	383.979
523	20.2278	376.516
524	20.4722	368.768
525	21.4346	360.734
526	23.1151	352.414
527	135.532	410.662
528	140.673	416.476
529	146.031	421.755
530	151.605	426.5
531	157.396	430.709
532	163.403	434.383
533	169.626	437.523
534	176.066	440.128
535	182.722	442.198
536	189.594	443.733
537	196.683	444.733
538	203.988	445.198
539	211.509	445.128
540	219.247	444.523
541	131.198	397.003
542	131.878	389.705
543	132.647	382.421
544	133.504	375.15
545	134.45	367.892
546	135.484	360.647
547	136.606	353.416
548	137.817	346.197
549	139.117	338.992
550	140.505	331.8
551	141.981	324.621
552	345.328	426.666
553	351.512	430.847
554	357.797	434.596
555	364.183	437.914
556	370.67	440.801
557	377.258	443.257
558	383.948	445.282
559	390.738	446.877
560	397.63	448.04
561	404.623	448.772
562	411.718	449.073
563	418.913	448.943
564	426.21	448.382
565	433.607	447.39
566	338.696	414.873
567	337.886	407.75
568	336.816	400.687
569	335.486	393.684
570	333.896	386.74
571	332.046	379.856
572	329.935	373.031
573	327.565	366.266
574	431.987	446.097
575	423.217	445.759
576	414.795	444.953
577	406.721	443.678
578	398.996	441.934
579	391.619	439.722
580	384.591	437.042
581	377.911	433.893
582	371.58	430.275
583	365.597	426.189
584	359.962	421.635
585	354.676	416.612
586	349.739	411.12
587	345.15	405.16
588	340.91	398.731
589	337.018	391.834
590	333.474	384.468
591	330.279	376.634
592	327.433	368.331
593	442.823	438.588
594	444.17	431.276
595	445.147	424.031
596	445.754	416.853
597	445.992	409.742
598	445.86	402.699
599	445.358	395.722
600	444.487	388.812
601	443.246	381.97
602	441.635	375.194
603	439.655	368.486
604	437.305	361.844
605	434.585	355.27
606	431.495	348.763
607	428.036	342.323
608	424.207	335.949
609	669.139	448.848
610	666.547	441.678
611	663.769	434.667
612	660.805	427.816
613	657.654	421.125
614	654.317	414.594
615	650.794	408.223
616	647.084	402.011
617	643.188	395.959
618	639.106	390.067
619	634.837	384.335
620	630.382	378.762
621	625.741	373.349
622	620.913	368.096
623	615.899	363.003
624	610.699	358.069
625	605.312	353.295
626	599.739	348.681
627	593.98	344.227
628	588.034	339.933
629	581.902	335.798
630	575.584	331.823
631	569.08	328.008
632	562.389	324.352
633	675.688	450.28
634	679.714	444.331
635	683.622	438.33
636	687.414	432.277
637	691.088	426.172
638	694.645	420.016
639	698.085	413.808
640	701.407	407.548
641	704.612	401.236
642	707.7	394.873
643	710.671	388.458
644	713.524	381.991
645	716.26	375.472
646	718.879	368.902
647	721.381	362.28
648	723.765	355.606
649	726.032	348.881
650	728.182	342.103
651	730.214	335.274
652	732.129	328.393
653	733.927	321.461
654	735.608	314.477
655	746.215	435.95
656	740.776	429.361
657	735.918	422.708
658	731.64	415.989
659	727.943	409.206
660	724.828	402.358
661	722.292	395.446
662	720.338	388.468
663	718.965	381.426
664	718.172	374.319
665	717.96	367.147
666	718.328	359.911
667	719.278	352.609
668	720.808	345.243
669	722.919	337.812
670	725.611	330.317
671	728.884	322.756
672	732.737	315.131
673	874.596	455.439
674	877.611	448.137
675	880.295	440.834
676	882.647	433.53
677	884.668	426.224
678	886.358	418.916
679	887.716	411.608
680	888.743	404.297
681	889.439	396.985
682	889.803	389.672
683	889.836	382.357
684	889.537	375.041
685	888.908	367.723
686	887.946	360.403
687	886.654	353.083
688	885.03	345.76
689	883.074	338.436
690	880.788	331.111
691	878.17	323.784
692	875.22	316.456
693	30.7639	338.349
694	35.7837	332.753
695	40.573	327.021
696	45.1318	321.153
697	49.4601	315.148
698	53.558	309.007
699	57.4253	302.729
700	61.0622	296.315
701	64.4685	289.765
702	67.6444	283.079
703	70.5898	276.257
704	73.3047	269.298
705	75.7891	262.203
706	331.567	356.92
707	338.224	354.357
708	344.906	351.872
709	351.611	349.464
710	358.341	347.133
711	365.096	344.88
712	371.875	342.704
713	378.678	340.606
714	385.505	338.585
715	392.357	336.642
716	399.233	334.776
717	406.134	332.988
718	413.059	331.277
719	427.27	331.183
720	434.517	332.5
721	441.75	333.595
722	448.968	334.467
723	456.172	335.117
724	463.361	335.545
725	470.536	335.75
726	477.697	335.732
727	484.843	335.492
728	491.975	335.03
729	499.092	334.345
730	506.195	333.437
731	513.284	332.308
732	520.358	330.955
733	527.417	329.38
734	534.462	327.583
735	541.493	325.563
736	548.51	323.321
737	551.411	314.675
738	547.664	308.353
739	544.273	301.89
740	541.236	295.285
741	538.553	288.54
742	536.226	281.653
743	534.253	274.626
744	532.635	267.457
745	647.645	311.81
746	641.512	308.219
747	635.34	304.713
748	629.129	301.291
749	622.881	297.954
750	616.594	294.702
751	610.268	291.535
752	603.905	288.453
753	597.502	285.456
754	591.062	282.543
755	584.583	279.716
756	578.066	276.973
757	571.51	274.315
758	564.916	271.741
759	558.284	269.253
760	551.613	266.849
761	544.904	264.53
762	538.157	262.297
763	744.258	308.028
764	751.346	308.561
765	758.434	309.037
766	765.523	309.459
767	772.612	309.824
768	779.703	310.135
769	786.794	310.39
770	793.885	310.59
771	800.978	310.734
772	808.071	310.822
773	815.165	310.856
774	822.259	310.834
775	829.354	310.756
776	836.45	310.623
777	843.547	310.434
778	850.644	310.191
779	857.742	309.891
780	864.84	309.536
781	742.039	302.023
782	746.87	296.577
783	751.663	291.1
784	756.42	285.594
785	761.14	280.058
786	765.823	274.493
787	770.469	268.898
788	775.079	263.273
789	779.651	257.619
790	784.187	251.935
791	788.685	246.221
792	793.147	240.478
793	797.572	234.705
794	801.96	228.902
795	806.311	223.07
796	810.625	217.209
797	814.903	211.317
798	878.345	312.387
799	884.622	315.827
800	890.768	319.447
801	896.785	323.246
802	902.672	327.224
803	908.43	331.382
804	914.058	335.72
805	919.557	340.237
806	924.925	344.933
807	930.165	349.809
808	84.2678	249.257
809	90.6013	244.339
810	97.0435	240.216
811	103.594	236.89
812	110.254	234.359
813	117.022	232.624
814	123.899	231.685
815	130.885	231.542
816	137.979	232.194
817	145.182	233.642
818	152.493	235.887
819	159.914	238.926
820	443.009	252.103
821	445.55	244.723
822	448.28	237.523
823	451.198	230.502
824	454.305	223.662
825	457.6	217.002
826	461.084	210.521
827	464.756	204.221
828	468.617	198.1
829	472.666	192.16
830	476.904	186.399
831	481.33	180.818
832	485.945	175.417
833	490.748	170.196
834	495.74	165.155
835	500.92	160.293
836	506.289	155.612
837	511.846	151.11
838	517.592	146.789
839	523.526	142.647
840	529.648	138.685
841	535.96	134.903
842	542.459	131.301
843	549.147	127.879
844	556.024	124.637
845	563.089	121.575
846	570.342	118.693
847	638.752	218.741
848	646.003	220.468
849	653.19	222.346
850	660.313	224.375
851	667.373	226.555
852	674.368	228.886
853	681.3	231.368
854	688.169	234.001
855	694.973	236.785
856	701.714	239.72
857	708.391	242.806
858	715.004	246.043
859	721.554	249.431
860	728.04	252.969
861	734.462	256.659
862	740.82	260.5
863	747.114	264.492
864	635.719	209.669
865	639.334	202.207
866	642.282	194.782
867	644.563	187.392
868	646.176	180.038
869	647.123	172.719
870	647.404	165.436
871	647.017	158.189
872	645.963	150.977
873	644.242	143.801
874	641.855	136.66
875	638.8	129.555
876	635.079	122.485
877	630.691	115.452
878	824.519	199.406
879	830.046	193.848
880	835.722	188.722
881	841.55	184.029
882	847.527	179.768
883	853.655	175.94
884	859.934	172.544
885	866.363	169.58
886	872.942	167.049
887	879.672	164.95
888	886.552	163.284
889	893.583	162.05
890	900.764	161.248
891	908.095	160.879
892	915.577	160.942
893	923.209	161.438
894	930.992	162.365
895	154.35	122.913
896	156.683	116.289
897	159.104	109.701
898	161.611	103.15
899	164.206	96.6341
900	166.889	90.1547
901	169.658	83.7114
902	172.515	77.3042
903	175.459	70.9332
904	178.49	64.5983
905	427.281	112.204
906	432.093	106.355
907	436.441	100.264
908	440.324	93.9308
909	443.743	87.3565
910	446.697	80.5406
911	449.187	73.4831
912	451.212	66.1841
913	630.655	102.575
914	635.341	96.5399
915	639.696	90.3473
916	643.717	83.9973
917	647.407	77.4901
918	650.764	70.8255
919	653.788	64.0036
920	656.48	57.0245
921	658.84	49.888
922	660.867	42.5942
923	662.562	35.1431
924	788.338	108.3
925	796.019	109.649
926	803.635	109.349
927	811.186	107.402
928	821.252	96.4999
929	824.567	89.8535
930	828.617	83.868
931	833.402	78.5431
932	838.922	73.8789
933	845.177	69.8755
934	943.744	156.855
935	948.101	149.971
936	951.998	143.073
937	955.433	136.161
938	958.407	129.236
939	960.921	122.297
940	962.973	115.344
941	964.564	108.378
942	965.693	101.398
943	966.362	94.4046
944	966.57	87.3974
945	966.316	80.3764
946	965.602	73.3419
947	964.426	66.2936
948	962.789	59.2317
949	960.691	52.1562
950	958.132	45.0669
951	955.112	37.964
952	951.631	30.8475
953	947.689	23.7173
954	49.1389	36.5703
955	55.1099	42.6056
956	61.1922	48.0973
957	67.3857	53.0456
958	73.6904	57.4503
959	80.1064	61.3116
960	86.6336	64.6293
961	93.272	67.4035
962	100.022	69.6341
963	106.882	71.3213
964	113.855	72.465
965	120.938	73.0651
966	128.132	73.1217
967	135.438	72.6348
968	142.855	71.6044
969	150.383	70.0304
970	158.023	67.913
971	165.773	65.252
972	173.635	62.0475
973	672.559	29.0153
974	680.821	29.555
975	688.711	29.1538
976	696.229	27.8117
977	703.375	25.5286
978	710.148	22.3047
979	716.549	18.1399
980	722.578	13.0342
981	728.234	6.98754
