NOMBRE : MTLARP9_10_4_1.dat
VERTICES ORIGINALES : 71
VERTICES TOTALES : 973
DEPOTS : 4
68
69
70
71
LINEAS ORIGINALES : 60
LINE 1 7 229.787 20
	72 12.8698
	73 12.4572
	74 12.0787
	75 11.7375
	76 11.437
	77 11.1803
	78 10.9707
	79 10.8108
	80 10.7029
	81 10.6485
	82 10.6485
	83 10.7029
	84 10.8108
	85 10.9707
	86 11.1803
	87 11.437
	88 11.7375
	89 12.0787
	90 12.4572
	7 12.8698
LINE 2 10 169.199 16
	91 10.585
	92 10.581
	93 10.5775
	94 10.5746
	95 10.5723
	96 10.5706
	97 10.5695
	98 10.5689
	99 10.5689
	100 10.5695
	101 10.5706
	102 10.5723
	103 10.5746
	104 10.5775
	105 10.581
	10 10.585
LINE 3 4 221.793 21
	106 10.8857
	107 10.7899
	108 10.7034
	109 10.6265
	110 10.5595
	111 10.5024
	112 10.4554
	113 10.4188
	114 10.3925
	115 10.3767
	116 10.3714
	117 10.3767
	118 10.3925
	119 10.4188
	120 10.4554
	121 10.5024
	122 10.5595
	123 10.6265
	124 10.7034
	125 10.7899
	4 10.8857
LINE 5 6 178.195 16
	126 11.568
	127 11.3986
	128 11.2513
	129 11.1271
	130 11.0268
	131 10.9509
	132 10.9
	133 10.8745
	134 10.8745
	135 10.9
	136 10.9509
	137 11.0268
	138 11.1271
	139 11.2513
	140 11.3986
	6 11.568
LINE 6 13 95.789 9
	141 10.649
	142 10.6447
	143 10.6416
	144 10.6397
	145 10.6391
	146 10.6397
	147 10.6416
	148 10.6447
	13 10.649
LINE 7 15 181.82 17
	149 10.7971
	150 10.7591
	151 10.726
	152 10.698
	153 10.675
	154 10.6571
	155 10.6442
	156 10.6365
	157 10.634
	158 10.6365
	159 10.6442
	160 10.6571
	161 10.675
	162 10.698
	163 10.726
	164 10.7591
	15 10.7971
LINE 8 15 253.066 24
	165 10.607
	166 10.5907
	167 10.5759
	168 10.5626
	169 10.5507
	170 10.5403
	171 10.5313
	172 10.5239
	173 10.5179
	174 10.5134
	175 10.5104
	176 10.5089
	177 10.5089
	178 10.5104
	179 10.5134
	180 10.5179
	181 10.5239
	182 10.5313
	183 10.5403
	184 10.5507
	185 10.5626
	186 10.5759
	187 10.5907
	15 10.607
LINE 9 17 171.427 16
	188 10.9783
	189 10.8738
	190 10.7834
	191 10.7075
	192 10.6464
	193 10.6004
	194 10.5696
	195 10.5541
	196 10.5541
	197 10.5696
	198 10.6004
	199 10.6464
	200 10.7075
	201 10.7834
	202 10.8738
	17 10.9783
LINE 10 18 176.695 17
	203 10.4338
	204 10.4188
	205 10.4058
	206 10.3948
	207 10.3858
	208 10.3788
	209 10.3738
	210 10.3708
	211 10.3698
	212 10.3708
	213 10.3738
	214 10.3788
	215 10.3858
	216 10.3948
	217 10.4058
	218 10.4188
	18 10.4338
LINE 11 18 188.33 16
	219 13.6431
	220 12.9435
	221 12.3122
	222 11.7603
	223 11.2994
	224 10.9409
	225 10.6953
	226 10.5703
	227 10.5703
	228 10.6953
	229 10.9409
	230 11.2994
	231 11.7603
	232 12.3122
	233 12.9435
	18 13.6431
LINE 11 19 100.374 9
	234 11.24
	235 11.1747
	236 11.1278
	237 11.0996
	238 11.0901
	239 11.0996
	240 11.1278
	241 11.1747
	19 11.24
LINE 12 20 174.091 16
	242 10.9302
	243 10.9105
	244 10.8935
	245 10.8793
	246 10.868
	247 10.8595
	248 10.8538
	249 10.8509
	250 10.8509
	251 10.8538
	252 10.8595
	253 10.868
	254 10.8793
	255 10.8935
	256 10.9105
	20 10.9302
LINE 13 14 186.188 17
	257 11.598
	258 11.3622
	259 11.1537
	260 10.9742
	261 10.8252
	262 10.7078
	263 10.6232
	264 10.5721
	265 10.555
	266 10.5721
	267 10.6232
	268 10.7078
	269 10.8252
	270 10.9742
	271 11.1537
	272 11.3622
	14 11.598
LINE 15 23 248.299 21
	273 13.538
	274 13.0569
	275 12.611
	276 12.2039
	277 11.8399
	278 11.5228
	279 11.2568
	280 11.0455
	281 10.892
	282 10.7989
	283 10.7677
	284 10.7989
	285 10.892
	286 11.0455
	287 11.2568
	288 11.5228
	289 11.8399
	290 12.2039
	291 12.611
	292 13.0569
	23 13.538
LINE 16 24 245.741 22
	293 12.392
	294 12.0603
	295 11.7539
	296 11.4746
	297 11.2246
	298 11.0057
	299 10.82
	300 10.669
	301 10.5544
	302 10.4773
	303 10.4385
	304 10.4385
	305 10.4773
	306 10.5544
	307 10.669
	308 10.82
	309 11.0057
	310 11.2246
	311 11.4746
	312 11.7539
	313 12.0603
	24 12.392
LINE 17 18 114.194 10
	314 12.2268
	315 11.7017
	316 11.2918
	317 11.0101
	318 10.8665
	319 10.8665
	320 11.0101
	321 11.2918
	322 11.7017
	18 12.2268
LINE 20 28 143.774 13
	323 11.8755
	324 11.4795
	325 11.1451
	326 10.8778
	327 10.6828
	328 10.5641
	329 10.5243
	330 10.5641
	331 10.6828
	332 10.8778
	333 11.1451
	334 11.4795
	28 11.8755
LINE 21 28 239.918 22
	335 11.1993
	336 11.1164
	337 11.0413
	338 10.974
	339 10.9149
	340 10.8639
	341 10.8213
	342 10.7871
	343 10.7613
	344 10.7441
	345 10.7355
	346 10.7355
	347 10.7441
	348 10.7613
	349 10.7871
	350 10.8213
	351 10.8639
	352 10.9149
	353 10.974
	354 11.0413
	355 11.1164
	28 11.1993
LINE 22 29 196.738 19
	356 10.3623
	357 10.3597
	358 10.3575
	359 10.3555
	360 10.3539
	361 10.3525
	362 10.3515
	363 10.3507
	364 10.3503
	365 10.3501
	366 10.3503
	367 10.3507
	368 10.3515
	369 10.3525
	370 10.3539
	371 10.3555
	372 10.3575
	373 10.3597
	29 10.3623
LINE 23 24 163.835 15
	374 11.8032
	375 11.4385
	376 11.1205
	377 10.8535
	378 10.6411
	379 10.4868
	380 10.3932
	381 10.3617
	382 10.3932
	383 10.4868
	384 10.6411
	385 10.8535
	386 11.1205
	387 11.4385
	24 11.8032
LINE 24 25 185.307 17
	388 11.2971
	389 11.1508
	390 11.0224
	391 10.9125
	392 10.8219
	393 10.7508
	394 10.6997
	395 10.669
	396 10.6587
	397 10.669
	398 10.6997
	399 10.7508
	400 10.8219
	401 10.9125
	402 11.0224
	403 11.1508
	25 11.2971
LINE 24 32 193.602 17
	404 12.9498
	405 12.3984
	406 11.8999
	407 11.4612
	408 11.0894
	409 10.7913
	410 10.5732
	411 10.4402
	412 10.3955
	413 10.4402
	414 10.5732
	415 10.7913
	416 11.0894
	417 11.4612
	418 11.8999
	419 12.3984
	32 12.9498
LINE 25 34 187.568 18
	420 10.6025
	421 10.5388
	422 10.4827
	423 10.4344
	424 10.3939
	425 10.3615
	426 10.3371
	427 10.3208
	428 10.3126
	429 10.3126
	430 10.3208
	431 10.3371
	432 10.3615
	433 10.3939
	434 10.4344
	435 10.4827
	436 10.5388
	34 10.6025
LINE 26 34 189.191 17
	437 12.3285
	438 11.8996
	439 11.5149
	440 11.1791
	441 10.8967
	442 10.6718
	443 10.5082
	444 10.4089
	445 10.3755
	446 10.4089
	447 10.5082
	448 10.6718
	449 10.8967
	450 11.1791
	451 11.5149
	452 11.8996
	34 12.3285
LINE 27 28 132.969 12
	453 12.285
	454 11.6552
	455 11.1258
	456 10.7116
	457 10.4263
	458 10.2806
	459 10.2806
	460 10.4263
	461 10.7116
	462 11.1258
	463 11.6552
	28 12.285
LINE 28 36 95.7301 9
	464 11.0254
	465 10.7373
	466 10.5267
	467 10.3982
	468 10.3551
	469 10.3982
	470 10.5267
	471 10.7373
	36 11.0254
LINE 29 37 251.797 21
	472 13.8614
	473 13.3389
	474 12.8534
	475 12.4092
	476 12.0109
	477 11.6634
	478 11.3711
	479 11.1384
	480 10.9693
	481 10.8665
	482 10.832
	483 10.8665
	484 10.9693
	485 11.1384
	486 11.3711
	487 11.6634
	488 12.0109
	489 12.4092
	490 12.8534
	491 13.3389
	37 13.8614
LINE 30 31 122.616 11
	492 11.4443
	493 11.2676
	494 11.1282
	495 11.0276
	496 10.9668
	497 10.9465
	498 10.9668
	499 11.0276
	500 11.1282
	501 11.2676
	31 11.4443
LINE 30 39 118.225 11
	502 10.8968
	503 10.8079
	504 10.7381
	505 10.6881
	506 10.6579
	507 10.6478
	508 10.6579
	509 10.6881
	510 10.7381
	511 10.8079
	39 10.8968
LINE 31 32 188.923 17
	512 11.7137
	513 11.4939
	514 11.2999
	515 11.1331
	516 10.9948
	517 10.886
	518 10.8076
	519 10.7603
	520 10.7445
	521 10.7603
	522 10.8076
	523 10.886
	524 10.9948
	525 11.1331
	526 11.2999
	527 11.4939
	32 11.7137
LINE 31 40 121.084 11
	528 11.5165
	529 11.2164
	530 10.9773
	531 10.8032
	532 10.6974
	533 10.6619
	534 10.6974
	535 10.8032
	536 10.9773
	537 11.2164
	40 11.5165
LINE 33 34 132.725 12
	538 12.0601
	539 11.5336
	540 11.0945
	541 10.7534
	542 10.5198
	543 10.4011
	544 10.4011
	545 10.5198
	546 10.7534
	547 11.0945
	548 11.5336
	34 12.0601
LINE 33 41 170.232 15
	549 12.6414
	550 12.1136
	551 11.6482
	552 11.2532
	553 10.9362
	554 10.7039
	555 10.5621
	556 10.5144
	557 10.5621
	558 10.7039
	559 10.9362
	560 11.2532
	561 11.6482
	562 12.1136
	41 12.6414
LINE 34 42 184.086 16
	563 12.7054
	564 12.2467
	565 11.8393
	566 11.4888
	567 11.2005
	568 10.9794
	569 10.8294
	570 10.7536
	571 10.7536
	572 10.8294
	573 10.9794
	574 11.2005
	575 11.4888
	576 11.8393
	577 12.2467
	42 12.7054
LINE 35 36 108.54 10
	578 11.5649
	579 11.1017
	580 10.7412
	581 10.494
	582 10.3681
	583 10.3681
	584 10.494
	585 10.7412
	586 11.1017
	36 11.5649
LINE 36 44 233.927 21
	587 11.9031
	588 11.6813
	589 11.4792
	590 11.2978
	591 11.1383
	592 11.0015
	593 10.8883
	594 10.7995
	595 10.7355
	596 10.697
	597 10.6841
	598 10.697
	599 10.7355
	600 10.7995
	601 10.8883
	602 11.0015
	603 11.1383
	604 11.2978
	605 11.4792
	606 11.6813
	44 11.9031
LINE 37 44 206.449 19
	607 11.5783
	608 11.3479
	609 11.1406
	610 10.9577
	611 10.8006
	612 10.6704
	613 10.5679
	614 10.4942
	615 10.4496
	616 10.4348
	617 10.4496
	618 10.4942
	619 10.5679
	620 10.6704
	621 10.8006
	622 10.9577
	623 11.1406
	624 11.3479
	44 11.5783
LINE 37 46 212.775 18
	625 13.4767
	626 12.9276
	627 12.4272
	628 11.9817
	629 11.5974
	630 11.2805
	631 11.0369
	632 10.8715
	633 10.7878
	634 10.7878
	635 10.8715
	636 11.0369
	637 11.2805
	638 11.5974
	639 11.9817
	640 12.4272
	641 12.9276
	46 13.4767
LINE 38 46 164.711 15
	642 12.027
	643 11.5964
	644 11.2192
	645 10.9009
	646 10.6467
	647 10.4614
	648 10.3486
	649 10.3108
	650 10.3486
	651 10.4614
	652 10.6467
	653 10.9009
	654 11.2192
	655 11.5964
	46 12.027
LINE 39 49 175.693 16
	656 11.2477
	657 11.1421
	658 11.0508
	659 10.9741
	660 10.9124
	661 10.8658
	662 10.8347
	663 10.8191
	664 10.8191
	665 10.8347
	666 10.8658
	667 10.9124
	668 10.9741
	669 11.0508
	670 11.1421
	49 11.2477
LINE 41 42 187.186 16
	671 13.5614
	672 12.8656
	673 12.2378
	674 11.6889
	675 11.2305
	676 10.874
	677 10.6296
	678 10.5054
	679 10.5054
	680 10.6296
	681 10.874
	682 11.2305
	683 11.6889
	684 12.2378
	685 12.8656
	42 13.5614
LINE 42 43 138.217 13
	686 11.2997
	687 10.9743
	688 10.7006
	689 10.4829
	690 10.3245
	691 10.2283
	692 10.1961
	693 10.2283
	694 10.3245
	695 10.4829
	696 10.7006
	697 10.9743
	43 11.2997
LINE 44 45 131.159 12
	698 11.7483
	699 11.3147
	700 10.9555
	701 10.6782
	702 10.4892
	703 10.3935
	704 10.3935
	705 10.4892
	706 10.6782
	707 10.9555
	708 11.3147
	45 11.7483
LINE 44 51 122.511 11
	709 12.0631
	710 11.5246
	711 11.0876
	712 10.7647
	713 10.5662
	714 10.4992
	715 10.5662
	716 10.7647
	717 11.0876
	718 11.5246
	51 12.0631
LINE 45 52 178.91 16
	719 12.0173
	720 11.6939
	721 11.4094
	722 11.1667
	723 10.9688
	724 10.8179
	725 10.7162
	726 10.665
	727 10.665
	728 10.7162
	729 10.8179
	730 10.9688
	731 11.1667
	732 11.4094
	733 11.6939
	52 12.0173
LINE 46 47 215.397 20
	734 10.9496
	735 10.8933
	736 10.843
	737 10.7988
	738 10.7607
	739 10.7289
	740 10.7034
	741 10.6842
	742 10.6714
	743 10.665
	744 10.665
	745 10.6714
	746 10.6842
	747 10.7034
	748 10.7289
	749 10.7607
	750 10.7988
	751 10.843
	752 10.8933
	47 10.9496
LINE 46 53 96.1426 8
	753 13.0132
	754 12.1803
	755 11.5918
	756 11.2861
	757 11.2861
	758 11.5918
	759 12.1803
	53 13.0132
LINE 48 49 146.57 13
	760 12.4024
	761 11.8607
	762 11.3985
	763 11.0255
	764 10.7512
	765 10.5832
	766 10.5266
	767 10.5832
	768 10.7512
	769 11.0255
	770 11.3985
	771 11.8607
	49 12.4024
LINE 50 51 155.026 14
	772 11.911
	773 11.5363
	774 11.2146
	775 10.9504
	776 10.748
	777 10.6109
	778 10.5417
	779 10.5417
	780 10.6109
	781 10.748
	782 10.9504
	783 11.2146
	784 11.5363
	51 11.911
LINE 51 58 178.864 17
	785 10.5581
	786 10.5444
	787 10.5324
	788 10.5223
	789 10.5141
	790 10.5076
	791 10.503
	792 10.5002
	793 10.4993
	794 10.5002
	795 10.503
	796 10.5076
	797 10.5141
	798 10.5223
	799 10.5324
	800 10.5444
	58 10.5581
LINE 51 59 359.426 31
	801 13.0488
	802 12.7754
	803 12.5155
	804 12.27
	805 12.0397
	806 11.8254
	807 11.6282
	808 11.4489
	809 11.2883
	810 11.1473
	811 11.0265
	812 10.9267
	813 10.8484
	814 10.7922
	815 10.7583
	816 10.747
	817 10.7583
	818 10.7922
	819 10.8484
	820 10.9267
	821 11.0265
	822 11.1473
	823 11.2883
	824 11.4489
	825 11.6282
	826 11.8254
	827 12.0397
	828 12.27
	829 12.5155
	830 12.7754
	59 13.0488
LINE 54 61 222.042 21
	831 10.6212
	832 10.6069
	833 10.5941
	834 10.5828
	835 10.5729
	836 10.5646
	837 10.5578
	838 10.5525
	839 10.5487
	840 10.5465
	841 10.5457
	842 10.5465
	843 10.5487
	844 10.5525
	845 10.5578
	846 10.5646
	847 10.5729
	848 10.5828
	849 10.5941
	850 10.6069
	61 10.6212
LINE 55 56 180.292 17
	851 11.0285
	852 10.8727
	853 10.7358
	854 10.6186
	855 10.5217
	856 10.4457
	857 10.3911
	858 10.3582
	859 10.3472
	860 10.3582
	861 10.3911
	862 10.4457
	863 10.5217
	864 10.6186
	865 10.7358
	866 10.8727
	56 11.0285
LINE 57 65 189.893 18
	867 10.7172
	868 10.6585
	869 10.6069
	870 10.5624
	871 10.5252
	872 10.4953
	873 10.4729
	874 10.4579
	875 10.4504
	876 10.4504
	877 10.4579
	878 10.4729
	879 10.4953
	880 10.5252
	881 10.5624
	882 10.6069
	883 10.6585
	65 10.7172
LINE 58 66 225.583 20
	884 12.1339
	885 11.8734
	886 11.6368
	887 11.4259
	888 11.2419
	889 11.0863
	890 10.9602
	891 10.8646
	892 10.8005
	893 10.7682
	894 10.7682
	895 10.8005
	896 10.8646
	897 10.9602
	898 11.0863
	899 11.2419
	900 11.4259
	901 11.6368
	902 11.8734
	66 12.1339
LINE 59 60 80.0945 7
	903 12.4836
	904 11.4653
	905 10.8083
	906 10.5802
	907 10.8083
	908 11.4653
	60 12.4836
LINE 61 67 154.494 15
	909 10.3585
	910 10.3333
	911 10.312
	912 10.2944
	913 10.2808
	914 10.271
	915 10.2652
	916 10.2632
	917 10.2652
	918 10.271
	919 10.2808
	920 10.2944
	921 10.312
	922 10.3333
	67 10.3585
LINE 62 63 174.739 16
	923 11.7185
	924 11.4096
	925 11.138
	926 10.9065
	927 10.7177
	928 10.5739
	929 10.477
	930 10.4282
	931 10.4282
	932 10.477
	933 10.5739
	934 10.7177
	935 10.9065
	936 11.138
	937 11.4096
	63 11.7185
LINE 63 64 163 15
	938 11.0449
	939 10.969
	940 10.9044
	941 10.8513
	942 10.8098
	943 10.7801
	944 10.7622
	945 10.7562
	946 10.7622
	947 10.7801
	948 10.8098
	949 10.8513
	950 10.9044
	951 10.969
	64 11.0449
LINE 66 67 241.077 23
	952 10.5658
	953 10.5429
	954 10.5222
	955 10.5036
	956 10.4872
	957 10.4729
	958 10.4609
	959 10.451
	960 10.4433
	961 10.4378
	962 10.4345
	963 10.4334
	964 10.4345
	965 10.4378
	966 10.4433
	967 10.451
	968 10.4609
	969 10.4729
	970 10.4872
	971 10.5036
	972 10.5222
	973 10.5429
	67 10.5658
COORDENADAS :
1	134.528	807.389
2	322.056	848.364
3	421.415	854.572
4	566.578	857.838
5	750.195	817.708
6	865.523	805.61
7	4.04481	751.651
8	136.164	739.378
9	266.371	701.762
10	360.738	742.474
11	521.992	704.04
12	634.797	712.6
13	819.764	761.102
14	938.025	743.1
15	7.46075	631.181
16	125.982	631.48
17	354.978	632.352
18	426.209	644.875
19	536.694	639.143
20	627.106	597.116
21	748.995	603.747
22	843.058	657.131
23	133.848	549.017
24	234.226	523.311
25	354.419	535.401
26	424.44	563.604
27	543.603	509.064
28	625.641	505.918
29	751.473	563.324
30	42.2824	398.652
31	122.532	400.617
32	244.188	405.918
33	358.738	457.206
34	441.225	447.219
35	559.221	397.731
36	608.296	446.257
37	742.643	411.933
38	804.06	408.528
39	43.1305	320.573
40	121.802	322.433
41	345.713	352.871
42	455.925	333.561
43	542.22	352.576
44	662.485	306.84
45	743.556	324.873
46	817.202	306.261
47	959.307	301.335
48	29.3898	236.838
49	120.603	235.067
50	515.233	218.498
51	607.187	253.266
52	708.873	216.601
53	854.611	259.37
54	954.718	248.769
55	242.509	121.982
56	359.409	112.698
57	459.894	112.764
58	616.912	134.672
59	768.381	100.47
60	805.143	133.431
61	929.319	103.33
62	17.559	59.1113
63	115.737	6.96219
64	208.2	61.9184
65	405.051	0
66	703.553	20.2521
67	863.472	24.6059
68	134.034	886.219
69	830.161	548.709
70	376.504	596.308
71	642.961	76.3645
72	126.108	809.04
73	117.888	810.223
74	109.867	810.939
75	102.046	811.189
76	94.4248	810.971
77	87.0028	810.286
78	79.7803	809.134
79	72.7573	807.514
80	65.9339	805.428
81	59.31	802.875
82	52.8856	799.854
83	46.6608	796.367
84	40.6354	792.412
85	34.8096	787.99
86	29.1834	783.102
87	23.7566	777.746
88	18.5294	771.923
89	13.5017	765.633
90	8.67347	758.876
91	324.84	841.879
92	327.575	835.377
93	330.262	828.857
94	332.899	822.32
95	335.488	815.764
96	338.027	809.19
97	340.518	802.599
98	342.96	795.99
99	345.354	789.363
100	347.698	782.718
101	349.993	776.055
102	352.24	769.375
103	354.438	762.676
104	356.587	755.96
105	358.687	749.226
106	428.278	856.931
107	435.146	859.07
108	442.019	860.988
109	448.897	862.686
110	455.779	864.164
111	462.667	865.421
112	469.56	866.458
113	476.458	867.275
114	483.36	867.871
115	490.268	868.247
116	497.18	868.403
117	504.098	868.338
118	511.02	868.053
119	517.948	867.547
120	524.88	866.821
121	531.817	865.875
122	538.76	864.708
123	545.707	863.321
124	552.659	861.714
125	559.616	859.886
126	757.128	814.33
127	764.098	811.302
128	771.104	808.624
129	778.147	806.295
130	785.227	804.315
131	792.343	802.685
132	799.496	801.405
133	806.686	800.474
134	813.912	799.892
135	821.175	799.661
136	828.475	799.778
137	835.811	800.246
138	843.184	801.062
139	850.594	802.229
140	858.04	803.745
141	860.225	800.884
142	854.981	796.104
143	849.789	791.268
144	844.652	786.378
145	839.567	781.432
146	834.536	776.432
147	829.559	771.377
148	824.634	766.267
149	2.99972	744.53
150	2.11038	737.412
151	1.3768	730.299
152	0.798969	723.191
153	0.376893	716.087
154	0.11057	708.987
155	0	701.891
156	0.045184	694.801
157	0.246121	687.714
158	0.602812	680.632
159	1.11526	673.554
160	1.78345	666.481
161	2.60741	659.412
162	3.58711	652.348
163	4.72257	645.288
164	6.01378	638.233
165	130.183	735.605
166	124.257	731.768
167	118.383	727.867
168	112.564	723.902
169	106.798	719.873
170	101.087	715.781
171	95.4284	711.624
172	89.824	707.403
173	84.2732	703.119
174	78.7763	698.771
175	73.333	694.358
176	67.9435	689.882
177	62.6078	685.342
178	57.3257	680.738
179	52.0974	676.07
180	46.9229	671.338
181	41.802	666.542
182	36.7349	661.682
183	31.7216	656.759
184	26.7619	651.771
185	21.856	646.719
186	17.0039	641.604
187	12.2054	636.425
188	273.154	699.014
189	279.771	696.053
190	286.223	692.881
191	292.508	689.496
192	298.627	685.9
193	304.58	682.092
194	310.367	678.072
195	315.988	673.839
196	321.443	669.395
197	326.731	664.739
198	331.854	659.871
199	336.811	654.791
200	341.602	649.499
201	346.227	643.996
202	350.686	638.28
203	363.95	736.304
204	367.243	730.188
205	370.615	724.126
206	374.067	718.117
207	377.599	712.162
208	381.211	706.26
209	384.902	700.412
210	388.674	694.617
211	392.525	688.876
212	396.456	683.188
213	400.467	677.554
214	404.558	671.974
215	408.728	666.447
216	412.979	660.974
217	417.309	655.554
218	421.719	650.188
219	519.034	695.439
220	515.673	687.491
221	511.907	680.198
222	507.738	673.558
223	503.165	667.572
224	498.188	662.24
225	492.807	657.561
226	487.023	653.537
227	480.835	650.166
228	474.242	647.449
229	467.246	645.385
230	459.847	643.976
231	452.043	643.22
232	443.835	643.118
233	435.224	643.67
234	524.815	697.098
235	527.34	690.09
236	529.569	683.014
237	531.5	675.871
238	533.133	668.66
239	534.469	661.382
240	535.508	654.036
241	536.25	646.624
242	633.44	705.44
243	632.2	698.273
244	631.077	691.098
245	630.071	683.916
246	629.181	676.725
247	628.408	669.527
248	627.753	662.321
249	627.214	655.107
250	626.791	647.885
251	626.486	640.656
252	626.297	633.419
253	626.225	626.174
254	626.27	618.921
255	626.432	611.66
256	626.711	604.392
257	826.238	756.875
258	832.772	753.044
259	839.367	749.609
260	846.022	746.57
261	852.738	743.927
262	859.514	741.68
263	866.349	739.829
264	873.246	738.374
265	880.202	737.315
266	887.219	736.652
267	894.296	736.385
268	901.434	736.514
269	908.631	737.039
270	915.889	737.961
271	923.207	739.278
272	930.586	740.991
273	10.4975	622.682
274	13.8325	614.642
275	17.4656	607.06
276	21.3969	599.937
277	25.6264	593.273
278	30.154	587.067
279	34.9798	581.32
280	40.1038	576.031
281	45.5259	571.201
282	51.2462	566.83
283	57.2646	562.917
284	63.5813	559.463
285	70.196	556.468
286	77.109	553.932
287	84.3201	551.854
288	91.8294	550.234
289	99.6368	549.074
290	107.742	548.372
291	116.146	548.128
292	124.848	548.343
293	127.752	623.411
294	129.822	615.642
295	132.191	608.173
296	134.861	601.004
297	137.831	594.135
298	141.101	587.567
299	144.671	581.299
300	148.541	575.331
301	152.711	569.664
302	157.181	564.297
303	161.951	559.23
304	167.021	554.463
305	172.391	549.997
306	178.062	545.831
307	184.032	541.965
308	190.303	538.399
309	196.873	535.134
310	203.744	532.169
311	210.914	529.504
312	218.385	527.14
313	226.156	525.075
314	361.45	637.307
315	368.067	641.44
316	374.829	644.749
317	381.735	647.236
318	388.785	648.899
319	395.981	649.74
320	403.321	649.758
321	410.805	648.953
322	418.435	647.326
323	623.326	590.16
324	620.157	583.194
325	617.6	576.218
326	615.653	569.232
327	614.318	562.236
328	613.594	555.231
329	613.481	548.215
330	613.98	541.19
331	615.09	534.155
332	616.811	527.111
333	619.143	520.056
334	622.086	512.992
335	742.065	600.968
336	735.261	598.03
337	728.583	594.934
338	722.032	591.678
339	715.606	588.264
340	709.306	584.691
341	703.132	580.959
342	697.084	577.068
343	691.162	573.018
344	685.366	568.81
345	679.696	564.442
346	674.152	559.916
347	668.734	555.231
348	663.442	550.387
349	658.276	545.384
350	653.236	540.223
351	648.322	534.902
352	643.534	529.423
353	638.871	523.785
354	634.335	517.988
355	629.925	512.032
356	837.998	652.428
357	832.965	647.698
358	827.958	642.943
359	822.978	638.162
360	818.025	633.355
361	813.098	628.521
362	808.198	623.662
363	803.324	618.777
364	798.477	613.866
365	793.657	608.928
366	788.864	603.965
367	784.097	598.976
368	779.356	593.961
369	774.642	588.92
370	769.955	583.853
371	765.295	578.759
372	760.661	573.64
373	756.053	568.495
374	139.605	543.653
375	145.496	538.81
376	151.52	534.489
377	157.678	530.69
378	163.969	527.411
379	170.394	524.655
380	176.952	522.419
381	183.644	520.706
382	190.469	519.513
383	197.428	518.843
384	204.521	518.693
385	211.747	519.066
386	219.107	519.959
387	226.6	521.375
388	241.047	526.506
389	247.898	529.39
390	254.781	531.964
391	261.695	534.227
392	268.64	536.18
393	275.617	537.822
394	282.624	539.154
395	289.663	540.176
396	296.734	540.887
397	303.835	541.288
398	310.967	541.378
399	318.131	541.158
400	325.326	540.627
401	332.553	539.786
402	339.81	538.635
403	347.099	537.173
404	229.683	515.97
405	225.78	508.684
406	222.519	501.452
407	219.899	494.275
408	217.92	487.151
409	216.583	480.083
410	215.886	473.068
411	215.831	466.108
412	216.417	459.203
413	217.644	452.352
414	219.512	445.555
415	222.022	438.813
416	225.173	432.125
417	228.965	425.491
418	233.398	418.912
419	238.472	412.388
420	360.413	531.655
421	366.27	527.774
422	371.988	523.757
423	377.569	519.604
424	383.012	515.316
425	388.317	510.892
426	393.484	506.332
427	398.514	501.637
428	403.405	496.806
429	408.159	491.839
430	412.775	486.736
431	417.252	481.498
432	421.593	476.124
433	425.795	470.614
434	429.859	464.969
435	433.786	459.188
436	437.574	453.271
437	421.034	556.124
438	418.176	548.723
439	415.868	541.402
440	414.11	534.16
441	412.9	526.997
442	412.24	519.913
443	412.129	512.908
444	412.567	505.983
445	413.554	499.137
446	415.091	492.37
447	417.176	485.682
448	419.811	479.073
449	422.996	472.544
450	426.729	466.094
451	431.012	459.723
452	435.844	453.431
453	550.612	513.301
454	557.589	516.72
455	564.536	519.32
456	571.451	521.103
457	578.334	522.068
458	585.186	522.214
459	592.007	521.543
460	598.797	520.054
461	605.555	517.747
462	612.281	514.622
463	618.977	510.679
464	626.137	498.584
465	626.027	491.427
466	625.312	484.446
467	623.991	477.64
468	622.063	471.012
469	619.53	464.559
470	616.391	458.282
471	612.647	452.182
472	745.296	556.451
473	739.695	549.544
474	734.669	542.603
475	730.219	535.629
476	726.345	528.622
477	723.047	521.58
478	720.324	514.506
479	718.176	507.397
480	716.605	500.255
481	715.609	493.08
482	715.188	485.871
483	715.343	478.628
484	716.074	471.352
485	717.381	464.042
486	719.263	456.699
487	721.72	449.322
488	724.754	441.911
489	728.363	434.467
490	732.547	426.989
491	737.308	419.478
492	49.6323	396.606
493	56.9714	395.004
494	64.2995	393.848
495	71.6168	393.136
496	78.9231	392.87
497	86.2185	393.049
498	93.5031	393.672
499	100.777	394.741
500	108.04	396.255
501	115.291	398.214
502	40.8154	391.537
503	39.6573	384.426
504	38.808	377.317
505	38.2675	370.213
506	38.0358	363.111
507	38.1129	356.013
508	38.4988	348.918
509	39.1935	341.827
510	40.197	334.739
511	41.5093	327.654
512	129.824	397.822
513	137.099	395.415
514	144.356	393.396
515	151.597	391.766
516	158.821	390.524
517	166.028	389.67
518	173.218	389.205
519	180.391	389.128
520	187.547	389.44
521	194.687	390.14
522	201.809	391.229
523	208.915	392.706
524	216.003	394.571
525	223.075	396.825
526	230.129	399.468
527	237.167	402.498
528	125.368	393.483
529	127.623	386.353
530	129.298	379.229
531	130.393	372.111
532	130.907	364.998
533	130.84	357.89
534	130.194	350.788
535	128.966	343.691
536	127.159	336.6
537	124.77	329.514
538	366.103	460.43
539	373.379	462.917
540	380.566	464.667
541	387.663	465.678
542	394.671	465.953
543	401.589	465.489
544	408.418	464.288
545	415.158	462.349
546	421.809	459.673
547	428.37	456.259
548	434.842	452.108
549	353.227	450.83
550	348.38	444.371
551	344.195	437.829
552	340.674	431.205
553	337.816	424.497
554	335.621	417.707
555	334.09	410.835
556	333.221	403.879
557	333.016	396.841
558	333.474	389.719
559	334.596	382.515
560	336.38	375.228
561	338.828	367.859
562	341.939	360.406
563	437.66	439.535
564	434.693	431.929
565	432.323	424.4
566	430.552	416.948
567	429.378	409.574
568	428.802	402.277
569	428.824	395.058
570	429.444	387.916
571	430.662	380.851
572	432.477	373.863
573	434.89	366.953
574	437.902	360.12
575	441.511	353.364
576	445.717	346.686
577	450.522	340.085
578	566.545	400.14
579	573.332	403.092
580	579.582	406.587
581	585.295	410.625
582	590.471	415.206
583	595.11	420.33
584	599.212	425.997
585	602.777	432.207
586	605.805	438.961
587	614.137	440.886
588	619.652	435.387
589	624.841	429.762
590	629.703	424.01
591	634.24	418.132
592	638.451	412.127
593	642.335	405.995
594	645.894	399.736
595	649.126	393.351
596	652.033	386.838
597	654.613	380.199
598	656.868	373.434
599	658.796	366.541
600	660.398	359.522
601	661.675	352.377
602	662.625	345.104
603	663.249	337.705
604	663.547	330.179
605	663.519	322.526
606	663.165	314.747
607	741.084	404.374
608	739.229	397.039
609	737.079	389.93
610	734.633	383.047
611	731.892	376.389
612	728.855	369.956
613	725.523	363.748
614	721.895	357.766
615	717.972	352.01
616	713.753	346.479
617	709.238	341.173
618	704.428	336.092
619	699.323	331.237
620	693.922	326.608
621	688.226	322.203
622	682.234	318.025
623	675.947	314.071
624	669.364	310.343
625	742.378	402.953
626	742.631	394.338
627	743.403	386.089
628	744.693	378.206
629	746.502	370.689
630	748.829	363.538
631	751.675	356.753
632	755.039	350.333
633	758.922	344.28
634	763.323	338.592
635	768.243	333.27
636	773.682	328.314
637	779.639	323.724
638	786.114	319.5
639	793.109	315.641
640	800.621	312.149
641	808.652	309.022
642	800.842	401.184
643	798.209	393.915
644	796.161	386.722
645	794.697	379.603
646	793.819	372.56
647	793.525	365.592
648	793.817	358.699
649	794.693	351.881
650	796.154	345.139
651	798.2	338.471
652	800.831	331.879
653	804.046	325.362
654	807.847	318.92
655	812.232	312.553
656	46.4497	313.849
657	49.972	307.309
658	53.6973	300.953
659	57.6257	294.781
660	61.7571	288.793
661	66.0915	282.989
662	70.629	277.369
663	75.3696	271.933
664	80.3131	266.681
665	85.4597	261.613
666	90.8094	256.729
667	96.3621	252.028
668	102.118	247.512
669	108.077	243.18
670	114.238	239.032
671	351.613	346.02
672	357.644	339.922
673	363.807	334.576
674	370.102	329.982
675	376.528	326.141
676	383.087	323.053
677	389.777	320.718
678	396.6	319.134
679	403.554	318.304
680	410.64	318.226
681	417.858	318.9
682	425.207	320.327
683	432.689	322.507
684	440.302	325.439
685	448.048	329.124
686	463.262	331.853
687	470.482	330.673
688	477.586	330.022
689	484.573	329.899
690	491.445	330.304
691	498.199	331.239
692	504.837	332.701
693	511.359	334.693
694	517.764	337.212
695	524.053	340.261
696	530.225	343.837
697	536.281	347.943
698	670.037	304.764
699	677.444	303.338
700	684.707	302.564
701	691.825	302.439
702	698.798	302.966
703	705.626	304.143
704	712.309	305.971
705	718.848	308.45
706	725.242	311.58
707	731.491	315.36
708	737.596	319.791
709	654.703	304.814
710	647.471	302.219
711	640.791	299.056
712	634.661	295.323
713	629.083	291.021
714	624.056	286.151
715	619.58	280.712
716	615.655	274.704
717	612.281	268.127
718	609.459	260.981
719	744.912	316.977
720	745.799	309.232
721	746.215	301.637
722	746.162	294.193
723	745.639	286.899
724	744.646	279.755
725	743.183	272.763
726	741.25	265.92
727	738.848	259.229
728	735.975	252.688
729	732.633	246.297
730	728.821	240.057
731	724.538	233.967
732	719.786	228.028
733	714.565	222.239
734	824.365	307.67
735	831.521	308.904
736	838.672	309.964
737	845.816	310.85
738	852.955	311.562
739	860.087	312.1
740	867.214	312.463
741	874.334	312.652
742	881.448	312.667
743	888.556	312.508
744	895.659	312.175
745	902.755	311.667
746	909.845	310.985
747	916.929	310.129
748	924.007	309.099
749	931.079	307.895
750	938.145	306.516
751	945.205	304.963
752	952.259	303.236
753	825.289	303.121
754	832.402	299.204
755	838.54	294.508
756	843.703	289.036
757	847.892	282.785
758	851.106	275.758
759	853.346	267.953
760	36.4911	241.073
761	43.5783	244.58
762	50.6513	247.358
763	57.7101	249.407
764	64.7548	250.728
765	71.7854	251.32
766	78.8018	251.184
767	85.8041	250.319
768	92.7922	248.726
769	99.7662	246.404
770	106.726	243.354
771	113.672	239.575
772	523.112	217.514
773	530.79	217.063
774	538.266	217.146
775	545.54	217.762
776	552.612	218.911
777	559.483	220.594
778	566.152	222.811
779	572.619	225.561
780	578.885	228.845
781	584.949	232.662
782	590.811	237.013
783	596.472	241.897
784	601.93	247.315
785	608.499	246.351
786	609.718	239.428
787	610.844	232.497
788	611.878	225.559
789	612.82	218.613
790	613.669	211.66
791	614.426	204.699
792	615.09	197.73
793	615.662	190.754
794	616.142	183.77
795	616.529	176.779
796	616.824	169.78
797	617.026	162.774
798	617.136	155.76
799	617.154	148.738
800	617.079	141.709
801	615.781	251.918
802	624.149	250.332
803	632.291	248.506
804	640.206	246.442
805	647.895	244.139
806	655.358	241.597
807	662.594	238.817
808	669.604	235.798
809	676.388	232.54
810	682.945	229.043
811	689.277	225.308
812	695.382	221.334
813	701.26	217.121
814	706.913	212.67
815	712.339	207.979
816	717.539	203.05
817	722.512	197.883
818	727.259	192.476
819	731.78	186.831
820	736.075	180.948
821	740.143	174.825
822	743.985	168.464
823	747.601	161.864
824	750.991	155.025
825	754.154	147.948
826	757.091	140.632
827	759.802	133.077
828	762.286	125.283
829	764.544	117.251
830	766.576	108.98
831	952.678	241.989
832	950.722	235.194
833	948.848	228.384
834	947.058	221.56
835	945.35	214.721
836	943.726	207.868
837	942.184	201
838	940.726	194.118
839	939.35	187.221
840	938.058	180.31
841	936.849	173.384
842	935.722	166.444
843	934.679	159.49
844	933.718	152.52
845	932.841	145.537
846	932.046	138.539
847	931.335	131.526
848	930.707	124.499
849	930.161	117.457
850	929.699	110.401
851	249.184	118.9
852	255.884	116.135
853	262.61	113.687
854	269.36	111.555
855	276.136	109.741
856	282.937	108.244
857	289.763	107.064
858	296.614	106.2
859	303.491	105.654
860	310.392	105.425
861	317.319	105.513
862	324.271	105.918
863	331.248	106.64
864	338.251	107.679
865	345.278	109.035
866	352.331	110.708
867	458.274	105.806
868	456.487	98.9284
869	454.531	92.1329
870	452.408	85.4191
871	450.117	78.7869
872	447.658	72.2364
873	445.031	65.7676
874	442.236	59.3804
875	439.273	53.0749
876	436.142	46.851
877	432.843	40.7088
878	429.377	34.6483
879	425.742	28.6694
880	421.94	22.7722
881	417.969	16.9567
882	413.831	11.2228
883	409.525	5.57056
884	624.22	131.205
885	631.216	127.501
886	637.898	123.559
887	644.266	119.38
888	650.322	114.964
889	656.064	110.311
890	661.492	105.42
891	666.608	100.292
892	671.41	94.927
893	675.898	89.3247
894	680.074	83.4851
895	683.936	77.4082
896	687.485	71.094
897	690.72	64.5427
898	693.642	57.754
899	696.251	50.7281
900	698.547	43.465
901	700.529	35.9646
902	702.198	28.227
903	776.582	101.89
904	783.799	104.406
905	790.034	108.019
906	795.286	112.727
907	799.554	118.532
908	802.84	125.433
909	924.213	98.6818
910	919.208	93.9474
911	914.307	89.1273
912	909.507	84.2216
913	904.81	79.2303
914	900.216	74.1533
915	895.723	68.9906
916	891.334	63.7423
917	887.046	58.4084
918	882.861	52.9887
919	878.779	47.4835
920	874.798	41.8926
921	870.921	36.216
922	867.145	30.4537
923	22.0196	52.6976
924	26.7036	46.7045
925	31.611	41.1319
926	36.7418	35.98
927	42.096	31.2486
928	47.6736	26.9379
929	53.4746	23.0477
930	59.499	19.578
931	65.7468	16.529
932	72.218	13.9006
933	78.9127	11.6927
934	85.8307	9.90544
935	92.9721	8.53875
936	100.337	7.59265
937	107.925	7.06712
938	121.047	12.0635
939	126.478	16.9595
940	132.032	21.6501
941	137.708	26.1354
942	143.506	30.4152
943	149.426	34.4897
944	155.468	38.3588
945	161.633	42.0226
946	167.919	45.481
947	174.327	48.734
948	180.858	51.7816
949	187.51	54.6238
950	194.285	57.2607
951	201.181	59.6923
952	710.476	21.5527
953	717.402	22.7523
954	724.33	23.8508
955	731.261	24.8484
956	738.195	25.7449
957	745.131	26.5403
958	752.07	27.2348
959	759.012	27.8282
960	765.957	28.3206
961	772.905	28.7119
962	779.855	29.0022
963	786.808	29.1915
964	793.764	29.2798
965	800.722	29.267
966	807.683	29.1532
967	814.647	28.9384
968	821.614	28.6226
969	828.584	28.2057
970	835.556	27.6878
971	842.531	27.0688
972	849.509	26.3489
973	856.489	25.5279
