NOMBRE : MTLARP5_10_4_2.dat
VERTICES ORIGINALES : 49
VERTICES TOTALES : 826
DEPOTS : 4
46
47
48
49
LINEAS ORIGINALES : 52
LINE 1 2 241.678 21
	50 11.6908
	51 11.6365
	52 11.5877
	53 11.5445
	54 11.5069
	55 11.475
	56 11.4488
	57 11.4284
	58 11.4139
	59 11.4051
	60 11.4022
	61 11.4051
	62 11.4139
	63 11.4284
	64 11.4488
	65 11.475
	66 11.5069
	67 11.5445
	68 11.5877
	69 11.6365
	2 11.6908
LINE 1 9 172.643 15
	70 11.6589
	71 11.5952
	72 11.5411
	73 11.4966
	74 11.4619
	75 11.4371
	76 11.4221
	77 11.4171
	78 11.4221
	79 11.4371
	80 11.4619
	81 11.4966
	82 11.5411
	83 11.5952
	9 11.6589
LINE 1 10 165.609 14
	84 12.3097
	85 12.0917
	86 11.907
	87 11.7571
	88 11.6435
	89 11.5671
	90 11.5287
	91 11.5287
	92 11.5671
	93 11.6435
	94 11.7571
	95 11.907
	96 12.0917
	10 12.3097
LINE 3 4 141.172 12
	97 12.136
	98 11.9358
	99 11.7731
	100 11.6497
	101 11.5666
	102 11.5249
	103 11.5249
	104 11.5666
	105 11.6497
	106 11.7731
	107 11.9358
	4 12.136
LINE 3 11 221.969 19
	108 12.3924
	109 12.1623
	110 11.9557
	111 11.7736
	112 11.6174
	113 11.4879
	114 11.3862
	115 11.313
	116 11.2689
	117 11.2541
	118 11.2689
	119 11.313
	120 11.3862
	121 11.4879
	122 11.6174
	123 11.7736
	124 11.9557
	125 12.1623
	11 12.3924
LINE 4 5 140.908 12
	126 12.6472
	127 12.1682
	128 11.771
	129 11.4641
	130 11.2548
	131 11.1487
	132 11.1487
	133 11.2548
	134 11.4641
	135 11.771
	136 12.1682
	5 12.6472
LINE 5 6 113.557 10
	137 11.9582
	138 11.5639
	139 11.2592
	140 11.0513
	141 10.9459
	142 10.9459
	143 11.0513
	144 11.2592
	145 11.5639
	6 11.9582
LINE 6 15 229.267 20
	146 11.4792
	147 11.4742
	148 11.4698
	149 11.4659
	150 11.4625
	151 11.4598
	152 11.4575
	153 11.4559
	154 11.4548
	155 11.4542
	156 11.4542
	157 11.4548
	158 11.4559
	159 11.4575
	160 11.4598
	161 11.4625
	162 11.4659
	163 11.4698
	164 11.4742
	15 11.4792
LINE 7 8 78.2177 7
	165 11.315
	166 11.1744
	167 11.0891
	168 11.0606
	169 11.0891
	170 11.1744
	8 11.315
LINE 8 15 206.218 18
	171 11.6957
	172 11.6121
	173 11.5384
	174 11.475
	175 11.4218
	176 11.379
	177 11.3469
	178 11.3254
	179 11.3147
	180 11.3147
	181 11.3254
	182 11.3469
	183 11.379
	184 11.4218
	185 11.475
	186 11.5384
	187 11.6121
	15 11.6957
LINE 8 16 226.18 20
	188 11.3501
	189 11.3371
	190 11.3256
	191 11.3155
	192 11.3069
	193 11.2997
	194 11.2939
	195 11.2896
	196 11.2867
	197 11.2852
	198 11.2852
	199 11.2867
	200 11.2896
	201 11.2939
	202 11.2997
	203 11.3069
	204 11.3155
	205 11.3256
	206 11.3371
	16 11.3501
LINE 8 17 256.656 23
	207 11.384
	208 11.3232
	209 11.2679
	210 11.2183
	211 11.1742
	212 11.136
	213 11.1035
	214 11.0768
	215 11.056
	216 11.0412
	217 11.0322
	218 11.0292
	219 11.0322
	220 11.0412
	221 11.056
	222 11.0768
	223 11.1035
	224 11.136
	225 11.1742
	226 11.2183
	227 11.2679
	228 11.3232
	17 11.384
LINE 9 10 96.1861 8
	229 12.5892
	230 12.1106
	231 11.7808
	232 11.6124
	233 11.6124
	234 11.7808
	235 12.1106
	10 12.5892
LINE 9 18 215.272 19
	236 11.3787
	237 11.3625
	238 11.3482
	239 11.3359
	240 11.3254
	241 11.3168
	242 11.3101
	243 11.3053
	244 11.3024
	245 11.3015
	246 11.3024
	247 11.3053
	248 11.3101
	249 11.3168
	250 11.3254
	251 11.3359
	252 11.3482
	253 11.3625
	18 11.3787
LINE 9 19 253.424 22
	254 11.7126
	255 11.6578
	256 11.6083
	257 11.5641
	258 11.5253
	259 11.4919
	260 11.464
	261 11.4416
	262 11.4248
	263 11.4136
	264 11.408
	265 11.408
	266 11.4136
	267 11.4248
	268 11.4416
	269 11.464
	270 11.4919
	271 11.5253
	272 11.5641
	273 11.6083
	274 11.6578
	19 11.7126
LINE 12 13 229.967 20
	275 11.522
	276 11.5145
	277 11.5079
	278 11.5021
	279 11.4971
	280 11.4929
	281 11.4896
	282 11.4871
	283 11.4855
	284 11.4846
	285 11.4846
	286 11.4855
	287 11.4871
	288 11.4896
	289 11.4929
	290 11.4971
	291 11.5021
	292 11.5079
	293 11.5145
	13 11.522
LINE 12 23 187.57 16
	294 11.9707
	295 11.8726
	296 11.7879
	297 11.7168
	298 11.6596
	299 11.6165
	300 11.5877
	301 11.5733
	302 11.5733
	303 11.5877
	304 11.6165
	305 11.6596
	306 11.7168
	307 11.7879
	308 11.8726
	23 11.9707
LINE 13 14 84.985 7
	309 12.3426
	310 12.1415
	311 12.0193
	312 11.9782
	313 12.0193
	314 12.1415
	14 12.3426
LINE 14 15 164.741 14
	315 12.331
	316 12.076
	317 11.8592
	318 11.683
	319 11.549
	320 11.4588
	321 11.4135
	322 11.4135
	323 11.4588
	324 11.549
	325 11.683
	326 11.8592
	327 12.076
	15 12.331
LINE 15 16 147.682 13
	328 11.5878
	329 11.4749
	330 11.3817
	331 11.3086
	332 11.2562
	333 11.2246
	334 11.2141
	335 11.2246
	336 11.2562
	337 11.3086
	338 11.3817
	339 11.4749
	16 11.5878
LINE 15 25 189.673 16
	340 12.5857
	341 12.3011
	342 12.0517
	343 11.84
	344 11.6678
	345 11.5369
	346 11.4489
	347 11.4046
	348 11.4046
	349 11.4489
	350 11.5369
	351 11.6678
	352 11.84
	353 12.0517
	354 12.3011
	25 12.5857
LINE 16 17 157.074 14
	355 11.2209
	356 11.2203
	357 11.2198
	358 11.2194
	359 11.2191
	360 11.2188
	361 11.2187
	362 11.2187
	363 11.2188
	364 11.2191
	365 11.2194
	366 11.2198
	367 11.2203
	17 11.2209
LINE 16 25 211.83 18
	368 12.5598
	369 12.2889
	370 12.0468
	371 11.8354
	372 11.6563
	373 11.511
	374 11.4008
	375 11.3267
	376 11.2895
	377 11.2895
	378 11.3267
	379 11.4008
	380 11.511
	381 11.6563
	382 11.8354
	383 12.0468
	384 12.2889
	25 12.5598
LINE 17 27 179.554 16
	385 11.2236
	386 11.223
	387 11.2225
	388 11.2221
	389 11.2217
	390 11.2215
	391 11.2213
	392 11.2212
	393 11.2212
	394 11.2213
	395 11.2215
	396 11.2217
	397 11.2221
	398 11.2225
	399 11.223
	27 11.2236
LINE 18 19 154.255 14
	400 11.0344
	401 11.0269
	402 11.0207
	403 11.0158
	404 11.012
	405 11.0095
	406 11.0083
	407 11.0083
	408 11.0095
	409 11.012
	410 11.0158
	411 11.0207
	412 11.0269
	19 11.0344
LINE 20 29 228.12 20
	413 12.1343
	414 11.9111
	415 11.7091
	416 11.5294
	417 11.3732
	418 11.2414
	419 11.1347
	420 11.0541
	421 11
	422 10.9729
	423 10.9729
	424 11
	425 11.0541
	426 11.1347
	427 11.2414
	428 11.3732
	429 11.5294
	430 11.7091
	431 11.9111
	29 12.1343
LINE 21 22 223.786 19
	432 12.652
	433 12.3705
	434 12.1167
	435 11.8924
	436 11.6992
	437 11.5387
	438 11.4123
	439 11.3212
	440 11.2662
	441 11.2478
	442 11.2662
	443 11.3212
	444 11.4123
	445 11.5387
	446 11.6992
	447 11.8924
	448 12.1167
	449 12.3705
	22 12.652
LINE 22 23 101.112 9
	450 11.326
	451 11.2577
	452 11.2087
	453 11.1792
	454 11.1693
	455 11.1792
	456 11.2087
	457 11.2577
	23 11.326
LINE 22 31 266.969 24
	458 11.3066
	459 11.2593
	460 11.2161
	461 11.1771
	462 11.1423
	463 11.1117
	464 11.0855
	465 11.0635
	466 11.046
	467 11.0328
	468 11.024
	469 11.0196
	470 11.0196
	471 11.024
	472 11.0328
	473 11.046
	474 11.0635
	475 11.0855
	476 11.1117
	477 11.1423
	478 11.1771
	479 11.2161
	480 11.2593
	31 11.3066
LINE 23 32 166.38 15
	481 11.1439
	482 11.1217
	483 11.1029
	484 11.0875
	485 11.0754
	486 11.0668
	487 11.0617
	488 11.06
	489 11.0617
	490 11.0668
	491 11.0754
	492 11.0875
	493 11.1029
	494 11.1217
	32 11.1439
LINE 23 33 168.487 15
	495 11.384
	496 11.3194
	497 11.2645
	498 11.2194
	499 11.1841
	500 11.1589
	501 11.1437
	502 11.1387
	503 11.1437
	504 11.1589
	505 11.1841
	506 11.2194
	507 11.2645
	508 11.3194
	33 11.384
LINE 24 34 190.086 17
	509 11.5783
	510 11.4319
	511 11.3034
	512 11.1936
	513 11.1029
	514 11.0319
	515 10.9808
	516 10.9501
	517 10.9398
	518 10.9501
	519 10.9808
	520 11.0319
	521 11.1029
	522 11.1936
	523 11.3034
	524 11.4319
	34 11.5783
LINE 24 35 232.306 21
	525 11.1246
	526 11.1059
	527 11.0892
	528 11.0744
	529 11.0616
	530 11.0507
	531 11.0418
	532 11.0349
	533 11.0299
	534 11.027
	535 11.026
	536 11.027
	537 11.0299
	538 11.0349
	539 11.0418
	540 11.0507
	541 11.0616
	542 11.0744
	543 11.0892
	544 11.1059
	35 11.1246
LINE 25 35 125.796 11
	545 11.4441
	546 11.4392
	547 11.4355
	548 11.4328
	549 11.4312
	550 11.4307
	551 11.4312
	552 11.4328
	553 11.4355
	554 11.4392
	35 11.4441
LINE 26 27 144.23 13
	555 11.1043
	556 11.0994
	557 11.0955
	558 11.0924
	559 11.0902
	560 11.0889
	561 11.0885
	562 11.0889
	563 11.0902
	564 11.0924
	565 11.0955
	566 11.0994
	27 11.1043
LINE 26 36 224.272 19
	567 12.8892
	568 12.5423
	569 12.2281
	570 11.949
	571 11.7077
	572 11.5065
	573 11.3475
	574 11.2326
	575 11.1631
	576 11.1398
	577 11.1631
	578 11.2326
	579 11.3475
	580 11.5065
	581 11.7077
	582 11.949
	583 12.2281
	584 12.5423
	36 12.8892
LINE 27 37 160.526 14
	585 12.3218
	586 11.939
	587 11.6103
	588 11.3405
	589 11.1339
	590 10.994
	591 10.9234
	592 10.9234
	593 10.994
	594 11.1339
	595 11.3405
	596 11.6103
	597 11.939
	37 12.3218
LINE 28 29 151.424 13
	598 11.6523
	599 11.6502
	600 11.6484
	601 11.647
	602 11.646
	603 11.6454
	604 11.6452
	605 11.6454
	606 11.646
	607 11.647
	608 11.6484
	609 11.6502
	29 11.6523
LINE 28 38 127.604 11
	610 11.7545
	611 11.6625
	612 11.5904
	613 11.5386
	614 11.5075
	615 11.497
	616 11.5075
	617 11.5386
	618 11.5904
	619 11.6625
	38 11.7545
LINE 29 30 229.989 20
	620 11.5582
	621 11.5397
	622 11.5232
	623 11.5088
	624 11.4964
	625 11.486
	626 11.4778
	627 11.4716
	628 11.4674
	629 11.4653
	630 11.4653
	631 11.4674
	632 11.4716
	633 11.4778
	634 11.486
	635 11.4964
	636 11.5088
	637 11.5232
	638 11.5397
	30 11.5582
LINE 29 39 178.313 15
	639 12.3702
	640 12.1669
	641 11.9923
	642 11.8474
	643 11.7335
	644 11.6515
	645 11.602
	646 11.5855
	647 11.602
	648 11.6515
	649 11.7335
	650 11.8474
	651 11.9923
	652 12.1669
	39 12.3702
LINE 32 40 227.766 19
	653 12.8913
	654 12.6004
	655 12.338
	656 12.1059
	657 11.906
	658 11.74
	659 11.6092
	660 11.5148
	661 11.4579
	662 11.4388
	663 11.4579
	664 11.5148
	665 11.6092
	666 11.74
	667 11.906
	668 12.1059
	669 12.338
	670 12.6004
	40 12.8913
LINE 33 34 155.834 14
	671 11.4674
	672 11.3141
	673 11.1848
	674 11.0802
	675 11.0012
	676 10.9481
	677 10.9215
	678 10.9215
	679 10.9481
	680 11.0012
	681 11.0802
	682 11.1848
	683 11.3141
	34 11.4674
LINE 33 40 287.198 25
	684 11.6486
	685 11.6087
	686 11.5721
	687 11.539
	688 11.5092
	689 11.4829
	690 11.4601
	691 11.4407
	692 11.4248
	693 11.4125
	694 11.4036
	695 11.3983
	696 11.3966
	697 11.3983
	698 11.4036
	699 11.4125
	700 11.4248
	701 11.4407
	702 11.4601
	703 11.4829
	704 11.5092
	705 11.539
	706 11.5721
	707 11.6087
	40 11.6486
LINE 34 41 271.638 23
	708 12.8488
	709 12.5772
	710 12.3264
	711 12.0975
	712 11.892
	713 11.7109
	714 11.5554
	715 11.4267
	716 11.3255
	717 11.2527
	718 11.2088
	719 11.1941
	720 11.2088
	721 11.2527
	722 11.3255
	723 11.4267
	724 11.5554
	725 11.7109
	726 11.892
	727 12.0975
	728 12.3264
	729 12.5772
	41 12.8488
LINE 34 42 199.932 18
	730 11.1076
	731 11.1075
	732 11.1074
	733 11.1074
	734 11.1073
	735 11.1072
	736 11.1072
	737 11.1072
	738 11.1072
	739 11.1072
	740 11.1072
	741 11.1072
	742 11.1072
	743 11.1073
	744 11.1074
	745 11.1074
	746 11.1075
	42 11.1076
LINE 35 43 217.815 19
	747 11.7656
	748 11.6663
	749 11.5779
	750 11.5008
	751 11.4351
	752 11.3811
	753 11.3389
	754 11.3087
	755 11.2905
	756 11.2845
	757 11.2905
	758 11.3087
	759 11.3389
	760 11.3811
	761 11.4351
	762 11.5008
	763 11.5779
	764 11.6663
	43 11.7656
LINE 37 45 162.993 14
	765 11.7421
	766 11.6962
	767 11.6579
	768 11.6271
	769 11.604
	770 11.5886
	771 11.5808
	772 11.5808
	773 11.5886
	774 11.604
	775 11.6271
	776 11.6579
	777 11.6962
	45 11.7421
LINE 40 41 207.098 18
	778 12.3805
	779 12.0821
	780 11.8149
	781 11.5809
	782 11.3822
	783 11.2207
	784 11.0981
	785 11.0155
	786 10.974
	787 10.974
	788 11.0155
	789 11.0981
	790 11.2207
	791 11.3822
	792 11.5809
	793 11.8149
	794 12.0821
	41 12.3805
LINE 41 42 80.9 7
	795 12.3061
	796 11.5689
	797 11.1032
	798 10.9435
	799 11.1032
	800 11.5689
	42 12.3061
LINE 42 43 207.59 18
	801 11.554
	802 11.5465
	803 11.54
	804 11.5344
	805 11.5297
	806 11.5259
	807 11.5231
	808 11.5212
	809 11.5203
	810 11.5203
	811 11.5212
	812 11.5231
	813 11.5259
	814 11.5297
	815 11.5344
	816 11.54
	817 11.5465
	43 11.554
LINE 43 44 109.457 10
	818 10.9988
	819 10.9635
	820 10.9369
	821 10.9192
	822 10.9103
	823 10.9103
	824 10.9192
	825 10.9369
	826 10.9635
	44 10.9988
COORDENADAS :
1	144.054	443.632
2	298.153	401.976
3	395.07	443.781
4	486.7	453.625
5	575.406	445.43
6	648.29	445.702
7	789.249	451.878
8	840.471	458.244
9	83.4127	346.896
10	144.278	336.076
11	404.65	301.551
12	457.544	307.599
13	607.021	340.835
14	658.753	362.01
15	764.024	346.054
16	853.601	308.351
17	955.135	333.937
18	101.456	204.886
19	201.482	228.357
20	243.904	252.183
21	350.322	265.644
22	492.607	258.364
23	553.041	229.4
24	638.559	249.981
25	746.28	225.766
26	860.076	266.919
27	940.997	215.082
28	51.5456	114.775
29	149.042	140.859
30	300.272	163.172
31	351.992	152.012
32	483.485	143.41
33	601.937	129.319
34	702.787	143.929
35	748.85	141.98
36	878.164	126.979
37	1004.31	135.277
38	78.7962	34.9883
39	156.166	25.2232
40	462.815	0
41	593.964	11.1921
42	643.216	24.6956
43	779.649	2.4012
44	852.133	8.34864
45	983.4	29.2395
46	0	338.72
47	364.483	41.7446
48	4.33363	260.288
49	831.233	500.819
50	151.841	443.31
51	159.583	442.821
52	167.281	442.167
53	174.933	441.347
54	182.541	440.36
55	190.103	439.207
56	197.621	437.888
57	205.094	436.403
58	212.522	434.752
59	219.905	432.934
60	227.243	430.951
61	234.536	428.801
62	241.784	426.485
63	248.987	424.003
64	256.146	421.355
65	263.259	418.54
66	270.328	415.56
67	277.352	412.413
68	284.33	409.1
69	291.264	405.621
70	138.677	438.019
71	133.491	432.287
72	128.495	426.435
73	123.69	420.464
74	119.075	414.373
75	114.652	408.163
76	110.418	401.834
77	106.376	395.384
78	102.523	388.816
79	98.8618	382.128
80	95.3909	375.32
81	92.1105	368.394
82	89.0206	361.347
83	86.1214	354.181
84	146.955	435.955
85	149.412	428.278
86	151.425	420.599
87	152.995	412.92
88	154.121	405.24
89	154.802	397.558
90	155.04	389.876
91	154.834	382.193
92	154.185	374.509
93	153.091	366.824
94	151.554	359.139
95	149.572	351.452
96	147.147	343.764
97	402.978	442.071
98	410.837	440.82
99	418.645	440.03
100	426.405	439.7
101	434.115	439.83
102	441.775	440.42
103	449.387	441.47
104	456.948	442.981
105	464.46	444.952
106	471.923	447.383
107	479.337	450.274
108	399.025	436.528
109	402.597	429.249
110	405.785	421.944
111	408.59	414.613
112	411.011	407.256
113	413.049	399.874
114	414.703	392.465
115	415.974	385.031
116	416.862	377.571
117	417.366	370.085
118	417.487	362.574
119	417.224	355.036
120	416.578	347.473
121	415.549	339.884
122	414.136	332.269
123	412.339	324.628
124	410.16	316.962
125	407.596	309.269
126	494.46	456.923
127	502.153	459.497
128	509.779	461.347
129	517.339	462.473
130	524.831	462.876
131	532.257	462.555
132	539.615	461.51
133	546.907	459.742
134	554.132	457.249
135	561.29	454.034
136	568.382	450.094
137	582.682	448.688
138	589.961	451.227
139	597.243	453.049
140	604.527	454.152
141	611.814	454.538
142	619.104	454.207
143	626.397	453.157
144	633.692	451.39
145	640.989	448.905
146	653.747	440.336
147	659.238	435.011
148	664.765	429.727
149	670.326	424.482
150	675.922	419.278
151	681.552	414.114
152	687.217	408.991
153	692.917	403.908
154	698.652	398.865
155	704.421	393.862
156	710.225	388.9
157	716.064	383.978
158	721.938	379.097
159	727.846	374.255
160	733.789	369.454
161	739.766	364.694
162	745.779	359.973
163	751.826	355.293
164	757.907	350.654
165	796.37	454.366
166	803.557	456.328
167	810.809	457.763
168	818.126	458.673
169	825.509	459.056
170	832.957	458.913
171	837.858	450.898
172	835.053	443.682
173	832.055	436.598
174	828.866	429.645
175	825.484	422.823
176	821.909	416.132
177	818.143	409.571
178	814.184	403.142
179	810.033	396.844
180	805.69	390.676
181	801.155	384.64
182	796.427	378.735
183	791.507	372.961
184	786.395	367.317
185	781.09	361.805
186	775.594	356.424
187	769.905	351.174
188	840.322	450.679
189	840.257	443.121
190	840.277	435.571
191	840.383	428.028
192	840.573	420.492
193	840.847	412.964
194	841.207	405.443
195	841.651	397.93
196	842.181	390.424
197	842.795	382.926
198	843.494	375.435
199	844.277	367.951
200	845.146	360.475
201	846.099	353.007
202	847.137	345.545
203	848.26	338.092
204	849.468	330.645
205	850.761	323.206
206	852.138	315.775
207	846.838	454.114
208	853.08	449.868
209	859.195	445.506
210	865.186	441.028
211	871.05	436.435
212	876.789	431.725
213	882.403	426.9
214	887.891	421.959
215	893.253	416.902
216	898.489	411.729
217	903.6	406.44
218	908.586	401.035
219	913.446	395.515
220	918.18	389.878
221	922.788	384.126
222	927.271	378.258
223	931.628	372.274
224	935.86	366.174
225	939.966	359.959
226	943.947	353.627
227	947.802	347.18
228	951.531	340.616
229	91.5941	348.768
230	99.6117	349.719
231	107.466	349.748
232	115.156	348.856
233	122.682	347.043
234	130.044	344.308
235	137.243	340.653
236	83.4871	339.311
237	83.6587	331.737
238	83.9276	324.177
239	84.2938	316.628
240	84.7571	309.092
241	85.3178	301.569
242	85.9757	294.057
243	86.7308	286.558
244	87.5832	279.072
245	88.5328	271.598
246	89.5797	264.136
247	90.7239	256.686
248	91.9653	249.249
249	93.3039	241.824
250	94.7398	234.412
251	96.2729	227.012
252	97.9033	219.624
253	99.631	212.249
254	87.5245	340.258
255	91.7559	333.739
256	96.1067	327.339
257	100.577	321.058
258	105.167	314.896
259	109.876	308.853
260	114.705	302.929
261	119.654	297.124
262	124.722	291.439
263	129.909	285.872
264	135.216	280.424
265	140.643	275.096
266	146.189	269.886
267	151.854	264.796
268	157.639	259.824
269	163.544	254.972
270	169.568	250.238
271	175.712	245.624
272	181.975	241.129
273	188.358	236.753
274	194.86	232.495
275	464.884	309.865
276	472.238	312.067
277	479.605	314.206
278	486.987	316.281
279	494.383	318.292
280	501.794	320.24
281	509.218	322.125
282	516.656	323.945
283	524.109	325.703
284	531.576	327.396
285	539.057	329.026
286	546.552	330.593
287	554.061	332.095
288	561.584	333.535
289	569.122	334.91
290	576.673	336.223
291	584.239	337.471
292	591.819	338.656
293	599.413	339.777
294	464.808	304.293
295	471.899	300.776
296	478.817	297.048
297	485.562	293.109
298	492.135	288.96
299	498.535	284.6
300	504.763	280.029
301	510.818	275.246
302	516.7	270.254
303	522.41	265.05
304	527.946	259.635
305	533.311	254.01
306	538.502	248.174
307	543.521	242.127
308	548.367	235.869
309	613.66	345.697
310	620.549	349.946
311	627.688	353.584
312	635.079	356.609
313	642.72	359.021
314	650.611	360.822
315	665.805	357.785
316	672.929	354.034
317	680.124	350.758
318	687.392	347.957
319	694.731	345.63
320	702.142	343.779
321	709.626	342.401
322	717.181	341.499
323	724.808	341.071
324	732.507	341.119
325	740.279	341.64
326	748.122	342.637
327	756.037	344.108
328	770.159	341.36
329	776.421	336.965
330	782.808	332.869
331	789.321	329.072
332	795.96	325.574
333	802.724	322.374
334	809.615	319.474
335	816.631	316.873
336	823.774	314.571
337	831.042	312.567
338	838.435	310.863
339	845.955	309.457
340	759.396	339.055
341	755.238	331.987
342	751.549	324.85
343	748.329	317.643
344	745.578	310.367
345	743.296	303.022
346	741.483	295.608
347	740.139	288.125
348	739.265	280.572
349	738.86	272.95
350	738.924	265.259
351	739.456	257.499
352	740.459	249.669
353	741.93	241.771
354	743.87	233.803
355	860.817	310.322
356	868.039	312.271
357	875.266	314.198
358	882.499	316.103
359	889.738	317.986
360	896.982	319.847
361	904.231	321.685
362	911.486	323.502
363	918.747	325.296
364	926.014	327.069
365	933.285	328.819
366	940.563	330.547
367	947.846	332.253
368	845.397	306.676
369	837.456	304.658
370	829.78	302.298
371	822.367	299.595
372	815.218	296.549
373	808.333	293.161
374	801.711	289.429
375	795.353	285.355
376	789.259	280.939
377	783.429	276.179
378	777.862	271.077
379	772.559	265.632
380	767.52	259.845
381	762.744	253.714
382	758.233	247.241
383	753.984	240.426
384	750	233.267
385	954.096	326.527
386	953.078	319.115
387	952.081	311.7
388	951.104	304.282
389	950.148	296.863
390	949.213	289.44
391	948.298	282.016
392	947.404	274.588
393	946.531	267.159
394	945.678	259.727
395	944.846	252.292
396	944.035	244.855
397	943.244	237.415
398	942.474	229.974
399	941.725	222.529
400	108.716	206.069
401	115.959	207.327
402	123.184	208.662
403	130.391	210.073
404	137.58	211.559
405	144.752	213.122
406	151.905	214.761
407	159.041	216.475
408	166.159	218.266
409	173.259	220.132
410	180.342	222.074
411	187.406	224.093
412	194.453	226.187
413	241.793	244.374
414	239.405	236.801
415	236.74	229.464
416	233.798	222.363
417	230.579	215.498
418	227.083	208.869
419	223.31	202.477
420	219.259	196.32
421	214.932	190.4
422	210.327	184.715
423	205.446	179.267
424	200.287	174.055
425	194.851	169.079
426	189.138	164.339
427	183.148	159.836
428	176.881	155.568
429	170.337	151.537
430	163.516	147.741
431	156.417	144.182
432	357.613	261.404
433	364.926	257.592
434	372.261	254.209
435	379.619	251.254
436	386.998	248.728
437	394.399	246.631
438	401.822	244.962
439	409.266	243.722
440	416.733	242.91
441	424.222	242.527
442	431.733	242.572
443	439.265	243.046
444	446.82	243.949
445	454.396	245.28
446	461.995	247.039
447	469.615	249.228
448	477.257	251.844
449	484.921	254.89
450	498.781	254.017
451	505.091	249.952
452	511.535	246.17
453	518.115	242.669
454	524.829	239.451
455	531.679	236.515
456	538.665	233.861
457	545.785	231.489
458	485.729	255.28
459	478.94	252.078
460	472.239	248.76
461	465.627	245.325
462	459.104	241.772
463	452.669	238.102
464	446.322	234.315
465	440.065	230.411
466	433.896	226.39
467	427.815	222.252
468	421.823	217.996
469	415.92	213.623
470	410.105	209.133
471	404.379	204.526
472	398.742	199.802
473	393.193	194.961
474	387.733	190.002
475	382.361	184.927
476	377.078	179.734
477	371.884	174.424
478	366.778	168.997
479	361.761	163.452
480	356.832	157.791
481	549.112	223.095
482	545.081	216.871
483	540.95	210.73
484	536.717	204.67
485	532.383	198.692
486	527.948	192.796
487	523.412	186.981
488	518.775	181.249
489	514.037	175.598
490	509.198	170.029
491	504.258	164.541
492	499.216	159.136
493	494.074	153.812
494	488.83	148.57
495	557.709	223.415
496	562.175	217.333
497	566.44	211.152
498	570.505	204.873
499	574.368	198.496
500	578.03	192.02
501	581.491	185.447
502	584.75	178.774
503	587.809	172.004
504	590.666	165.136
505	593.323	158.169
506	595.778	151.104
507	598.032	143.94
508	600.085	136.678
509	640.175	242.433
510	642.061	235.049
511	644.218	227.828
512	646.644	220.772
513	649.341	213.878
514	652.309	207.149
515	655.546	200.583
516	659.054	194.181
517	662.832	187.943
518	666.88	181.868
519	671.199	175.957
520	675.788	170.21
521	680.647	164.626
522	685.777	159.206
523	691.176	153.95
524	696.846	148.858
525	644.5	245.542
526	650.373	241.033
527	656.176	236.453
528	661.911	231.803
529	667.576	227.083
530	673.173	222.292
531	678.701	217.431
532	684.16	212.499
533	689.549	207.497
534	694.87	202.424
535	700.122	197.281
536	705.305	192.068
537	710.419	186.784
538	715.464	181.43
539	720.441	176.006
540	725.348	170.511
541	730.186	164.946
542	734.955	159.31
543	739.656	153.604
544	744.287	147.827
545	746.882	218.16
546	747.411	210.552
547	747.865	202.942
548	748.247	195.33
549	748.554	187.715
550	748.788	180.099
551	748.948	172.479
552	749.034	164.858
553	749.046	157.234
554	748.985	149.609
555	866.513	263.264
556	872.915	259.553
557	879.282	255.787
558	885.613	251.966
559	891.908	248.089
560	898.168	244.157
561	904.393	240.169
562	910.582	236.127
563	916.736	232.028
564	922.854	227.875
565	928.937	223.666
566	934.985	219.402
567	865.315	260.108
568	870.077	253.236
569	874.363	246.301
570	878.173	239.305
571	881.507	232.248
572	884.364	225.129
573	886.745	217.948
574	888.649	210.706
575	890.078	203.402
576	891.03	196.037
577	891.505	188.61
578	891.505	181.122
579	891.028	173.572
580	890.075	165.96
581	888.645	158.287
582	886.739	150.553
583	884.357	142.756
584	881.499	134.899
585	948.505	211.751
586	955.555	208.056
587	962.145	203.995
588	968.275	199.571
589	973.946	194.782
590	979.157	189.628
591	983.909	184.11
592	988.202	178.227
593	992.035	171.98
594	995.408	165.368
595	998.322	158.392
596	1000.78	151.052
597	1002.77	143.346
598	58.9752	117.043
599	66.4165	119.268
600	73.8694	121.449
601	81.3341	123.587
602	88.8104	125.681
603	96.2985	127.731
604	103.798	129.737
605	111.31	131.7
606	118.833	133.619
607	126.367	135.495
608	133.914	137.326
609	141.472	139.114
610	55.5665	108.049
611	59.2787	101.217
612	62.6821	94.28
613	65.7769	87.2375
614	68.5629	80.0897
615	71.0403	72.8364
616	73.2089	65.4776
617	75.0688	58.0134
618	76.62	50.4438
619	77.8624	42.7688
620	156.746	141.009
621	164.435	141.26
622	172.109	141.613
623	179.768	142.068
624	187.412	142.625
625	195.041	143.283
626	202.655	144.043
627	210.254	144.905
628	217.838	145.868
629	225.407	146.933
630	232.961	148.099
631	240.5	149.367
632	248.024	150.737
633	255.533	152.209
634	263.027	153.782
635	270.506	155.457
636	277.97	157.233
637	285.419	159.111
638	292.853	161.091
639	152.402	133.328
640	155.35	125.771
641	157.885	118.189
642	160.009	110.581
643	161.72	102.948
644	163.02	95.2902
645	163.907	87.6065
646	164.382	79.8975
647	164.445	72.1631
648	164.095	64.4033
649	163.334	56.618
650	162.16	48.8074
651	160.574	40.9714
652	158.576	33.11
653	486.32	135.296
654	488.719	127.246
655	490.682	119.258
656	492.209	111.333
657	493.3	103.471
658	493.956	95.6722
659	494.176	87.9359
660	493.959	80.2624
661	493.307	72.6517
662	492.219	65.1038
663	490.695	57.6188
664	488.736	50.1965
665	486.34	42.8371
666	483.509	35.5406
667	480.242	28.3068
668	476.539	21.1359
669	472.4	14.0278
670	467.825	6.98247
671	608.805	132.675
672	615.725	135.676
673	622.697	138.322
674	629.72	140.611
675	636.794	142.544
676	643.921	144.122
677	651.098	145.343
678	658.328	146.209
679	665.609	146.719
680	672.941	146.872
681	680.325	146.67
682	687.761	146.112
683	695.248	145.198
684	597.465	122.969
685	592.903	116.718
686	588.25	110.564
687	583.505	104.509
688	578.67	98.5518
689	573.743	92.6927
690	568.725	86.9316
691	563.616	81.2685
692	558.415	75.7036
693	553.124	70.2366
694	547.741	64.8678
695	542.268	59.597
696	536.703	54.4242
697	531.047	49.3496
698	525.3	44.3729
699	519.461	39.4944
700	513.532	34.7139
701	507.511	30.0314
702	501.399	25.447
703	495.196	20.9607
704	488.902	16.5725
705	482.517	12.2823
706	476.041	8.09011
707	469.473	3.99603
708	701.307	135.492
709	699.532	127.297
710	697.461	119.344
711	695.094	111.634
712	692.432	104.167
713	689.475	96.9415
714	686.221	89.9585
715	682.672	83.2179
716	678.828	76.7197
717	674.687	70.4638
718	670.252	64.4503
719	665.52	58.6792
720	660.493	53.1504
721	655.171	47.8639
722	649.552	42.8199
723	643.638	38.0181
724	637.429	33.4588
725	630.924	29.1417
726	624.123	25.0671
727	617.027	21.2348
728	609.635	17.6449
729	601.947	14.2973
730	699.418	137.334
731	696.057	130.736
732	692.702	124.135
733	689.354	117.53
734	686.014	110.921
735	682.68	104.309
736	679.353	97.6939
737	676.033	91.0751
738	672.72	84.4527
739	669.414	77.8269
740	666.115	71.1977
741	662.823	64.5649
742	659.538	57.9287
743	656.26	51.289
744	652.988	44.6459
745	649.724	37.9993
746	646.467	31.3492
747	752.639	135.112
748	756.187	128.191
749	759.494	121.217
750	762.56	114.19
751	765.386	107.109
752	767.97	99.9757
753	770.314	92.7888
754	772.416	85.5489
755	774.278	78.2558
756	775.899	70.9095
757	777.279	63.5101
758	778.419	56.0575
759	779.317	48.5518
760	779.975	40.9929
761	780.391	33.3809
762	780.567	25.7157
763	780.502	17.9973
764	780.196	10.2258
765	1004.09	127.452
766	1003.67	119.665
767	1003.06	111.918
768	1002.25	104.209
769	1001.24	96.538
770	1000.04	88.906
771	998.649	81.3126
772	997.057	73.7579
773	995.27	66.2417
774	993.288	58.764
775	991.109	51.325
776	988.735	43.9246
777	986.165	36.5627
778	469.775	4.43545
779	476.774	8.42223
780	483.811	11.9604
781	490.887	15.0498
782	498.001	17.6906
783	505.153	19.8827
784	512.343	21.6261
785	519.572	22.9209
786	526.839	23.767
787	534.144	24.1645
788	541.487	24.1133
789	548.869	23.6134
790	556.289	22.6648
791	563.748	21.2676
792	571.244	19.4217
793	578.779	17.1272
794	586.352	14.3839
795	600.008	16.7398
796	606.382	21.0813
797	613.088	24.2167
798	620.124	26.1457
799	627.491	26.8686
800	635.188	26.3852
801	650.891	24.0387
802	658.554	23.3133
803	666.207	22.5196
804	673.848	21.6574
805	681.478	20.7267
806	689.096	19.7277
807	696.704	18.6602
808	704.3	17.5242
809	711.885	16.3199
810	719.459	15.0471
811	727.022	13.7059
812	734.574	12.2962
813	742.114	10.8181
814	749.643	9.27159
815	757.161	7.65664
816	764.668	5.97326
817	772.164	4.22144
818	786.973	2.06518
819	794.281	1.936
820	801.572	2.01366
821	808.846	2.29815
822	816.103	2.78948
823	823.343	3.48764
824	830.566	4.39264
825	837.772	5.50447
826	844.961	6.82314
