NOMBRE : MTLARP8_8_6_2.dat
VERTICES ORIGINALES : 64
VERTICES TOTALES : 961
DEPOTS : 6
59
60
61
62
63
64
LINEAS ORIGINALES : 60
LINE 1 2 175.153 15
	65 12.2147
	66 11.9887
	67 11.7941
	68 11.6325
	69 11.5052
	70 11.4134
	71 11.358
	72 11.3395
	73 11.358
	74 11.4134
	75 11.5052
	76 11.6325
	77 11.7941
	78 11.9887
	2 12.2147
LINE 2 8 280.632 24
	79 12.873
	80 12.5798
	81 12.3071
	82 12.0564
	83 11.8291
	84 11.6265
	85 11.4501
	86 11.301
	87 11.1802
	88 11.0888
	89 11.0274
	90 10.9966
	91 10.9966
	92 11.0274
	93 11.0888
	94 11.1802
	95 11.301
	96 11.4501
	97 11.6265
	98 11.8291
	99 12.0564
	100 12.3071
	101 12.5798
	8 12.873
LINE 3 4 195.602 17
	102 11.6013
	103 11.5657
	104 11.5348
	105 11.5085
	106 11.487
	107 11.4702
	108 11.4582
	109 11.451
	110 11.4486
	111 11.451
	112 11.4582
	113 11.4702
	114 11.487
	115 11.5085
	116 11.5348
	117 11.5657
	4 11.6013
LINE 4 5 73.0064 7
	118 10.4522
	119 10.4295
	120 10.4159
	121 10.4113
	122 10.4159
	123 10.4295
	5 10.4522
LINE 4 11 96.447 8
	124 12.6408
	125 12.1464
	126 11.8053
	127 11.631
	128 11.631
	129 11.8053
	130 12.1464
	11 12.6408
LINE 5 6 228.354 20
	131 11.5995
	132 11.5425
	133 11.4916
	134 11.4469
	135 11.4085
	136 11.3763
	137 11.3505
	138 11.3311
	139 11.3182
	140 11.3117
	141 11.3117
	142 11.3182
	143 11.3311
	144 11.3505
	145 11.3763
	146 11.4085
	147 11.4469
	148 11.4916
	149 11.5425
	6 11.5995
LINE 5 13 306.787 27
	150 11.4835
	151 11.4557
	152 11.4301
	153 11.4067
	154 11.3854
	155 11.3664
	156 11.3496
	157 11.335
	158 11.3226
	159 11.3124
	160 11.3046
	161 11.2989
	162 11.2955
	163 11.2944
	164 11.2955
	165 11.2989
	166 11.3046
	167 11.3124
	168 11.3226
	169 11.335
	170 11.3496
	171 11.3664
	172 11.3854
	173 11.4067
	174 11.4301
	175 11.4557
	13 11.4835
LINE 6 14 150.798 14
	176 10.777
	177 10.7744
	178 10.7722
	179 10.7704
	180 10.7691
	181 10.7682
	182 10.7677
	183 10.7677
	184 10.7682
	185 10.7691
	186 10.7704
	187 10.7722
	188 10.7744
	14 10.777
LINE 7 14 118.241 10
	189 12.556
	190 12.0785
	191 11.7076
	192 11.4537
	193 11.3246
	194 11.3246
	195 11.4537
	196 11.7076
	197 12.0785
	14 12.556
LINE 8 15 171.034 15
	198 11.6488
	199 11.5441
	200 11.4548
	201 11.3812
	202 11.3236
	203 11.2823
	204 11.2575
	205 11.2492
	206 11.2575
	207 11.2823
	208 11.3236
	209 11.3812
	210 11.4548
	211 11.5441
	15 11.6488
LINE 9 16 218.673 19
	212 12.0828
	213 11.8959
	214 11.7286
	215 11.5816
	216 11.4557
	217 11.3517
	218 11.2702
	219 11.2115
	220 11.1762
	221 11.1644
	222 11.1762
	223 11.2115
	224 11.2702
	225 11.3517
	226 11.4557
	227 11.5816
	228 11.7286
	229 11.8959
	16 12.0828
LINE 10 16 286.092 25
	230 12.1901
	231 12.0094
	232 11.8419
	233 11.6884
	234 11.5493
	235 11.4251
	236 11.3164
	237 11.2236
	238 11.1471
	239 11.0872
	240 11.0443
	241 11.0184
	242 11.0098
	243 11.0184
	244 11.0443
	245 11.0872
	246 11.1471
	247 11.2236
	248 11.3164
	249 11.4251
	250 11.5493
	251 11.6884
	252 11.8419
	253 12.0094
	16 12.1901
LINE 10 18 204.332 18
	254 11.5476
	255 11.4791
	256 11.4187
	257 11.3667
	258 11.3232
	259 11.2883
	260 11.262
	261 11.2445
	262 11.2357
	263 11.2357
	264 11.2445
	265 11.262
	266 11.2883
	267 11.3232
	268 11.3667
	269 11.4187
	270 11.4791
	18 11.5476
LINE 11 18 245.543 21
	271 12.3171
	272 12.1344
	273 11.9686
	274 11.8204
	275 11.6904
	276 11.5793
	277 11.4875
	278 11.4157
	279 11.3641
	280 11.333
	281 11.3226
	282 11.333
	283 11.3641
	284 11.4157
	285 11.4875
	286 11.5793
	287 11.6904
	288 11.8204
	289 11.9686
	290 12.1344
	18 12.3171
LINE 12 13 168.719 15
	291 11.4471
	292 11.3624
	293 11.2902
	294 11.2308
	295 11.1844
	296 11.1512
	297 11.1312
	298 11.1245
	299 11.1312
	300 11.1512
	301 11.1844
	302 11.2308
	303 11.2902
	304 11.3624
	13 11.4471
LINE 12 18 327.418 29
	305 11.4015
	306 11.3777
	307 11.3558
	308 11.3355
	309 11.3169
	310 11.3001
	311 11.2851
	312 11.2718
	313 11.2602
	314 11.2505
	315 11.2425
	316 11.2362
	317 11.2318
	318 11.2291
	319 11.2282
	320 11.2291
	321 11.2318
	322 11.2362
	323 11.2425
	324 11.2505
	325 11.2602
	326 11.2718
	327 11.2851
	328 11.3001
	329 11.3169
	330 11.3355
	331 11.3558
	332 11.3777
	18 11.4015
LINE 12 19 138.937 12
	333 12.0273
	334 11.786
	335 11.5893
	336 11.4395
	337 11.3386
	338 11.2878
	339 11.2878
	340 11.3386
	341 11.4395
	342 11.5893
	343 11.786
	19 12.0273
LINE 12 20 236.523 20
	344 12.4746
	345 12.275
	346 12.0948
	347 11.935
	348 11.7962
	349 11.6794
	350 11.585
	351 11.5137
	352 11.466
	353 11.442
	354 11.442
	355 11.466
	356 11.5137
	357 11.585
	358 11.6794
	359 11.7962
	360 11.935
	361 12.0948
	362 12.275
	20 12.4746
LINE 14 21 185.155 16
	363 12.3582
	364 12.053
	365 11.7851
	366 11.5572
	367 11.3715
	368 11.2302
	369 11.1351
	370 11.0872
	371 11.0872
	372 11.1351
	373 11.2302
	374 11.3715
	375 11.5572
	376 11.7851
	377 12.053
	21 12.3582
LINE 17 25 130.132 12
	378 10.8585
	379 10.8508
	380 10.8446
	381 10.8399
	382 10.8368
	383 10.8353
	384 10.8353
	385 10.8368
	386 10.8399
	387 10.8446
	388 10.8508
	25 10.8585
LINE 20 28 202.162 18
	389 11.3377
	390 11.3003
	391 11.2674
	392 11.2392
	393 11.2156
	394 11.1967
	395 11.1825
	396 11.173
	397 11.1683
	398 11.1683
	399 11.173
	400 11.1825
	401 11.1967
	402 11.2156
	403 11.2392
	404 11.2674
	405 11.3003
	28 11.3377
LINE 21 22 161.133 14
	406 11.5342
	407 11.5228
	408 11.5133
	409 11.5057
	410 11.5
	411 11.4962
	412 11.4943
	413 11.4943
	414 11.4962
	415 11.5
	416 11.5057
	417 11.5133
	418 11.5228
	22 11.5342
LINE 21 29 196.095 17
	419 12.6022
	420 12.2181
	421 11.8752
	422 11.5771
	423 11.3273
	424 11.1292
	425 10.9855
	426 10.8984
	427 10.8692
	428 10.8984
	429 10.9855
	430 11.1292
	431 11.3273
	432 11.5771
	433 11.8752
	434 12.2181
	29 12.6022
LINE 22 29 297.187 26
	435 11.7842
	436 11.7006
	437 11.6234
	438 11.5528
	439 11.4888
	440 11.4317
	441 11.3815
	442 11.3382
	443 11.3021
	444 11.2731
	445 11.2513
	446 11.2367
	447 11.2294
	448 11.2294
	449 11.2367
	450 11.2513
	451 11.2731
	452 11.3021
	453 11.3382
	454 11.3815
	455 11.4317
	456 11.4888
	457 11.5528
	458 11.6234
	459 11.7006
	29 11.7842
LINE 23 24 103.723 9
	460 12.1932
	461 11.7012
	462 11.3366
	463 11.1122
	464 11.0363
	465 11.1122
	466 11.3366
	467 11.7012
	24 12.1932
LINE 23 31 124.141 11
	468 11.4203
	469 11.3398
	470 11.2768
	471 11.2315
	472 11.2043
	473 11.1952
	474 11.2043
	475 11.2315
	476 11.2768
	477 11.3398
	31 11.4203
LINE 23 32 174.759 15
	478 12.1889
	479 11.9628
	480 11.768
	481 11.6062
	482 11.4788
	483 11.387
	484 11.3315
	485 11.3129
	486 11.3315
	487 11.387
	488 11.4788
	489 11.6062
	490 11.768
	491 11.9628
	32 12.1889
LINE 24 32 165.19 14
	492 12.6901
	493 12.2917
	494 11.9496
	495 11.6686
	496 11.4534
	497 11.3077
	498 11.2341
	499 11.2341
	500 11.3077
	501 11.4534
	502 11.6686
	503 11.9496
	504 12.2917
	32 12.6901
LINE 24 33 263.675 22
	505 13.0129
	506 12.731
	507 12.4718
	508 12.2368
	509 12.0274
	510 11.845
	511 11.6908
	512 11.566
	513 11.4715
	514 11.408
	515 11.3762
	516 11.3762
	517 11.408
	518 11.4715
	519 11.566
	520 11.6908
	521 11.845
	522 12.0274
	523 12.2368
	524 12.4718
	525 12.731
	33 13.0129
LINE 25 26 164.38 15
	526 11.0671
	527 11.0208
	528 10.9815
	529 10.9492
	530 10.9241
	531 10.9061
	532 10.8953
	533 10.8917
	534 10.8953
	535 10.9061
	536 10.9241
	537 10.9492
	538 10.9815
	539 11.0208
	26 11.0671
LINE 27 35 145.364 12
	540 12.9052
	541 12.4843
	542 12.1371
	543 11.87
	544 11.6886
	545 11.5968
	546 11.5968
	547 11.6886
	548 11.87
	549 12.1371
	550 12.4843
	35 12.9052
LINE 28 36 145.943 13
	551 11.2463
	552 11.2363
	553 11.2282
	554 11.2219
	555 11.2174
	556 11.2147
	557 11.2138
	558 11.2147
	559 11.2174
	560 11.2219
	561 11.2282
	562 11.2363
	36 11.2463
LINE 29 37 124.176 11
	563 11.592
	564 11.4118
	565 11.2697
	566 11.1671
	567 11.1051
	568 11.0844
	569 11.1051
	570 11.1671
	571 11.2697
	572 11.4118
	37 11.592
LINE 30 38 161.7 14
	573 11.6541
	574 11.6062
	575 11.5662
	576 11.5341
	577 11.51
	578 11.4938
	579 11.4858
	580 11.4858
	581 11.4938
	582 11.51
	583 11.5341
	584 11.5662
	585 11.6062
	38 11.6541
LINE 33 34 115.837 10
	586 12.4326
	587 11.881
	588 11.4498
	589 11.1532
	590 11.0018
	591 11.0018
	592 11.1532
	593 11.4498
	594 11.881
	34 12.4326
LINE 33 40 191.119 17
	595 11.8254
	596 11.6117
	597 11.4234
	598 11.2615
	599 11.1274
	600 11.0219
	601 10.9459
	602 10.9001
	603 10.8848
	604 10.9001
	605 10.9459
	606 11.0219
	607 11.1274
	608 11.2615
	609 11.4234
	610 11.6117
	40 11.8254
LINE 34 35 227.09 20
	611 11.3665
	612 11.3627
	613 11.3593
	614 11.3564
	615 11.3539
	616 11.3518
	617 11.3501
	618 11.3488
	619 11.348
	620 11.3476
	621 11.3476
	622 11.348
	623 11.3488
	624 11.3501
	625 11.3518
	626 11.3539
	627 11.3564
	628 11.3593
	629 11.3627
	35 11.3665
LINE 36 43 127.037 11
	630 11.5554
	631 11.5515
	632 11.5484
	633 11.5462
	634 11.5449
	635 11.5445
	636 11.5449
	637 11.5462
	638 11.5484
	639 11.5515
	43 11.5554
LINE 37 38 157.09 14
	640 11.3969
	641 11.3161
	642 11.2483
	643 11.1938
	644 11.1528
	645 11.1253
	646 11.1116
	647 11.1116
	648 11.1253
	649 11.1528
	650 11.1938
	651 11.2483
	652 11.3161
	38 11.3969
LINE 38 44 306.878 27
	653 11.4916
	654 11.4627
	655 11.4361
	656 11.4118
	657 11.3897
	658 11.3699
	659 11.3524
	660 11.3373
	661 11.3244
	662 11.3139
	663 11.3057
	664 11.2998
	665 11.2963
	666 11.2951
	667 11.2963
	668 11.2998
	669 11.3057
	670 11.3139
	671 11.3244
	672 11.3373
	673 11.3524
	674 11.3699
	675 11.3897
	676 11.4118
	677 11.4361
	678 11.4627
	44 11.4916
LINE 38 45 150.525 13
	679 11.6292
	680 11.6041
	681 11.5835
	682 11.5674
	683 11.556
	684 11.5491
	685 11.5468
	686 11.5491
	687 11.556
	688 11.5674
	689 11.5835
	690 11.6041
	45 11.6292
LINE 39 46 212.576 18
	691 12.8921
	692 12.5256
	693 12.1959
	694 11.906
	695 11.6589
	696 11.4574
	697 11.3039
	698 11.2004
	699 11.1483
	700 11.1483
	701 11.2004
	702 11.3039
	703 11.4574
	704 11.6589
	705 11.906
	706 12.1959
	707 12.5256
	46 12.8921
LINE 40 48 209.904 18
	708 12.2182
	709 12.0259
	710 11.8551
	711 11.7067
	712 11.5815
	713 11.4804
	714 11.404
	715 11.3528
	716 11.3271
	717 11.3271
	718 11.3528
	719 11.404
	720 11.4804
	721 11.5815
	722 11.7067
	723 11.8551
	724 12.0259
	48 12.2182
LINE 41 42 209.102 19
	725 11.2007
	726 11.1361
	727 11.0788
	728 11.0289
	729 10.9865
	730 10.9517
	731 10.9246
	732 10.9051
	733 10.8935
	734 10.8896
	735 10.8935
	736 10.9051
	737 10.9246
	738 10.9517
	739 10.9865
	740 11.0289
	741 11.0788
	742 11.1361
	42 11.2007
LINE 41 49 88.5729 8
	743 11.3754
	744 11.1171
	745 10.9414
	746 10.8525
	747 10.8525
	748 10.9414
	749 11.1171
	49 11.3754
LINE 43 44 194.943 17
	750 11.5347
	751 11.5095
	752 11.4876
	753 11.469
	754 11.4537
	755 11.4419
	756 11.4334
	757 11.4283
	758 11.4266
	759 11.4283
	760 11.4334
	761 11.4419
	762 11.4537
	763 11.469
	764 11.4876
	765 11.5095
	44 11.5347
LINE 43 52 243.065 22
	766 11.2327
	767 11.1805
	768 11.1333
	769 11.0911
	770 11.0541
	771 11.0223
	772 10.9957
	773 10.9744
	774 10.9584
	775 10.9477
	776 10.9424
	777 10.9424
	778 10.9477
	779 10.9584
	780 10.9744
	781 10.9957
	782 11.0223
	783 11.0541
	784 11.0911
	785 11.1333
	786 11.1805
	52 11.2327
LINE 44 52 136.755 12
	787 11.4157
	788 11.4051
	789 11.3966
	790 11.3903
	791 11.386
	792 11.3839
	793 11.3839
	794 11.386
	795 11.3903
	796 11.3966
	797 11.4051
	52 11.4157
LINE 47 53 178.463 16
	798 11.1645
	799 11.1603
	800 11.1567
	801 11.1537
	802 11.1513
	803 11.1494
	804 11.1482
	805 11.1476
	806 11.1476
	807 11.1482
	808 11.1494
	809 11.1513
	810 11.1537
	811 11.1567
	812 11.1603
	53 11.1645
LINE 47 54 163.207 14
	813 11.9421
	814 11.8122
	815 11.7028
	816 11.6145
	817 11.5479
	818 11.5033
	819 11.4809
	820 11.4809
	821 11.5033
	822 11.5479
	823 11.6145
	824 11.7028
	825 11.8122
	54 11.9421
LINE 48 49 168.955 15
	826 11.2639
	827 11.2638
	828 11.2637
	829 11.2637
	830 11.2636
	831 11.2636
	832 11.2635
	833 11.2635
	834 11.2635
	835 11.2636
	836 11.2636
	837 11.2637
	838 11.2637
	839 11.2638
	49 11.2639
LINE 48 55 146.903 13
	840 11.4398
	841 11.3704
	842 11.3133
	843 11.2686
	844 11.2367
	845 11.2174
	846 11.211
	847 11.2174
	848 11.2367
	849 11.2686
	850 11.3133
	851 11.3704
	55 11.4398
LINE 48 56 200.846 18
	852 11.2294
	853 11.2044
	854 11.1823
	855 11.1634
	856 11.1477
	857 11.135
	858 11.1256
	859 11.1192
	860 11.1161
	861 11.1161
	862 11.1192
	863 11.1256
	864 11.135
	865 11.1477
	866 11.1634
	867 11.1823
	868 11.2044
	56 11.2294
LINE 49 50 85.302 7
	869 12.4915
	870 12.1879
	871 12.002
	872 11.9394
	873 12.002
	874 12.1879
	50 12.4915
LINE 50 51 239.432 20
	875 13.036
	876 12.7134
	877 12.4197
	878 12.1568
	879 11.9269
	880 11.7319
	881 11.5735
	882 11.4533
	883 11.3724
	884 11.3318
	885 11.3318
	886 11.3724
	887 11.4533
	888 11.5735
	889 11.7319
	890 11.9269
	891 12.1568
	892 12.4197
	893 12.7134
	51 13.036
LINE 50 56 212.247 19
	894 11.2512
	895 11.2245
	896 11.2009
	897 11.1804
	898 11.1631
	899 11.1488
	900 11.1378
	901 11.1298
	902 11.1251
	903 11.1235
	904 11.1251
	905 11.1298
	906 11.1378
	907 11.1488
	908 11.1631
	909 11.1804
	910 11.2009
	911 11.2245
	56 11.2512
LINE 50 57 117.996 11
	912 10.7628
	913 10.7413
	914 10.7245
	915 10.7125
	916 10.7053
	917 10.7029
	918 10.7053
	919 10.7125
	920 10.7245
	921 10.7413
	57 10.7628
LINE 51 58 197.378 18
	922 10.9656
	923 10.9655
	924 10.9655
	925 10.9654
	926 10.9654
	927 10.9654
	928 10.9654
	929 10.9653
	930 10.9653
	931 10.9653
	932 10.9653
	933 10.9654
	934 10.9654
	935 10.9654
	936 10.9654
	937 10.9655
	938 10.9655
	58 10.9656
LINE 53 54 146.003 13
	939 11.2417
	940 11.2363
	941 11.232
	942 11.2286
	943 11.2262
	944 11.2247
	945 11.2243
	946 11.2247
	947 11.2262
	948 11.2286
	949 11.232
	950 11.2363
	54 11.2417
LINE 55 56 141.865 12
	951 12.6565
	952 12.2137
	953 11.8476
	954 11.5654
	955 11.3733
	956 11.2761
	957 11.2761
	958 11.3733
	959 11.5654
	960 11.8476
	961 12.2137
	56 12.6565
COORDENADAS :
1	74.5541	745.992
2	185.883	724.446
3	264.59	701.895
4	394.071	710.267
5	441.644	720.137
6	592.3	713.271
7	659.92	732.324
8	38.0277	629.188
9	172.937	640.814
10	290.484	626.473
11	361.873	657.383
12	503.349	642.029
13	607.197	602.141
14	676.787	658.846
15	64.4601	519.846
16	157.282	500.267
17	280.267	525.781
18	338.69	500.57
19	469.286	558.453
20	602.96	526.531
21	688.297	541.209
22	793.973	559.677
23	78.1687	440.049
24	142.918	453.92
25	269.741	439.742
26	378.647	438.242
27	494.511	445.49
28	561.437	399.113
29	656.099	422.307
30	753.633	452.369
31	63.4091	359.289
32	145.567	349.188
33	281.412	360.974
34	350.198	335.888
35	500.527	353.004
36	604.951	312.213
37	700.495	354.217
38	804.125	357.815
39	99.7111	242.408
40	250.369	241.583
41	355.936	215.943
42	488.641	253.565
43	549.352	248.37
44	671.053	204.102
45	793.845	258.272
46	46.1115	119.921
47	177.519	131.506
48	290.73	111.829
49	388.331	168.05
50	438.461	143.732
51	585.802	110.587
52	642.435	117.646
53	84.7507	57.1224
54	176.353	24.3837
55	291.952	14.6742
56	382.063	14.6144
57	451.709	66.3704
58	657.109	0
59	5.46892	546.475
60	0	478.48
61	407.971	390.464
62	21.485	830.224
63	12.6713	171.634
64	500.577	299.348
65	81.4009	741.584
66	88.3298	737.601
67	95.3409	734.041
68	102.434	730.907
69	109.61	728.197
70	116.867	725.911
71	124.207	724.05
72	131.629	722.614
73	139.133	721.602
74	146.719	721.015
75	154.388	720.852
76	162.138	721.113
77	169.971	721.8
78	177.886	722.91
79	182.141	716.722
80	178.189	709.325
81	174.026	702.255
82	169.653	695.511
83	165.07	689.094
84	160.277	683.003
85	155.273	677.238
86	150.058	671.8
87	144.634	666.688
88	138.999	661.903
89	133.154	657.444
90	127.099	653.312
91	120.833	649.506
92	114.357	646.027
93	107.67	642.874
94	100.773	640.048
95	93.6664	637.548
96	86.3489	635.374
97	78.8212	633.527
98	71.0832	632.006
99	63.1348	630.812
100	54.9761	629.944
101	46.6071	629.403
102	272.126	703.635
103	279.672	705.22
104	287.228	706.648
105	294.794	707.921
106	302.37	709.037
107	309.957	709.998
108	317.553	710.802
109	325.159	711.451
110	332.776	711.943
111	340.403	712.28
112	348.039	712.46
113	355.686	712.485
114	363.343	712.353
115	371.01	712.066
116	378.687	711.622
117	386.374	711.023
118	400.992	711.074
119	407.872	712.083
120	414.71	713.292
121	421.506	714.702
122	428.261	716.313
123	434.973	718.124
124	392.895	701.922
125	390.905	694.073
126	388.101	686.719
127	384.483	679.861
128	380.051	673.498
129	374.805	667.631
130	368.746	662.259
131	449.255	721.506
132	456.858	722.695
133	464.452	723.703
134	472.039	724.532
135	479.617	725.18
136	487.186	725.648
137	494.748	725.935
138	502.301	726.043
139	509.846	725.97
140	517.383	725.717
141	524.912	725.283
142	532.432	724.67
143	539.945	723.876
144	547.449	722.901
145	554.944	721.747
146	562.432	720.412
147	569.911	718.897
148	577.383	717.202
149	584.846	715.326
150	448.579	716.893
151	455.452	713.563
152	462.263	710.146
153	469.012	706.643
154	475.7	703.053
155	482.326	699.376
156	488.89	695.612
157	495.392	691.762
158	501.832	687.825
159	508.211	683.802
160	514.528	679.691
161	520.783	675.495
162	526.976	671.211
163	533.108	666.841
164	539.178	662.384
165	545.186	657.84
166	551.132	653.21
167	557.016	648.493
168	562.839	643.689
169	568.6	638.799
170	574.299	633.822
171	579.937	628.759
172	585.512	623.608
173	591.026	618.371
174	596.478	613.048
175	601.868	607.638
176	598.497	709.635
177	604.669	705.96
178	610.816	702.246
179	616.938	698.494
180	623.035	694.704
181	629.107	690.874
182	635.154	687.006
183	641.176	683.099
184	647.173	679.154
185	653.146	675.17
186	659.093	671.147
187	665.016	667.085
188	670.914	662.985
189	658.061	724.163
190	656.99	716.182
191	656.707	708.382
192	657.212	700.763
193	658.505	693.325
194	660.585	686.067
195	663.454	678.991
196	667.11	672.095
197	671.554	665.38
198	37.8296	621.425
199	37.9114	613.729
200	38.2733	606.101
201	38.9153	598.541
202	39.8373	591.048
203	41.0394	583.624
204	42.5215	576.266
205	44.2837	568.977
206	46.3259	561.755
207	48.6481	554.601
208	51.2504	547.515
209	54.1328	540.496
210	57.2952	533.545
211	60.7376	526.662
212	169.052	633.758
213	165.506	626.664
214	162.301	619.532
215	159.437	612.362
216	156.912	605.154
217	154.727	597.908
218	152.883	590.625
219	151.379	583.303
220	150.215	575.944
221	149.391	568.547
222	148.907	561.112
223	148.763	553.639
224	148.96	546.128
225	149.496	538.579
226	150.373	530.992
227	151.59	523.368
228	153.147	515.706
229	155.045	508.005
230	287.556	618.892
231	284.427	611.523
232	281.099	604.364
233	277.57	597.416
234	273.842	590.68
235	269.913	584.154
236	265.785	577.84
237	261.457	571.736
238	256.928	565.844
239	252.2	560.163
240	247.272	554.692
241	242.144	549.433
242	236.816	544.385
243	231.288	539.548
244	225.56	534.921
245	219.632	530.506
246	213.504	526.302
247	207.176	522.309
248	200.648	518.527
249	193.92	514.956
250	186.993	511.596
251	179.865	508.447
252	172.537	505.51
253	165.01	502.783
254	294.825	620.115
255	298.97	613.682
256	302.92	607.174
257	306.674	600.592
258	310.232	593.934
259	313.594	587.201
260	316.762	580.394
261	319.733	573.512
262	322.509	566.555
263	325.089	559.523
264	327.474	552.416
265	329.663	545.234
266	331.656	537.977
267	333.454	530.646
268	335.057	523.239
269	336.463	515.758
270	337.674	508.202
271	357.572	650.388
272	353.59	643.347
273	349.928	636.258
274	346.586	629.121
275	343.563	621.938
276	340.86	614.707
277	338.477	607.429
278	336.414	600.103
279	334.671	592.73
280	333.247	585.31
281	332.143	577.843
282	331.359	570.329
283	330.894	562.767
284	330.75	555.158
285	330.925	547.501
286	331.42	539.798
287	332.234	532.047
288	333.368	524.249
289	334.823	516.403
290	336.596	508.51
291	509.627	637.691
292	515.998	633.592
293	522.46	629.734
294	529.015	626.115
295	535.661	622.736
296	542.4	619.597
297	549.231	616.697
298	556.154	614.038
299	563.17	611.619
300	570.277	609.439
301	577.477	607.5
302	584.769	605.8
303	592.152	604.34
304	599.629	603.121
305	496.811	638.153
306	490.335	634.205
307	483.919	630.185
308	477.566	626.094
309	471.273	621.931
310	465.043	617.697
311	458.873	613.391
312	452.765	609.013
313	446.719	604.565
314	440.734	600.044
315	434.81	595.452
316	428.948	590.789
317	423.147	586.054
318	417.408	581.248
319	411.73	576.37
320	406.113	571.421
321	400.558	566.4
322	395.065	561.307
323	389.632	556.143
324	384.262	550.908
325	378.952	545.601
326	373.705	540.222
327	368.518	534.772
328	363.393	529.251
329	358.33	523.658
330	353.328	517.993
331	348.387	512.257
332	343.508	506.449
333	497.936	636.114
334	492.992	630.008
335	488.515	623.711
336	484.506	617.223
337	480.966	610.544
338	477.893	603.675
339	475.288	596.615
340	473.152	589.364
341	471.483	581.923
342	470.283	574.29
343	469.55	566.467
344	510.842	638.421
345	518.07	634.585
346	525.034	630.521
347	531.734	626.228
348	538.169	621.708
349	544.34	616.959
350	550.246	611.982
351	555.887	606.777
352	561.265	601.345
353	566.377	595.684
354	571.226	589.795
355	575.81	583.678
356	580.129	577.333
357	584.184	570.759
358	587.975	563.958
359	591.501	556.929
360	594.762	549.671
361	597.759	542.186
362	600.492	534.472
363	681.136	651.849
364	685.002	644.805
365	688.383	637.713
366	691.28	630.574
367	693.694	623.387
368	695.623	616.153
369	697.069	608.872
370	698.03	601.543
371	698.508	594.167
372	698.501	586.744
373	698.01	579.273
374	697.036	571.755
375	695.577	564.19
376	693.634	556.577
377	691.208	548.917
378	279.861	518.553
379	279.37	511.336
380	278.794	504.129
381	278.131	496.933
382	277.383	489.747
383	276.548	482.572
384	275.628	475.408
385	274.623	468.253
386	273.531	461.11
387	272.353	453.976
388	271.09	446.854
389	601.893	519.048
390	600.681	511.613
391	599.322	504.225
392	597.817	496.885
393	596.167	489.592
394	594.371	482.347
395	592.429	475.149
396	590.34	467.999
397	588.107	460.897
398	585.727	453.842
399	583.201	446.834
400	580.53	439.875
401	577.712	432.962
402	574.749	426.097
403	571.64	419.28
404	568.385	412.51
405	564.984	405.788
406	695.956	541.897
407	703.597	542.681
408	711.222	543.563
409	718.83	544.542
410	726.421	545.618
411	733.994	546.792
412	741.551	548.062
413	749.091	549.43
414	756.614	550.895
415	764.12	552.457
416	771.608	554.116
417	779.08	555.873
418	786.535	557.727
419	690.507	533.104
420	692.204	525.137
421	693.388	517.309
422	694.059	509.62
423	694.217	502.07
424	693.862	494.659
425	692.994	487.387
426	691.613	480.254
427	689.719	473.26
428	687.312	466.405
429	684.392	459.688
430	680.959	453.111
431	677.013	446.672
432	672.554	440.373
433	667.582	434.212
434	662.097	428.19
435	786.988	556.083
436	780.137	552.353
437	773.42	548.488
438	766.839	544.488
439	760.391	540.353
440	754.079	536.083
441	747.901	531.678
442	741.858	527.137
443	735.949	522.462
444	730.175	517.651
445	724.536	512.706
446	719.031	507.625
447	713.661	502.409
448	708.425	497.058
449	703.324	491.572
450	698.358	485.951
451	693.526	480.194
452	688.829	474.303
453	684.267	468.276
454	679.839	462.115
455	675.546	455.818
456	671.387	449.386
457	667.363	442.819
458	663.474	436.117
459	659.719	429.28
460	86.087	438.211
461	93.8243	437.218
462	101.381	437.069
463	108.756	437.766
464	115.95	439.307
465	122.964	441.693
466	129.796	444.924
467	136.447	449
468	75.3472	432.978
469	72.8215	425.852
470	70.5919	418.673
471	68.6582	411.439
472	67.0204	404.151
473	65.6786	396.809
474	64.6328	389.413
475	63.8829	381.963
476	63.429	374.459
477	63.2711	366.901
478	80.2324	432.19
479	82.6432	424.587
480	85.401	417.243
481	88.5059	410.156
482	91.9579	403.326
483	95.7569	396.754
484	99.903	390.439
485	104.396	384.381
486	109.237	378.581
487	114.424	373.039
488	119.958	367.754
489	125.84	362.726
490	132.068	357.956
491	138.644	353.443
492	139.162	446.339
493	136.013	438.774
494	133.471	431.224
495	131.536	423.69
496	130.208	416.17
497	129.487	408.667
498	129.372	401.178
499	129.865	393.705
500	130.965	386.247
501	132.671	378.805
502	134.985	371.377
503	137.905	363.966
504	141.432	356.569
505	146.863	446.194
506	151.032	438.801
507	155.425	431.742
508	160.042	425.016
509	164.882	418.623
510	169.946	412.565
511	175.234	406.839
512	180.746	401.447
513	186.482	396.389
514	192.442	391.664
515	198.625	387.272
516	205.032	383.214
517	211.663	379.489
518	218.517	376.098
519	225.596	373.041
520	232.898	370.316
521	240.424	367.926
522	248.174	365.868
523	256.148	364.145
524	264.345	362.754
525	272.767	361.698
526	277.019	440.95
527	284.295	441.971
528	291.569	442.806
529	298.839	443.453
530	306.107	443.914
531	313.373	444.188
532	320.636	444.275
533	327.896	444.175
534	335.154	443.888
535	342.41	443.414
536	349.662	442.754
537	356.912	441.906
538	364.16	440.872
539	371.405	439.65
540	498.795	438.029
541	502.391	430.523
542	505.3	422.973
543	507.52	415.377
544	509.053	407.737
545	509.898	400.052
546	510.056	392.323
547	509.525	384.548
548	508.307	376.729
549	506.402	368.865
550	503.808	360.957
551	564.275	392.174
552	567.198	385.277
553	570.206	378.422
554	573.299	371.61
555	576.477	364.841
556	579.739	358.113
557	583.086	351.429
558	586.518	344.787
559	590.035	338.187
560	593.637	331.63
561	597.324	325.115
562	601.095	318.643
563	658.24	414.882
564	660.76	407.703
565	663.66	400.772
566	666.938	394.088
567	670.595	387.651
568	674.631	381.461
569	679.046	375.518
570	683.84	369.822
571	689.013	364.373
572	694.564	359.172
573	758.404	446.237
574	762.995	440.009
575	767.408	433.685
576	771.641	427.266
577	775.695	420.751
578	779.57	414.141
579	783.266	407.435
580	786.783	400.633
581	790.121	393.736
582	793.28	386.743
583	796.26	379.654
584	799.061	372.47
585	801.682	365.19
586	286.959	354.816
587	292.803	349.469
588	298.942	344.933
589	305.377	341.208
590	312.108	338.294
591	319.135	336.191
592	326.457	334.899
593	334.075	334.417
594	341.989	334.747
595	282.568	353.176
596	283.351	345.474
597	283.761	337.87
598	283.799	330.362
599	283.464	322.952
600	282.756	315.638
601	281.676	308.421
602	280.223	301.301
603	278.397	294.278
604	276.198	287.352
605	273.626	280.523
606	270.682	273.79
607	267.365	267.155
608	263.675	260.617
609	259.612	254.175
610	255.177	247.831
611	357.665	337.178
612	365.137	338.423
613	372.615	339.622
614	380.097	340.775
615	387.585	341.883
616	395.078	342.944
617	402.576	343.96
618	410.08	344.93
619	417.588	345.855
620	425.102	346.734
621	432.621	347.566
622	440.146	348.354
623	447.675	349.095
624	455.21	349.791
625	462.75	350.441
626	470.295	351.045
627	477.845	351.603
628	485.401	352.116
629	492.961	352.583
630	600.15	306.189
631	595.298	300.209
632	590.395	294.273
633	585.442	288.381
634	580.438	282.533
635	575.383	276.729
636	570.278	270.969
637	565.123	265.253
638	559.916	259.581
639	554.66	253.954
640	707.956	352.781
641	715.408	351.605
642	722.851	350.689
643	730.284	350.034
644	737.709	349.64
645	745.125	349.506
646	752.532	349.633
647	759.929	350.02
648	767.318	350.668
649	774.697	351.576
650	782.068	352.745
651	789.429	354.174
652	796.781	355.864
653	800.263	351.198
654	796.318	344.653
655	792.292	338.179
656	788.184	331.775
657	783.994	325.443
658	779.721	319.182
659	775.367	312.992
660	770.931	306.873
661	766.412	300.824
662	761.812	294.847
663	757.129	288.941
664	752.365	283.106
665	747.518	277.342
666	742.59	271.649
667	737.579	266.027
668	732.486	260.476
669	727.312	254.996
670	722.055	249.587
671	716.716	244.249
672	711.295	238.982
673	705.792	233.786
674	700.208	228.661
675	694.541	223.607
676	688.792	218.624
677	682.961	213.712
678	677.048	208.872
679	802.418	350.252
680	800.863	342.674
681	799.462	335.08
682	798.213	327.47
683	797.117	319.844
684	796.173	312.203
685	795.382	304.546
686	794.744	296.873
687	794.259	289.184
688	793.926	281.48
689	793.746	273.76
690	793.719	266.024
691	92.772	237.336
692	86.299	232.061
693	80.292	226.582
694	74.751	220.899
695	69.676	215.012
696	65.0671	208.92
697	60.9243	202.625
698	57.2475	196.127
699	54.0367	189.424
700	51.2919	182.517
701	49.0132	175.406
702	47.2006	168.092
703	45.854	160.573
704	44.9734	152.85
705	44.5589	144.924
706	44.6104	136.794
707	45.1279	128.459
708	249.69	233.466
709	249.355	225.456
710	249.364	217.552
711	249.716	209.756
712	250.412	202.066
713	251.451	194.483
714	252.835	187.008
715	254.561	179.639
716	256.632	172.377
717	259.046	165.221
718	261.804	158.173
719	264.905	151.232
720	268.35	144.397
721	272.139	137.67
722	276.271	131.049
723	280.747	124.536
724	285.567	118.129
725	362.444	219.605
726	369.005	223.08
727	375.618	226.368
728	382.285	229.469
729	389.005	232.383
730	395.777	235.111
731	402.603	237.651
732	409.481	240.005
733	416.413	242.172
734	423.397	244.152
735	430.435	245.945
736	437.525	247.552
737	444.668	248.971
738	451.865	250.204
739	459.114	251.25
740	466.416	252.109
741	473.771	252.781
742	481.18	253.267
743	361.888	211.243
744	367.296	206.175
745	372.16	200.74
746	376.482	194.937
747	380.259	188.767
748	383.493	182.229
749	386.184	175.323
750	556.87	246.753
751	564.343	245.013
752	571.771	243.149
753	579.155	241.162
754	586.493	239.052
755	593.786	236.818
756	601.035	234.46
757	608.239	231.98
758	615.398	229.376
759	622.512	226.648
760	629.581	223.798
761	636.605	220.823
762	643.584	217.726
763	650.519	214.505
764	657.408	211.161
765	664.253	207.693
766	554.963	243.41
767	560.442	238.357
768	565.79	233.21
769	571.006	227.97
770	576.091	222.636
771	581.045	217.208
772	585.867	211.687
773	590.558	206.073
774	595.117	200.365
775	599.546	194.563
776	603.842	188.668
777	608.008	182.679
778	612.042	176.597
779	615.944	170.421
780	619.715	164.151
781	623.355	157.788
782	626.864	151.332
783	630.241	144.782
784	633.486	138.138
785	636.601	131.401
786	639.583	124.57
787	668.127	197.076
788	665.3	190.018
789	662.571	182.927
790	659.94	175.804
791	657.408	168.648
792	654.974	161.46
793	652.638	154.239
794	650.401	146.985
795	648.262	139.699
796	646.221	132.381
797	644.279	125.029
798	171.465	127.177
799	165.445	122.805
800	159.459	118.39
801	153.507	113.933
802	147.589	109.433
803	141.706	104.891
804	135.856	100.306
805	130.041	95.6782
806	124.26	91.0079
807	118.514	86.295
808	112.801	81.5395
809	107.123	76.7413
810	101.478	71.9005
811	95.8683	67.0171
812	90.2924	62.0911
813	179.634	123.831
814	181.41	116.159
815	182.848	108.491
816	183.948	100.826
817	184.71	93.1653
818	185.134	85.5081
819	185.219	77.8547
820	184.967	70.2049
821	184.376	62.5589
822	183.448	54.9165
823	182.181	47.2777
824	180.577	39.6427
825	178.634	32.0114
826	297.268	115.523
827	303.801	119.225
828	310.33	122.935
829	316.854	126.652
830	323.374	130.377
831	329.89	134.11
832	336.401	137.85
833	342.908	141.598
834	349.41	145.354
835	355.908	149.117
836	362.401	152.888
837	368.891	156.667
838	375.375	160.454
839	381.855	164.248
840	292.342	104.374
841	293.7	96.9168
842	294.806	89.4561
843	295.658	81.9922
844	296.258	74.5252
845	296.605	67.055
846	296.699	59.5815
847	296.54	52.1049
848	296.128	44.6252
849	295.464	37.1422
850	294.546	29.656
851	293.376	22.1667
852	296.579	107.156
853	302.337	102.397
854	308.003	97.553
855	313.579	92.6232
856	319.063	87.6078
857	324.456	82.5067
858	329.758	77.32
859	334.969	72.0477
860	340.088	66.6897
861	345.117	61.2461
862	350.054	55.7168
863	354.9	50.1019
864	359.655	44.4014
865	364.319	38.6153
866	368.892	32.7435
867	373.373	26.7861
868	377.764	20.7431
869	396.561	166.779
870	404.435	164.773
871	411.953	162.034
872	419.114	158.56
873	425.92	154.352
874	432.369	149.409
875	446.773	146.272
876	454.984	148.37
877	463.097	150.027
878	471.11	151.241
879	479.024	152.014
880	486.838	152.345
881	494.553	152.234
882	502.168	151.681
883	509.684	150.687
884	517.101	149.251
885	524.418	147.372
886	531.636	145.053
887	538.755	142.291
888	545.774	139.087
889	552.694	135.442
890	559.514	131.355
891	566.235	126.825
892	572.857	121.855
893	579.379	116.442
894	434.46	137.388
895	430.574	130.993
896	426.803	124.548
897	423.146	118.053
898	419.604	111.508
899	416.176	104.913
900	412.864	98.2675
901	409.666	91.5721
902	406.583	84.8265
903	403.615	78.0308
904	400.761	71.185
905	398.022	64.2891
906	395.398	57.3431
907	392.889	50.347
908	390.494	43.3007
909	388.214	36.2043
910	386.049	29.0578
911	383.999	21.8612
912	440.411	136.827
913	442.212	129.896
914	443.864	122.94
915	445.366	115.958
916	446.719	108.951
917	447.924	101.918
918	448.979	94.8594
919	449.885	87.7755
920	450.642	80.666
921	451.25	73.531
922	589.804	104.47
923	593.802	98.3499
924	597.795	92.2265
925	601.783	86.0999
926	605.767	79.9702
927	609.745	73.8374
928	613.719	67.7015
929	617.688	61.5624
930	621.652	55.4202
931	625.611	49.2749
932	629.565	43.1265
933	633.514	36.9749
934	637.459	30.8202
935	641.399	24.6624
936	645.334	18.5015
937	649.264	12.3375
938	653.189	6.17029
939	91.6567	54.2116
940	98.5862	51.3662
941	105.539	48.5862
942	112.515	45.8716
943	119.515	43.2224
944	126.538	40.6386
945	133.584	38.1203
946	140.654	35.6673
947	147.747	33.2798
948	154.863	30.9576
949	162.003	28.7009
950	169.166	26.5096
951	299.464	18.517
952	306.975	21.6601
953	314.486	24.1037
954	321.997	25.8477
955	329.507	26.8921
956	337.016	27.2369
957	344.525	26.8821
958	352.034	25.8278
959	359.542	24.0738
960	367.049	21.6203
961	374.557	18.4671
