NOMBRE : MTLARP5_8_5_1.dat
VERTICES ORIGINALES : 37
VERTICES TOTALES : 413
DEPOTS : 5
33
34
35
36
37
LINEAS ORIGINALES : 25
LINE 1 4 183.28 17
	38 11.8523
	39 11.4679
	40 11.124
	41 10.8245
	42 10.5732
	43 10.3735
	44 10.2285
	45 10.1404
	46 10.1109
	47 10.1404
	48 10.2285
	49 10.3735
	50 10.5732
	51 10.8245
	52 11.124
	53 11.4679
	4 11.8523
LINE 2 3 171.566 16
	54 12.1451
	55 11.6078
	56 11.1267
	57 10.7093
	58 10.3632
	59 10.0959
	60 9.91368
	61 9.8213
	62 9.8213
	63 9.91368
	64 10.0959
	65 10.3632
	66 10.7093
	67 11.1267
	68 11.6078
	3 12.1451
LINE 2 9 236.426 24
	69 9.8697
	70 9.86484
	71 9.86043
	72 9.85645
	73 9.85292
	74 9.84982
	75 9.84717
	76 9.84496
	77 9.84319
	78 9.84187
	79 9.84098
	80 9.84054
	81 9.84054
	82 9.84098
	83 9.84187
	84 9.84319
	85 9.84496
	86 9.84717
	87 9.84982
	88 9.85292
	89 9.85645
	90 9.86043
	91 9.86484
	9 9.8697
LINE 3 9 167.173 16
	92 10.7128
	93 10.6082
	94 10.5177
	95 10.4416
	96 10.3804
	97 10.3343
	98 10.3034
	99 10.2879
	100 10.2879
	101 10.3034
	102 10.3343
	103 10.3804
	104 10.4416
	105 10.5177
	106 10.6082
	9 10.7128
LINE 5 12 243.858 23
	107 11.8026
	108 11.4924
	109 11.2043
	110 10.9402
	111 10.7017
	112 10.4906
	113 10.3086
	114 10.1573
	115 10.038
	116 9.95195
	117 9.89995
	118 9.88255
	119 9.89995
	120 9.95195
	121 10.038
	122 10.1573
	123 10.3086
	124 10.4906
	125 10.7017
	126 10.9402
	127 11.2043
	128 11.4924
	12 11.8026
LINE 5 13 127.925 12
	129 11.2278
	130 10.9247
	131 10.676
	132 10.4856
	133 10.3567
	134 10.2917
	135 10.2917
	136 10.3567
	137 10.4856
	138 10.676
	139 10.9247
	13 11.2278
LINE 6 7 155.145 15
	140 10.6572
	141 10.5243
	142 10.4105
	143 10.3165
	144 10.2428
	145 10.1898
	146 10.1579
	147 10.1472
	148 10.1579
	149 10.1898
	150 10.2428
	151 10.3165
	152 10.4105
	153 10.5243
	7 10.6572
LINE 6 15 187.17 18
	154 10.8953
	155 10.7237
	156 10.5712
	157 10.4388
	158 10.3271
	159 10.2369
	160 10.1687
	161 10.123
	162 10.1001
	163 10.1001
	164 10.123
	165 10.1687
	166 10.2369
	167 10.3271
	168 10.4388
	169 10.5712
	170 10.7237
	15 10.8953
LINE 7 15 84.6194 8
	171 10.5838
	172 10.5783
	173 10.5747
	174 10.5729
	175 10.5729
	176 10.5747
	177 10.5783
	15 10.5838
LINE 7 16 238.139 23
	178 11.1594
	179 10.9477
	180 10.7527
	181 10.5751
	182 10.4159
	183 10.2759
	184 10.156
	185 10.0568
	186 9.97892
	187 9.92295
	188 9.88921
	189 9.87794
	190 9.88921
	191 9.92295
	192 9.97892
	193 10.0568
	194 10.156
	195 10.2759
	196 10.4159
	197 10.5751
	198 10.7527
	199 10.9477
	16 11.1594
LINE 8 16 222.759 21
	200 11.9657
	201 11.5818
	202 11.227
	203 10.9045
	204 10.617
	205 10.3676
	206 10.1589
	207 9.99359
	208 9.87382
	209 9.80126
	210 9.77695
	211 9.80126
	212 9.87382
	213 9.99359
	214 10.1589
	215 10.3676
	216 10.617
	217 10.9045
	218 11.227
	219 11.5818
	16 11.9657
LINE 9 10 152.574 14
	220 12.0689
	221 11.5521
	222 11.103
	223 10.7303
	224 10.442
	225 10.2453
	226 10.1455
	227 10.1455
	228 10.2453
	229 10.442
	230 10.7303
	231 11.103
	232 11.5521
	10 12.0689
LINE 11 18 118.197 12
	233 10.0398
	234 9.93688
	235 9.8538
	236 9.79103
	237 9.74896
	238 9.72785
	239 9.72785
	240 9.74896
	241 9.79103
	242 9.8538
	243 9.93688
	18 10.0398
LINE 14 15 105.507 10
	244 11.9745
	245 11.0691
	246 10.338
	247 9.82052
	248 9.55124
	249 9.55124
	250 9.82052
	251 10.338
	252 11.0691
	15 11.9745
LINE 16 17 137.805 13
	253 11.9979
	254 11.3351
	255 10.7625
	256 10.2951
	257 9.94784
	258 9.73354
	259 9.66105
	260 9.73354
	261 9.94784
	262 10.2951
	263 10.7625
	264 11.3351
	17 11.9979
LINE 16 23 180.277 18
	265 10.1524
	266 10.1043
	267 10.0621
	268 10.0258
	269 9.99541
	270 9.97104
	271 9.95272
	272 9.9405
	273 9.93437
	274 9.93437
	275 9.9405
	276 9.95272
	277 9.97104
	278 9.99541
	279 10.0258
	280 10.0621
	281 10.1043
	23 10.1524
LINE 18 26 221.254 22
	282 10.0929
	283 10.0826
	284 10.0734
	285 10.0652
	286 10.058
	287 10.0519
	288 10.0467
	289 10.0426
	290 10.0395
	291 10.0375
	292 10.0365
	293 10.0365
	294 10.0375
	295 10.0395
	296 10.0426
	297 10.0467
	298 10.0519
	299 10.058
	300 10.0652
	301 10.0734
	302 10.0826
	26 10.0929
LINE 19 27 99.7505 9
	303 12.4491
	304 11.4649
	305 10.7068
	306 10.2249
	307 10.0592
	308 10.2249
	309 10.7068
	310 11.4649
	27 12.4491
LINE 20 28 103.459 10
	311 10.6733
	312 10.4574
	313 10.2926
	314 10.1812
	315 10.125
	316 10.125
	317 10.1812
	318 10.2926
	319 10.4574
	28 10.6733
LINE 21 28 213.66 21
	320 10.7231
	321 10.5626
	322 10.4169
	323 10.2867
	324 10.1724
	325 10.0748
	326 9.99414
	327 9.93098
	328 9.88562
	329 9.8583
	330 9.84918
	331 9.8583
	332 9.88562
	333 9.93098
	334 9.99414
	335 10.0748
	336 10.1724
	337 10.2867
	338 10.4169
	339 10.5626
	28 10.7231
LINE 22 31 190.071 18
	340 11.1778
	341 10.9653
	342 10.776
	343 10.611
	344 10.4715
	345 10.3585
	346 10.273
	347 10.2156
	348 10.1867
	349 10.1867
	350 10.2156
	351 10.273
	352 10.3585
	353 10.4715
	354 10.611
	355 10.776
	356 10.9653
	31 11.1778
LINE 24 25 173.5 17
	357 10.285
	358 10.2554
	359 10.2297
	360 10.2079
	361 10.1901
	362 10.1762
	363 10.1662
	364 10.1602
	365 10.1582
	366 10.1602
	367 10.1662
	368 10.1762
	369 10.1901
	370 10.2079
	371 10.2297
	372 10.2554
	25 10.285
LINE 25 32 167.541 17
	373 9.86325
	374 9.86028
	375 9.85771
	376 9.85553
	377 9.85375
	378 9.85236
	379 9.85137
	380 9.85078
	381 9.85058
	382 9.85078
	383 9.85137
	384 9.85236
	385 9.85375
	386 9.85553
	387 9.85771
	388 9.86028
	32 9.86325
LINE 26 27 142.077 14
	389 10.2726
	390 10.2155
	391 10.1678
	392 10.1294
	393 10.1005
	394 10.0812
	395 10.0716
	396 10.0716
	397 10.0812
	398 10.1005
	399 10.1294
	400 10.1678
	401 10.2155
	27 10.2726
LINE 29 30 136.703 13
	402 11.3057
	403 10.9225
	404 10.5987
	405 10.3398
	406 10.1508
	407 10.0357
	408 9.99707
	409 10.0357
	410 10.1508
	411 10.3398
	412 10.5987
	413 10.9225
	30 11.3057
COORDENADAS :
1	17.6479	435.542
2	545.834	448.639
3	648.611	429
4	6.68874	321.476
5	256.505	298.186
6	334.268	342.138
7	427.913	303.057
8	564.531	360.226
9	636.546	319.949
10	731.098	321.978
11	57.3659	217.911
12	130.004	214.762
13	266.885	216.576
14	349.821	235.439
15	411.797	249.022
16	556.838	223.565
17	633.14	258.041
18	0	165.354
19	138.159	99.2651
20	235.27	109.314
21	357.09	139.603
22	444.11	109.579
23	557.028	104.362
24	605.772	147.748
25	720.062	161.604
26	18.103	19.2715
27	107.896	47.0455
28	256.501	45.2895
29	340.094	48.0346
30	415.768	5.84277
31	498.191	0
32	754.514	55.4134
33	432.897	391.184
34	385.679	218.296
35	80.4939	399.683
36	377.183	483.273
37	515.224	52.3366
38	21.1073	428.438
39	24.0536	421.383
40	26.4869	414.377
41	28.4072	407.421
42	29.8145	400.514
43	30.7089	393.657
44	31.0902	386.848
45	30.9585	380.089
46	30.3139	373.38
47	29.1562	366.719
48	27.4856	360.108
49	25.3019	353.546
50	22.6053	347.034
51	19.3956	340.57
52	15.673	334.156
53	11.4374	327.792
54	551.362	442.723
55	557.009	437.432
56	562.775	432.766
57	568.661	428.725
58	574.667	425.31
59	580.792	422.519
60	587.036	420.354
61	593.4	418.814
62	599.883	417.899
63	606.486	417.609
64	613.208	417.945
65	620.05	418.906
66	627.011	420.492
67	634.092	422.703
68	641.292	425.539
69	549.2	442.986
70	552.603	437.357
71	556.041	431.755
72	559.515	426.177
73	563.025	420.625
74	566.571	415.098
75	570.152	409.597
76	573.77	404.12
77	577.424	398.67
78	581.114	393.244
79	584.84	387.844
80	588.601	382.469
81	592.399	377.12
82	596.232	371.796
83	600.102	366.497
84	604.007	361.224
85	607.949	355.976
86	611.926	350.753
87	615.94	345.555
88	619.989	340.383
89	624.074	335.237
90	628.195	330.115
91	632.352	325.019
92	645.873	422.404
93	643.4	415.779
94	641.191	409.124
95	639.247	402.44
96	637.567	395.726
97	636.151	388.984
98	635	382.212
99	634.114	375.411
100	633.492	368.581
101	633.135	361.721
102	633.042	354.832
103	633.214	347.914
104	633.65	340.967
105	634.351	333.99
106	635.316	326.984
107	253.373	290.968
108	250.026	284.076
109	246.464	277.511
110	242.686	271.272
111	238.693	265.36
112	234.485	259.774
113	230.061	254.514
114	225.423	249.581
115	220.568	244.975
116	215.499	240.694
117	210.214	236.741
118	204.714	233.114
119	198.999	229.813
120	193.068	226.839
121	186.922	224.191
122	180.561	221.87
123	173.985	219.875
124	167.193	218.207
125	160.186	216.865
126	152.963	215.849
127	145.526	215.16
128	137.873	214.798
129	254.389	291.006
130	252.816	283.895
131	251.784	276.853
132	251.294	269.88
133	251.346	262.976
134	251.94	256.14
135	253.076	249.374
136	254.754	242.676
137	256.974	236.048
138	259.736	229.488
139	263.04	222.997
140	339.675	337.529
141	345.201	333.206
142	350.847	329.169
143	356.612	325.419
144	362.496	321.955
145	368.5	318.777
146	374.624	315.885
147	380.867	313.279
148	387.229	310.96
149	393.711	308.927
150	400.313	307.181
151	407.033	305.72
152	413.874	304.546
153	420.834	303.659
154	336.478	335.219
155	338.935	328.506
156	341.639	321.997
157	344.589	315.694
158	347.786	309.597
159	351.23	303.705
160	354.92	298.018
161	358.857	292.537
162	363.041	287.261
163	367.471	282.19
164	372.148	277.325
165	377.072	272.666
166	382.243	268.212
167	387.66	263.963
168	393.324	259.919
169	399.235	256.081
170	405.392	252.449
171	425.589	296.395
172	423.354	289.706
173	421.207	282.991
174	419.148	276.25
175	417.177	269.483
176	415.296	262.689
177	413.502	255.868
178	431.702	296.655
179	435.656	290.52
180	439.775	284.653
181	444.059	279.054
182	448.508	273.723
183	453.123	268.66
184	457.903	263.864
185	462.848	259.337
186	467.958	255.077
187	473.233	251.085
188	478.673	247.361
189	484.278	243.905
190	490.049	240.717
191	495.985	237.796
192	502.086	235.144
193	508.352	232.759
194	514.783	230.642
195	521.379	228.793
196	528.141	227.212
197	535.067	225.898
198	542.159	224.853
199	549.416	224.075
200	559.573	353.977
201	555.074	347.702
202	551.034	341.401
203	547.454	335.075
204	544.332	328.722
205	541.67	322.344
206	539.467	315.939
207	537.723	309.509
208	536.439	303.053
209	535.613	296.571
210	535.247	290.064
211	535.34	283.53
212	535.892	276.971
213	536.903	270.386
214	538.373	263.775
215	540.303	257.138
216	542.692	250.475
217	545.539	243.786
218	548.847	237.072
219	552.613	230.332
220	643.206	324.463
221	649.88	328.306
222	656.569	331.476
223	663.272	333.974
224	669.99	335.799
225	676.722	336.953
226	683.468	337.434
227	690.229	337.243
228	697.005	336.379
229	703.794	334.844
230	710.599	332.636
231	717.417	329.755
232	724.251	326.203
233	53.7084	212.305
234	49.8466	206.923
235	45.7807	201.763
236	41.5106	196.826
237	37.0363	192.112
238	32.3579	187.621
239	27.4753	183.353
240	22.3886	179.307
241	17.0977	175.484
242	11.6026	171.885
243	5.9034	168.508
244	354.981	241.53
245	360.372	246.569
246	365.993	250.557
247	371.845	253.492
248	377.928	255.376
249	384.24	256.209
250	390.784	255.99
251	397.558	254.719
252	404.562	252.396
253	560.755	230.54
254	564.997	236.793
255	569.564	242.327
256	574.457	247.14
257	579.676	251.232
258	585.22	254.605
259	591.089	257.257
260	597.284	259.188
261	603.804	260.4
262	610.65	260.89
263	617.821	260.661
264	625.318	259.711
265	558.246	216.945
266	559.49	210.325
267	560.569	203.704
268	561.484	197.083
269	562.235	190.462
270	562.821	183.841
271	563.242	177.219
272	563.499	170.597
273	563.592	163.975
274	563.52	157.352
275	563.284	150.729
276	562.884	144.106
277	562.319	137.483
278	561.59	130.859
279	560.696	124.235
280	559.638	117.611
281	558.415	110.987
282	0.117018	158.626
283	0.30126	151.907
284	0.552725	145.196
285	0.871413	138.493
286	1.25732	131.799
287	1.71046	125.113
288	2.23082	118.436
289	2.8184	111.766
290	3.4732	105.105
291	4.19523	98.4528
292	4.98448	91.8085
293	5.84095	85.1726
294	6.76465	78.545
295	7.75557	71.9258
296	8.81371	65.3148
297	9.93908	58.7122
298	11.1317	52.1179
299	12.3915	45.532
300	13.7185	38.9544
301	15.1128	32.3851
302	16.5743	25.8241
303	139.026	91.0112
304	138.837	83.3703
305	137.59	76.3423
306	135.285	69.9272
307	131.922	64.125
308	127.502	58.9357
309	122.024	54.3594
310	115.489	50.396
311	235.243	102.199
312	235.694	95.2417
313	236.622	88.4431
314	238.028	81.803
315	239.913	75.3212
316	242.275	68.998
317	245.114	62.8332
318	248.432	56.8268
319	252.227	50.9789
320	350.367	137.174
321	343.837	134.538
322	337.5	131.697
323	331.357	128.649
324	325.407	125.395
325	319.65	121.935
326	314.087	118.269
327	308.717	114.397
328	303.54	110.318
329	298.557	106.033
330	293.767	101.542
331	289.17	96.8445
332	284.767	91.941
333	280.557	86.8313
334	276.54	81.5154
335	272.717	75.9932
336	269.087	70.2649
337	265.651	64.3303
338	262.407	58.1896
339	259.357	51.8426
340	444.359	102.131
341	444.932	94.8437
342	445.829	87.7159
343	447.051	80.7482
344	448.596	73.9405
345	450.466	67.2927
346	452.66	60.805
347	455.178	54.4773
348	458.02	48.3095
349	461.187	42.3018
350	464.678	36.4541
351	468.493	30.7663
352	472.632	25.2386
353	477.095	19.8709
354	481.883	14.6632
355	486.994	9.61544
356	492.43	4.72772
357	612.366	149.629
358	618.976	151.376
359	625.602	152.991
360	632.244	154.472
361	638.902	155.819
362	645.577	157.034
363	652.268	158.115
364	658.974	159.064
365	665.697	159.879
366	672.436	160.561
367	679.192	161.109
368	685.963	161.525
369	692.75	161.807
370	699.554	161.956
371	706.374	161.972
372	713.21	161.855
373	721.772	155.255
374	723.521	148.918
375	725.31	142.595
376	727.138	136.284
377	729.006	129.986
378	730.914	123.701
379	732.861	117.429
380	734.848	111.169
381	736.875	104.923
382	738.941	98.6892
383	741.047	92.4683
384	743.192	86.2604
385	745.377	80.0653
386	747.602	73.883
387	749.866	67.7136
388	752.17	61.5571
389	24.1172	22.5471
390	30.1929	25.6239
391	36.3301	28.502
392	42.5287	31.1814
393	48.7888	33.6621
394	55.1104	35.944
395	61.4934	38.0272
396	67.9379	39.9117
397	74.4439	41.5975
398	81.0113	43.0845
399	87.6402	44.3729
400	94.3306	45.4625
401	101.082	46.3533
402	347.629	47.8635
403	354.879	47.1799
404	361.843	45.984
405	368.521	44.2757
406	374.913	42.0549
407	381.02	39.3218
408	386.841	36.0763
409	392.376	32.3184
410	397.626	28.048
411	402.59	23.2653
412	407.268	17.9702
413	411.661	12.1627
