NOMBRE : MTLARP6_10_6_2.dat
VERTICES ORIGINALES : 60
VERTICES TOTALES : 871
DEPOTS : 6
55
56
57
58
59
60
LINEAS ORIGINALES : 54
LINE 1 2 135.952 13
	61 10.7026
	62 10.5814
	63 10.4812
	64 10.4026
	65 10.346
	66 10.312
	67 10.3006
	68 10.312
	69 10.346
	70 10.4026
	71 10.4812
	72 10.5814
	2 10.7026
LINE 1 11 182.083 17
	73 11.0094
	74 10.8988
	75 10.802
	76 10.7195
	77 10.6515
	78 10.5983
	79 10.5601
	80 10.5371
	81 10.5295
	82 10.5371
	83 10.5601
	84 10.5983
	85 10.6515
	86 10.7195
	87 10.802
	88 10.8988
	11 11.0094
LINE 2 12 163.054 16
	89 10.2598
	90 10.2323
	91 10.2087
	92 10.189
	93 10.1732
	94 10.1613
	95 10.1534
	96 10.1494
	97 10.1494
	98 10.1534
	99 10.1613
	100 10.1732
	101 10.189
	102 10.2087
	103 10.2323
	12 10.2598
LINE 3 4 211.463 20
	104 11.2136
	105 11.017
	106 10.8393
	107 10.6813
	108 10.544
	109 10.4282
	110 10.3347
	111 10.2639
	112 10.2165
	113 10.1927
	114 10.1927
	115 10.2165
	116 10.2639
	117 10.3347
	118 10.4282
	119 10.544
	120 10.6813
	121 10.8393
	122 11.017
	4 11.2136
LINE 3 13 139.36 13
	123 10.7886
	124 10.7544
	125 10.7263
	126 10.7045
	127 10.6888
	128 10.6794
	129 10.6763
	130 10.6794
	131 10.6888
	132 10.7045
	133 10.7263
	134 10.7544
	13 10.7886
LINE 5 6 151.247 14
	135 11.239
	136 11.0413
	137 10.8738
	138 10.738
	139 10.6349
	140 10.5657
	141 10.5309
	142 10.5309
	143 10.5657
	144 10.6349
	145 10.738
	146 10.8738
	147 11.0413
	6 11.239
LINE 7 8 168.064 16
	148 11.1132
	149 10.8757
	150 10.6678
	151 10.4915
	152 10.3483
	153 10.2395
	154 10.1664
	155 10.1296
	156 10.1296
	157 10.1664
	158 10.2395
	159 10.3483
	160 10.4915
	161 10.6678
	162 10.8757
	8 11.1132
LINE 7 16 242.311 22
	163 11.9353
	164 11.6824
	165 11.4499
	166 11.2393
	167 11.0517
	168 10.8883
	169 10.7503
	170 10.6385
	171 10.554
	172 10.4972
	173 10.4687
	174 10.4687
	175 10.4972
	176 10.554
	177 10.6385
	178 10.7503
	179 10.8883
	180 11.0517
	181 11.2393
	182 11.4499
	183 11.6824
	16 11.9353
LINE 7 17 212.316 20
	184 11.2948
	185 11.0867
	186 10.8984
	187 10.7309
	188 10.5852
	189 10.4623
	190 10.3628
	191 10.2877
	192 10.2372
	193 10.2119
	194 10.2119
	195 10.2372
	196 10.2877
	197 10.3628
	198 10.4623
	199 10.5852
	200 10.7309
	201 10.8984
	202 11.0867
	17 11.2948
LINE 8 9 99.1242 9
	203 11.7273
	204 11.2032
	205 10.8134
	206 10.5726
	207 10.4911
	208 10.5726
	209 10.8134
	210 11.2032
	9 11.7273
LINE 8 18 144.272 13
	211 11.7287
	212 11.4205
	213 11.1619
	214 10.9566
	215 10.8076
	216 10.7172
	217 10.6869
	218 10.7172
	219 10.8076
	220 10.9566
	221 11.1619
	222 11.4205
	18 11.7287
LINE 10 19 216.847 20
	223 11.2618
	224 11.1317
	225 11.0148
	226 10.9115
	227 10.8222
	228 10.7472
	229 10.6868
	230 10.6412
	231 10.6108
	232 10.5955
	233 10.5955
	234 10.6108
	235 10.6412
	236 10.6868
	237 10.7472
	238 10.8222
	239 10.9115
	240 11.0148
	241 11.1317
	19 11.2618
LINE 14 15 159.816 15
	242 10.8775
	243 10.7827
	244 10.7019
	245 10.6353
	246 10.5832
	247 10.5458
	248 10.5234
	249 10.5158
	250 10.5234
	251 10.5458
	252 10.5832
	253 10.6353
	254 10.7019
	255 10.7827
	15 10.8775
LINE 15 24 121.087 11
	256 11.2225
	257 11.0947
	258 10.9942
	259 10.9219
	260 10.8783
	261 10.8637
	262 10.8783
	263 10.9219
	264 10.9942
	265 11.0947
	24 11.2225
LINE 16 17 151.468 14
	266 11.2639
	267 11.0622
	268 10.8912
	269 10.7524
	270 10.6472
	271 10.5764
	272 10.5409
	273 10.5409
	274 10.5764
	275 10.6472
	276 10.7524
	277 10.8912
	278 11.0622
	17 11.2639
LINE 17 18 182.92 18
	279 10.1638
	280 10.1632
	281 10.1628
	282 10.1624
	283 10.162
	284 10.1617
	285 10.1615
	286 10.1614
	287 10.1613
	288 10.1613
	289 10.1614
	290 10.1615
	291 10.1617
	292 10.162
	293 10.1624
	294 10.1628
	295 10.1632
	18 10.1638
LINE 17 27 154.447 14
	296 11.4557
	297 11.2632
	298 11.1003
	299 10.9682
	300 10.8681
	301 10.8008
	302 10.767
	303 10.767
	304 10.8008
	305 10.8681
	306 10.9682
	307 11.1003
	308 11.2632
	27 11.4557
LINE 18 19 141.348 13
	309 11.4502
	310 11.1677
	311 10.9312
	312 10.7436
	313 10.6076
	314 10.5252
	315 10.4975
	316 10.5252
	317 10.6076
	318 10.7436
	319 10.9312
	320 11.1677
	19 11.4502
LINE 19 29 152.769 15
	321 10.2064
	322 10.197
	323 10.1891
	324 10.1827
	325 10.1777
	326 10.1741
	327 10.1719
	328 10.1712
	329 10.1719
	330 10.1741
	331 10.1777
	332 10.1827
	333 10.1891
	334 10.197
	29 10.2064
LINE 20 30 138.136 13
	335 10.8887
	336 10.7586
	337 10.6509
	338 10.5665
	339 10.5057
	340 10.4691
	341 10.4569
	342 10.4691
	343 10.5057
	344 10.5665
	345 10.6509
	346 10.7586
	30 10.8887
LINE 21 22 155.158 15
	347 10.5599
	348 10.4682
	349 10.3899
	350 10.3254
	351 10.275
	352 10.2388
	353 10.217
	354 10.2098
	355 10.217
	356 10.2388
	357 10.275
	358 10.3254
	359 10.3899
	360 10.4682
	22 10.5599
LINE 21 31 185.674 17
	361 11.973
	362 11.5953
	363 11.2578
	364 10.964
	365 10.7177
	366 10.5222
	367 10.3802
	368 10.2941
	369 10.2653
	370 10.2941
	371 10.3802
	372 10.5222
	373 10.7177
	374 10.964
	375 11.2578
	376 11.5953
	31 11.973
LINE 22 23 147.377 14
	377 10.6737
	378 10.6064
	379 10.5499
	380 10.5046
	381 10.4704
	382 10.4476
	383 10.4362
	384 10.4362
	385 10.4476
	386 10.4704
	387 10.5046
	388 10.5499
	389 10.6064
	23 10.6737
LINE 23 24 95.69 9
	390 11.2604
	391 10.7982
	392 10.4555
	393 10.2444
	394 10.1731
	395 10.2444
	396 10.4555
	397 10.7982
	24 11.2604
LINE 24 25 152.902 15
	398 10.319
	399 10.2655
	400 10.22
	401 10.1826
	402 10.1534
	403 10.1325
	404 10.1199
	405 10.1157
	406 10.1199
	407 10.1325
	408 10.1534
	409 10.1826
	410 10.22
	411 10.2655
	25 10.319
LINE 24 33 237.537 23
	412 10.3428
	413 10.3387
	414 10.3349
	415 10.3316
	416 10.3287
	417 10.3261
	418 10.324
	419 10.3222
	420 10.3208
	421 10.3198
	422 10.3193
	423 10.3191
	424 10.3193
	425 10.3198
	426 10.3208
	427 10.3222
	428 10.324
	429 10.3261
	430 10.3287
	431 10.3316
	432 10.3349
	433 10.3387
	33 10.3428
LINE 26 33 285.703 27
	434 10.9226
	435 10.8451
	436 10.7734
	437 10.7075
	438 10.6475
	439 10.5936
	440 10.5458
	441 10.5041
	442 10.4688
	443 10.4397
	444 10.4171
	445 10.4009
	446 10.3912
	447 10.388
	448 10.3912
	449 10.4009
	450 10.4171
	451 10.4397
	452 10.4688
	453 10.5041
	454 10.5458
	455 10.5936
	456 10.6475
	457 10.7075
	458 10.7734
	459 10.8451
	33 10.9226
LINE 27 28 146.657 14
	460 10.5551
	461 10.5185
	462 10.4879
	463 10.4633
	464 10.4449
	465 10.4325
	466 10.4264
	467 10.4264
	468 10.4325
	469 10.4449
	470 10.4633
	471 10.4879
	472 10.5185
	28 10.5551
LINE 27 34 210.834 20
	473 10.918
	474 10.8012
	475 10.6962
	476 10.6035
	477 10.5234
	478 10.4562
	479 10.4021
	480 10.3614
	481 10.3341
	482 10.3205
	483 10.3205
	484 10.3341
	485 10.3614
	486 10.4021
	487 10.4562
	488 10.5234
	489 10.6035
	490 10.6962
	491 10.8012
	34 10.918
LINE 28 29 123.553 12
	492 10.5016
	493 10.3904
	494 10.3005
	495 10.2326
	496 10.1871
	497 10.1643
	498 10.1643
	499 10.1871
	500 10.2326
	501 10.3005
	502 10.3904
	29 10.5016
LINE 28 36 205.839 19
	503 11.1935
	504 11.0754
	505 10.9701
	506 10.878
	507 10.7995
	508 10.7349
	509 10.6843
	510 10.648
	511 10.6262
	512 10.6189
	513 10.6262
	514 10.648
	515 10.6843
	516 10.7349
	517 10.7995
	518 10.878
	519 10.9701
	520 11.0754
	36 11.1935
LINE 29 36 119.657 11
	521 11.6491
	522 11.1984
	523 10.835
	524 10.5677
	525 10.4041
	526 10.3489
	527 10.4041
	528 10.5677
	529 10.835
	530 11.1984
	36 11.6491
LINE 30 31 181.761 17
	531 10.807
	532 10.764
	533 10.7266
	534 10.6949
	535 10.6689
	536 10.6486
	537 10.634
	538 10.6253
	539 10.6224
	540 10.6253
	541 10.634
	542 10.6486
	543 10.6689
	544 10.6949
	545 10.7266
	546 10.764
	31 10.807
LINE 30 37 202.893 19
	547 10.7853
	548 10.7499
	549 10.7186
	550 10.6913
	551 10.6682
	552 10.6493
	553 10.6345
	554 10.624
	555 10.6177
	556 10.6155
	557 10.6177
	558 10.624
	559 10.6345
	560 10.6493
	561 10.6682
	562 10.6913
	563 10.7186
	564 10.7499
	37 10.7853
LINE 31 32 181.781 17
	565 10.7227
	566 10.7116
	567 10.7019
	568 10.6938
	569 10.6871
	570 10.6819
	571 10.6781
	572 10.6759
	573 10.6751
	574 10.6759
	575 10.6781
	576 10.6819
	577 10.6871
	578 10.6938
	579 10.7019
	580 10.7116
	32 10.7227
LINE 32 39 131.884 13
	581 10.1537
	582 10.1493
	583 10.1457
	584 10.143
	585 10.141
	586 10.1398
	587 10.1394
	588 10.1398
	589 10.141
	590 10.143
	591 10.1457
	592 10.1493
	39 10.1537
LINE 33 42 155.263 15
	593 10.4577
	594 10.4121
	595 10.3734
	596 10.3416
	597 10.3168
	598 10.2991
	599 10.2884
	600 10.2849
	601 10.2884
	602 10.2991
	603 10.3168
	604 10.3416
	605 10.3734
	606 10.4121
	42 10.4577
LINE 35 36 175.167 16
	607 11.5191
	608 11.2958
	609 11.1009
	610 10.9357
	611 10.8018
	612 10.7002
	613 10.632
	614 10.5977
	615 10.5977
	616 10.632
	617 10.7002
	618 10.8018
	619 10.9357
	620 11.1009
	621 11.2958
	36 11.5191
LINE 35 45 161.483 16
	622 10.1121
	623 10.1043
	624 10.0977
	625 10.0921
	626 10.0877
	627 10.0843
	628 10.0821
	629 10.081
	630 10.081
	631 10.0821
	632 10.0843
	633 10.0877
	634 10.0921
	635 10.0977
	636 10.1043
	45 10.1121
LINE 36 45 278.126 27
	637 10.307
	638 10.3056
	639 10.3043
	640 10.3032
	641 10.3021
	642 10.3012
	643 10.3003
	644 10.2996
	645 10.299
	646 10.2985
	647 10.2981
	648 10.2978
	649 10.2977
	650 10.2976
	651 10.2977
	652 10.2978
	653 10.2981
	654 10.2985
	655 10.299
	656 10.2996
	657 10.3003
	658 10.3012
	659 10.3021
	660 10.3032
	661 10.3043
	662 10.3056
	45 10.307
LINE 36 46 134.104 13
	663 10.3372
	664 10.3265
	665 10.3177
	666 10.3108
	667 10.3059
	668 10.303
	669 10.302
	670 10.303
	671 10.3059
	672 10.3108
	673 10.3177
	674 10.3265
	46 10.3372
LINE 37 47 110.369 11
	675 10.0343
	676 10.0339
	677 10.0335
	678 10.0333
	679 10.0332
	680 10.0331
	681 10.0332
	682 10.0333
	683 10.0335
	684 10.0339
	47 10.0343
LINE 38 39 127.249 12
	685 10.6232
	686 10.6128
	687 10.6045
	688 10.5982
	689 10.5941
	690 10.592
	691 10.592
	692 10.5941
	693 10.5982
	694 10.6045
	695 10.6128
	39 10.6232
LINE 38 48 168.97 16
	696 10.8779
	697 10.7527
	698 10.6442
	699 10.5529
	700 10.4793
	701 10.4237
	702 10.3865
	703 10.3679
	704 10.3679
	705 10.3865
	706 10.4237
	707 10.4793
	708 10.5529
	709 10.6442
	710 10.7527
	48 10.8779
LINE 39 48 234.589 22
	711 11.2182
	712 11.0635
	713 10.9224
	714 10.7955
	715 10.6831
	716 10.5859
	717 10.5042
	718 10.4384
	719 10.3887
	720 10.3555
	721 10.3388
	722 10.3388
	723 10.3555
	724 10.3887
	725 10.4384
	726 10.5042
	727 10.5859
	728 10.6831
	729 10.7955
	730 10.9224
	731 11.0635
	48 11.2182
LINE 39 49 201.571 19
	732 11.1542
	733 10.9767
	734 10.8177
	735 10.678
	736 10.5584
	737 10.4595
	738 10.3819
	739 10.3261
	740 10.2925
	741 10.2813
	742 10.2925
	743 10.3261
	744 10.3819
	745 10.4595
	746 10.5584
	747 10.678
	748 10.8177
	749 10.9767
	49 11.1542
LINE 40 41 239.234 23
	750 10.6611
	751 10.5912
	752 10.5275
	753 10.4702
	754 10.4193
	755 10.3751
	756 10.3375
	757 10.3066
	758 10.2825
	759 10.2653
	760 10.255
	761 10.2515
	762 10.255
	763 10.2653
	764 10.2825
	765 10.3066
	766 10.3375
	767 10.3751
	768 10.4193
	769 10.4702
	770 10.5275
	771 10.5912
	41 10.6611
LINE 43 44 201.899 19
	772 10.9415
	773 10.8379
	774 10.7456
	775 10.665
	776 10.5963
	777 10.5398
	778 10.4956
	779 10.4639
	780 10.4448
	781 10.4385
	782 10.4448
	783 10.4639
	784 10.4956
	785 10.5398
	786 10.5963
	787 10.665
	788 10.7456
	789 10.8379
	44 10.9415
LINE 44 45 126.351 12
	790 11.1723
	791 10.8298
	792 10.5478
	793 10.3313
	794 10.1843
	795 10.1101
	796 10.1101
	797 10.1843
	798 10.3313
	799 10.5478
	800 10.8298
	45 11.1723
LINE 45 53 125.608 12
	801 10.4695
	802 10.4683
	803 10.4674
	804 10.4667
	805 10.4663
	806 10.466
	807 10.466
	808 10.4663
	809 10.4667
	810 10.4674
	811 10.4683
	53 10.4695
LINE 46 54 220.809 21
	812 11.1274
	813 10.9486
	814 10.7861
	815 10.6407
	816 10.513
	817 10.4038
	818 10.3135
	819 10.2428
	820 10.192
	821 10.1613
	822 10.1511
	823 10.1613
	824 10.192
	825 10.2428
	826 10.3135
	827 10.4038
	828 10.513
	829 10.6407
	830 10.7861
	831 10.9486
	54 11.1274
LINE 50 51 179.834 17
	832 10.9981
	833 10.8435
	834 10.7077
	835 10.5915
	836 10.4954
	837 10.4201
	838 10.3659
	839 10.3333
	840 10.3224
	841 10.3333
	842 10.3659
	843 10.4201
	844 10.4954
	845 10.5915
	846 10.7077
	847 10.8435
	51 10.9981
LINE 51 52 132.724 12
	848 11.4771
	849 11.2531
	850 11.0706
	851 10.9318
	852 10.8383
	853 10.7912
	854 10.7912
	855 10.8383
	856 10.9318
	857 11.0706
	858 11.2531
	52 11.4771
LINE 52 53 150.717 14
	859 10.8864
	860 10.8308
	861 10.7844
	862 10.747
	863 10.7189
	864 10.7002
	865 10.6908
	866 10.6908
	867 10.7002
	868 10.7189
	869 10.747
	870 10.7844
	871 10.8308
	53 10.8864
COORDENADAS :
1	109.117	544.183
2	197.436	557.193
3	273.994	522.288
4	409.715	516.071
5	473.612	534.409
6	571.194	545.828
7	698.619	546.016
8	798.205	504.221
9	860.457	513.551
10	994.076	558.248
11	72.1935	430.705
12	154.101	457.99
13	260.66	430.726
14	392.283	425.166
15	494.58	400.799
16	652.014	399.774
17	748.391	419.325
18	867.951	443.279
19	956.432	422.109
20	51.1937	341.771
21	197.19	308.379
22	295.026	337.569
23	392.288	332.549
24	453.326	332.645
25	549.918	362.69
26	678.927	362.367
27	797.395	331.636
28	894.039	342.965
29	972.493	321.673
30	49.9419	251.154
31	158.314	198.727
32	268.184	249.383
33	561.318	217.003
34	780.371	195.11
35	877.235	230.019
36	988.861	247.567
37	74.5199	118.955
38	205.43	160.432
39	290.076	164.279
40	350.188	133.869
41	506.893	121.542
42	567.893	114.364
43	648.314	137.349
44	773.828	95.7723
45	848.617	126.368
46	1006.5	160.043
47	74.5776	45.3792
48	189.256	51.0553
49	307.724	35.251
50	588.096	0
51	701.967	26.8233
52	787.788	35.7295
53	886.289	51.5937
54	993.537	18.5195
55	754.997	67.7027
56	135.533	115.183
57	0	616.523
58	629.078	61.6601
59	413.16	42.1038
60	4.27259	525.096
61	116.193	543.267
62	123.222	542.671
63	130.204	542.394
64	137.139	542.436
65	144.027	542.798
66	150.868	543.479
67	157.662	544.48
68	164.408	545.8
69	171.108	547.44
70	177.761	549.399
71	184.366	551.678
72	190.925	554.276
73	108.983	536.845
74	108.595	529.589
75	107.951	522.416
76	107.053	515.327
77	105.9	508.32
78	104.493	501.396
79	102.83	494.555
80	100.913	487.797
81	98.7412	481.122
82	96.3144	474.53
83	93.6329	468.02
84	90.6966	461.594
85	87.5055	455.25
86	84.0597	448.99
87	80.3591	442.812
88	76.4037	436.717
89	195.646	550.591
90	193.734	544.043
91	191.7	537.549
92	189.543	531.108
93	187.263	524.72
94	184.861	518.386
95	182.336	512.106
96	179.689	505.879
97	176.92	499.705
98	174.027	493.585
99	171.013	487.519
100	167.875	481.506
101	164.616	475.547
102	161.233	469.641
103	157.729	463.789
104	280.638	518.86
105	287.296	515.759
106	293.969	512.987
107	300.658	510.543
108	307.361	508.428
109	314.079	506.64
110	320.813	505.181
111	327.561	504.049
112	334.325	503.246
113	341.103	502.771
114	347.897	502.625
115	354.706	502.806
116	361.529	503.316
117	368.368	504.153
118	375.221	505.319
119	382.09	506.813
120	388.974	508.636
121	395.873	510.786
122	402.787	513.265
123	271.944	515.394
124	270.064	508.475
125	268.356	501.531
126	266.818	494.563
127	265.45	487.569
128	264.254	480.551
129	263.228	473.508
130	262.373	466.44
131	261.689	459.347
132	261.175	452.229
133	260.833	445.086
134	260.661	437.919
135	480.887	532.617
136	488.116	531.227
137	495.297	530.237
138	502.431	529.648
139	509.519	529.461
140	516.559	529.675
141	523.553	530.29
142	530.5	531.306
143	537.399	532.724
144	544.252	534.542
145	551.058	536.762
146	557.817	539.383
147	564.529	542.405
148	706.025	546.22
149	713.274	546.048
150	720.365	545.501
151	727.298	544.579
152	734.074	543.281
153	740.692	541.608
154	747.152	539.559
155	753.455	537.134
156	759.6	534.334
157	765.588	531.159
158	771.418	527.608
159	777.091	523.682
160	782.606	519.38
161	787.963	514.702
162	793.163	509.65
163	692.856	540.53
164	687.439	534.934
165	682.37	529.227
166	677.648	523.409
167	673.273	517.481
168	669.245	511.442
169	665.565	505.293
170	662.231	499.032
171	659.245	492.662
172	656.606	486.18
173	654.314	479.588
174	652.369	472.885
175	650.771	466.072
176	649.521	459.148
177	648.617	452.114
178	648.061	444.968
179	647.852	437.712
180	647.99	430.346
181	648.475	422.869
182	649.308	415.281
183	650.487	407.583
184	704.107	540.859
185	709.278	535.579
186	714.134	530.174
187	718.674	524.646
188	722.899	518.993
189	726.808	513.217
190	730.401	507.316
191	733.679	501.292
192	736.641	495.143
193	739.287	488.87
194	741.618	482.474
195	743.633	475.953
196	745.333	469.309
197	746.716	462.54
198	747.785	455.648
199	748.537	448.631
200	748.974	441.491
201	749.095	434.226
202	748.901	426.837
203	804.604	508.713
204	811.133	512.341
205	817.791	515.105
206	824.578	517.006
207	831.495	518.042
208	838.541	518.215
209	845.717	517.524
210	853.022	515.969
211	805.69	501.959
212	812.821	499.293
213	819.6	496.223
214	826.025	492.748
215	832.096	488.869
216	837.815	484.585
217	843.18	479.897
218	848.192	474.805
219	852.85	469.309
220	857.155	463.408
221	861.107	457.103
222	864.706	450.393
223	994.649	550.762
224	994.964	543.348
225	995.02	536.005
226	994.818	528.733
227	994.357	521.533
228	993.638	514.405
229	992.661	507.348
230	991.425	500.362
231	989.93	493.448
232	988.177	486.605
233	986.166	479.834
234	983.896	473.134
235	981.368	466.506
236	978.581	459.949
237	975.535	453.463
238	972.232	447.049
239	968.669	440.707
240	964.849	434.436
241	960.77	428.237
242	398.673	421.737
243	405.125	418.567
244	411.638	415.654
245	418.212	412.998
246	424.848	410.601
247	431.545	408.461
248	438.303	406.579
249	445.123	404.954
250	452.004	403.588
251	458.946	402.479
252	465.95	401.627
253	473.016	401.034
254	480.142	400.698
255	487.33	400.62
256	489.224	395.575
257	484.189	390.156
258	479.476	384.544
259	475.083	378.737
260	471.012	372.735
261	467.261	366.539
262	463.832	360.149
263	460.724	353.564
264	457.937	346.786
265	455.471	339.812
266	659.426	398.568
267	666.757	397.763
268	674.006	397.358
269	681.174	397.354
270	688.262	397.749
271	695.267	398.545
272	702.192	399.742
273	709.036	401.339
274	715.798	403.336
275	722.479	405.733
276	729.079	408.53
277	735.597	411.728
278	742.035	415.326
279	755.062	420.51
280	761.73	421.712
281	768.395	422.931
282	775.056	424.168
283	781.714	425.421
284	788.368	426.692
285	795.019	427.98
286	801.666	429.285
287	808.31	430.607
288	814.951	431.946
289	821.588	433.303
290	828.221	434.677
291	834.851	436.067
292	841.478	437.476
293	848.102	438.901
294	854.721	440.343
295	861.338	441.803
296	754.175	414.338
297	759.607	409.154
298	764.688	403.774
299	769.418	398.198
300	773.797	392.425
301	777.824	386.456
302	781.5	380.291
303	784.825	373.929
304	787.798	367.371
305	790.42	360.617
306	792.691	353.666
307	794.61	346.519
308	796.179	339.176
309	874.048	438.686
310	880.263	434.587
311	886.596	430.982
312	893.048	427.871
313	899.617	425.254
314	906.306	423.132
315	913.112	421.503
316	920.036	420.369
317	927.079	419.728
318	934.24	419.582
319	941.519	419.93
320	948.916	420.772
321	958.06	415.502
322	959.608	408.883
323	961.077	402.251
324	962.466	395.606
325	963.776	388.948
326	965.006	382.278
327	966.156	375.595
328	967.227	368.899
329	968.218	362.191
330	969.129	355.47
331	969.961	348.736
332	970.713	341.989
333	971.386	335.23
334	971.979	328.458
335	49.0736	334.828
336	47.2907	327.881
337	45.8452	320.929
338	44.737	313.973
339	43.966	307.011
340	43.5324	300.045
341	43.4361	293.075
342	43.6771	286.1
343	44.2555	279.12
344	45.1711	272.135
345	46.424	265.146
346	48.0143	258.152
347	203.199	312.047
348	209.281	315.47
349	215.436	318.647
350	221.664	321.577
351	227.967	324.262
352	234.342	326.7
353	240.791	328.892
354	247.313	330.838
355	253.909	332.538
356	260.579	333.992
357	267.321	335.199
358	274.137	336.161
359	281.027	336.876
360	287.99	337.346
361	198.776	300.556
362	199.877	292.904
363	200.494	285.424
364	200.628	278.116
365	200.277	270.98
366	199.442	264.015
367	198.123	257.222
368	196.32	250.6
369	194.034	244.15
370	191.263	237.871
371	188.008	231.764
372	184.269	225.829
373	180.046	220.065
374	175.339	214.473
375	170.148	209.053
376	164.473	203.804
377	302.051	338.706
378	309.063	339.612
379	316.064	340.289
380	323.053	340.735
381	330.03	340.952
382	336.995	340.938
383	343.948	340.695
384	350.889	340.221
385	357.819	339.517
386	364.736	338.584
387	371.642	337.42
388	378.536	336.026
389	385.417	334.402
390	399.075	329.341
391	405.86	326.938
392	412.645	325.339
393	419.428	324.545
394	426.21	324.556
395	432.991	325.371
396	439.771	326.991
397	446.549	329.416
398	459.362	335.945
399	465.455	339.06
400	471.606	341.99
401	477.815	344.735
402	484.082	347.294
403	490.406	349.667
404	496.788	351.856
405	503.227	353.859
406	509.725	355.676
407	516.279	357.309
408	522.892	358.756
409	529.562	360.017
410	536.29	361.093
411	543.075	361.984
412	458.362	327.935
413	463.368	323.197
414	468.342	318.43
415	473.285	313.633
416	478.198	308.808
417	483.079	303.954
418	487.929	299.071
419	492.749	294.159
420	497.537	289.218
421	502.294	284.248
422	507.021	279.249
423	511.716	274.221
424	516.38	269.164
425	521.013	264.078
426	525.616	258.963
427	530.187	253.82
428	534.727	248.647
429	539.236	243.445
430	543.715	238.215
431	548.162	232.955
432	552.578	227.667
433	556.963	222.349
434	672.822	358.398
435	666.851	354.321
436	661.015	350.135
437	655.314	345.84
438	649.747	341.436
439	644.314	336.923
440	639.016	332.301
441	633.853	327.57
442	628.824	322.731
443	623.93	317.782
444	619.171	312.725
445	614.545	307.559
446	610.055	302.284
447	605.699	296.9
448	601.478	291.408
449	597.391	285.806
450	593.439	280.095
451	589.621	274.276
452	585.938	268.348
453	582.389	262.311
454	578.976	256.165
455	575.696	249.91
456	572.551	243.546
457	569.541	237.074
458	566.665	230.492
459	563.924	223.802
460	804.171	333.537
461	810.965	335.27
462	817.78	336.835
463	824.614	338.231
464	831.468	339.46
465	838.342	340.521
466	845.235	341.415
467	852.148	342.14
468	859.081	342.697
469	866.033	343.087
470	873.005	343.308
471	879.997	343.362
472	887.008	343.247
473	798.904	324.516
474	800.165	317.426
475	801.177	310.368
476	801.94	303.34
477	802.455	296.343
478	802.722	289.377
479	802.74	282.443
480	802.51	275.539
481	802.031	268.666
482	801.304	261.824
483	800.329	255.014
484	799.105	248.234
485	797.633	241.485
486	795.912	234.767
487	793.943	228.08
488	791.726	221.424
489	789.26	214.799
490	786.545	208.205
491	783.582	201.642
492	900.114	339.485
493	906.273	336.315
494	912.516	333.455
495	918.844	330.905
496	925.255	328.666
497	931.751	326.736
498	938.331	325.117
499	944.995	323.808
500	951.743	322.809
501	958.575	322.12
502	965.492	321.741
503	900.704	339.608
504	907.182	336.066
505	913.475	332.339
506	919.581	328.427
507	925.502	324.331
508	931.236	320.049
509	936.785	315.583
510	942.148	310.931
511	947.324	306.095
512	952.315	301.074
513	957.119	295.868
514	961.738	290.478
515	966.171	284.902
516	970.417	279.142
517	974.478	273.197
518	978.353	267.066
519	982.041	260.751
520	985.544	254.251
521	970.499	314.167
522	969.202	306.815
523	968.601	299.616
524	968.697	292.572
525	969.488	285.681
526	970.976	278.944
527	973.161	272.361
528	976.041	265.932
529	979.618	259.656
530	983.891	253.535
531	55.7392	246.876
532	61.6088	242.748
533	67.5505	238.768
534	73.5645	234.938
535	79.6506	231.258
536	85.8088	227.726
537	92.0393	224.344
538	98.342	221.111
539	104.717	218.027
540	111.164	215.092
541	117.683	212.306
542	124.274	209.67
543	130.938	207.183
544	137.674	204.845
545	144.482	202.656
546	151.362	200.617
547	49.9862	243.964
548	50.1693	236.799
549	50.4913	229.661
550	50.952	222.548
551	51.5516	215.461
552	52.2899	208.4
553	53.1671	201.365
554	54.1831	194.356
555	55.3378	187.372
556	56.6314	180.414
557	58.0638	173.482
558	59.635	166.576
559	61.345	159.696
560	63.1938	152.841
561	65.1814	146.012
562	67.3078	139.209
563	69.5731	132.432
564	71.9771	125.681
565	165.059	201.096
566	171.768	203.541
567	178.442	206.062
568	185.081	208.66
569	191.685	211.334
570	198.254	214.085
571	204.787	216.912
572	211.285	219.815
573	217.748	222.795
574	224.176	225.851
575	230.568	228.984
576	236.925	232.193
577	243.248	235.478
578	249.534	238.84
579	255.786	242.278
580	262.002	245.792
581	270.216	242.926
582	272.191	236.454
583	274.108	229.968
584	275.966	223.466
585	277.766	216.949
586	279.508	210.418
587	281.192	203.872
588	282.818	197.31
589	284.386	190.734
590	285.896	184.143
591	287.348	177.536
592	288.741	170.915
593	560.496	210.08
594	559.855	203.168
595	559.394	196.268
596	559.112	189.379
597	559.011	182.502
598	559.089	175.636
599	559.348	168.782
600	559.786	161.94
601	560.405	155.109
602	561.203	148.289
603	562.181	141.481
604	563.339	134.685
605	564.677	127.9
606	566.195	121.126
607	883.743	234.096
608	890.314	237.775
609	896.947	241.057
610	903.643	243.941
611	910.401	246.428
612	917.221	248.518
613	924.104	250.211
614	931.05	251.506
615	938.057	252.404
616	945.128	252.905
617	952.26	253.009
618	959.456	252.715
619	966.713	252.024
620	974.033	250.935
621	981.416	249.45
622	874.936	223.682
623	872.705	217.326
624	870.542	210.951
625	868.447	204.558
626	866.42	198.145
627	864.461	191.714
628	862.57	185.264
629	860.748	178.795
630	858.993	172.308
631	857.307	165.801
632	855.688	159.276
633	854.138	152.732
634	852.656	146.169
635	851.242	139.588
636	849.895	132.987
637	983.858	242.857
638	978.84	238.164
639	973.808	233.487
640	968.761	228.828
641	963.699	224.186
642	958.622	219.561
643	953.531	214.953
644	948.425	210.362
645	943.305	205.789
646	938.169	201.232
647	933.019	196.692
648	927.854	192.169
649	922.675	187.663
650	917.481	183.174
651	912.272	178.702
652	907.048	174.248
653	901.81	169.81
654	896.557	165.389
655	891.289	160.985
656	886.006	156.599
657	880.709	152.229
658	875.397	147.876
659	870.071	143.541
660	864.73	139.222
661	859.374	134.92
662	854.003	130.636
663	989.66	240.722
664	990.553	233.896
665	991.538	227.088
666	992.616	220.299
667	993.787	213.529
668	995.051	206.778
669	996.408	200.045
670	997.858	193.331
671	999.4	186.636
672	1001.04	179.96
673	1002.76	173.302
674	1004.59	166.663
675	74.4224	112.267
676	74.3455	105.578
677	74.2891	98.8889
678	74.2532	92.2002
679	74.2379	85.5114
680	74.2431	78.8227
681	74.2689	72.1339
682	74.3153	65.4452
683	74.3822	58.7565
684	74.4696	52.0679
685	212.459	161.296
686	219.493	162.062
687	226.531	162.729
688	233.574	163.297
689	240.621	163.766
690	247.672	164.136
691	254.728	164.407
692	261.789	164.579
693	268.854	164.652
694	275.924	164.627
695	282.998	164.502
696	202.243	153.917
697	199.347	147.36
698	196.74	140.76
699	194.424	134.117
700	192.397	127.431
701	190.661	120.702
702	189.215	113.931
703	188.059	107.116
704	187.193	100.259
705	186.618	93.3584
706	186.332	86.4152
707	186.337	79.429
708	186.631	72.3999
709	187.216	65.328
710	188.091	58.2131
711	283.324	161.065
712	276.777	157.667
713	270.438	154.085
714	264.305	150.318
715	258.379	146.368
716	252.659	142.234
717	247.146	137.915
718	241.84	133.413
719	236.741	128.727
720	231.848	123.856
721	227.162	118.802
722	222.683	113.563
723	218.41	108.141
724	214.344	102.534
725	210.484	96.7433
726	206.832	90.7685
727	203.386	84.6098
728	200.146	78.267
729	197.114	71.7401
730	194.288	65.0292
731	191.669	58.1343
732	293.862	157.879
733	297.331	151.435
734	300.482	144.948
735	303.316	138.418
736	305.832	131.844
737	308.03	125.227
738	309.912	118.566
739	311.475	111.862
740	312.722	105.114
741	313.651	98.3235
742	314.262	91.4891
743	314.556	84.6113
744	314.532	77.6901
745	314.191	70.7255
746	313.533	63.7174
747	312.557	56.666
748	311.264	49.5711
749	309.653	42.4327
750	357.154	135.278
751	364.106	136.511
752	371.045	137.566
753	377.969	138.445
754	384.88	139.147
755	391.777	139.672
756	398.66	140.02
757	405.528	140.191
758	412.384	140.186
759	419.225	140.004
760	426.052	139.645
761	432.865	139.109
762	439.665	138.396
763	446.45	137.506
764	453.222	136.44
765	459.979	135.197
766	466.723	133.777
767	473.453	132.18
768	480.169	130.406
769	486.871	128.455
770	493.559	126.328
771	500.233	124.024
772	655.607	137.236
773	662.825	136.893
774	669.965	136.319
775	677.03	135.514
776	684.018	134.479
777	690.929	133.213
778	697.764	131.717
779	704.523	129.99
780	711.205	128.032
781	717.811	125.844
782	724.341	123.425
783	730.794	120.776
784	737.171	117.895
785	743.471	114.785
786	749.696	111.443
787	755.843	107.872
788	761.914	104.069
789	767.909	100.036
790	778.855	101.268
791	784.101	106.228
792	789.567	110.652
793	795.252	114.541
794	801.155	117.894
795	807.278	120.712
796	813.62	122.994
797	820.181	124.74
798	826.962	125.95
799	833.961	126.625
800	841.18	126.765
801	851.917	120.218
802	855.187	114.053
803	858.429	107.873
804	861.641	101.678
805	864.824	95.4692
806	867.978	89.2453
807	871.103	83.0068
808	874.198	76.7535
809	877.264	70.4856
810	880.302	64.203
811	883.31	57.9057
812	1008.91	153.026
813	1011.01	146.038
814	1012.82	139.077
815	1014.32	132.144
816	1015.52	125.238
817	1016.41	118.36
818	1017.01	111.51
819	1017.3	104.688
820	1017.28	97.8933
821	1016.97	91.1264
822	1016.35	84.3872
823	1015.43	77.6757
824	1014.21	70.9919
825	1012.68	64.3359
826	1010.86	57.7075
827	1008.73	51.1069
828	1006.29	44.534
829	1003.56	37.9888
830	1000.52	31.4713
831	997.18	24.9816
832	594.214	4.04068
833	600.405	7.77351
834	606.668	11.1985
835	613.004	14.3156
836	619.412	17.1249
837	625.893	19.6263
838	632.446	21.8198
839	639.072	23.7055
840	645.77	25.2834
841	652.541	26.5533
842	659.384	27.5155
843	666.3	28.1698
844	673.288	28.5162
845	680.349	28.5548
846	687.483	28.2855
847	694.689	27.7083
848	709.389	24.9632
849	716.762	23.5763
850	724.085	22.6625
851	731.36	22.2218
852	738.585	22.2542
853	745.762	22.7599
854	752.889	23.7386
855	759.967	25.1905
856	766.996	27.1156
857	773.976	29.5137
858	780.907	32.3851
859	794.606	38.2188
860	801.457	40.4994
861	808.341	42.5714
862	815.259	44.4347
863	822.211	46.0895
864	829.196	47.5356
865	836.215	48.773
866	843.268	49.8019
867	850.354	50.6221
868	857.474	51.2337
869	864.627	51.6366
870	871.814	51.8309
871	879.035	51.8166
