NOMBRE : MTLARP10_10_4_2.dat
VERTICES ORIGINALES : 92
VERTICES TOTALES : 1413
DEPOTS : 4
89
90
91
92
LINEAS ORIGINALES : 88
LINE 1 2 187.981 17
	93 11.1446
	94 11.1121
	95 11.0839
	96 11.06
	97 11.0404
	98 11.0251
	99 11.0142
	100 11.0076
	101 11.0054
	102 11.0076
	103 11.0142
	104 11.0251
	105 11.0404
	106 11.06
	107 11.0839
	108 11.1121
	2 11.1446
LINE 2 3 122.751 11
	109 11.3128
	110 11.2211
	111 11.1493
	112 11.0977
	113 11.0666
	114 11.0563
	115 11.0666
	116 11.0977
	117 11.1493
	118 11.2211
	3 11.3128
LINE 2 11 255.274 24
	119 10.6364
	120 10.6364
	121 10.6364
	122 10.6364
	123 10.6364
	124 10.6364
	125 10.6364
	126 10.6364
	127 10.6364
	128 10.6364
	129 10.6364
	130 10.6364
	131 10.6364
	132 10.6364
	133 10.6364
	134 10.6364
	135 10.6364
	136 10.6364
	137 10.6364
	138 10.6364
	139 10.6364
	140 10.6364
	141 10.6364
	11 10.6364
LINE 2 12 165.988 15
	142 11.3006
	143 11.2009
	144 11.1159
	145 11.0458
	146 10.991
	147 10.9517
	148 10.9281
	149 10.9202
	150 10.9281
	151 10.9517
	152 10.991
	153 11.0458
	154 11.1159
	155 11.2009
	12 11.3006
LINE 4 5 140.745 13
	156 10.9194
	157 10.8731
	158 10.8351
	159 10.8055
	160 10.7842
	161 10.7715
	162 10.7672
	163 10.7715
	164 10.7842
	165 10.8055
	166 10.8351
	167 10.8731
	5 10.9194
LINE 5 6 237.332 22
	168 11.032
	169 10.963
	170 10.9005
	171 10.8447
	172 10.7956
	173 10.7533
	174 10.718
	175 10.6896
	176 10.6683
	177 10.6541
	178 10.6469
	179 10.6469
	180 10.6541
	181 10.6683
	182 10.6896
	183 10.718
	184 10.7533
	185 10.7956
	186 10.8447
	187 10.9005
	188 10.963
	6 11.032
LINE 5 15 158.451 15
	189 10.5705
	190 10.5675
	191 10.5649
	192 10.5628
	193 10.5611
	194 10.56
	195 10.5593
	196 10.559
	197 10.5593
	198 10.56
	199 10.5611
	200 10.5628
	201 10.5649
	202 10.5675
	15 10.5705
LINE 6 7 73.6951 7
	203 10.5982
	204 10.528
	205 10.4856
	206 10.4714
	207 10.4856
	208 10.528
	7 10.5982
LINE 6 16 156.346 15
	209 10.4257
	210 10.4246
	211 10.4236
	212 10.4228
	213 10.4222
	214 10.4218
	215 10.4215
	216 10.4214
	217 10.4215
	218 10.4218
	219 10.4222
	220 10.4228
	221 10.4236
	222 10.4246
	16 10.4257
LINE 7 8 212.292 20
	223 10.6551
	224 10.6423
	225 10.631
	226 10.621
	227 10.6125
	228 10.6054
	229 10.5997
	230 10.5954
	231 10.5926
	232 10.5911
	233 10.5911
	234 10.5926
	235 10.5954
	236 10.5997
	237 10.6054
	238 10.6125
	239 10.621
	240 10.631
	241 10.6423
	8 10.6551
LINE 8 9 179.807 16
	242 12.1157
	243 11.7764
	244 11.4775
	245 11.2224
	246 11.0141
	247 10.8552
	248 10.748
	249 10.694
	250 10.694
	251 10.748
	252 10.8552
	253 11.0141
	254 11.2224
	255 11.4775
	256 11.7764
	9 12.1157
LINE 8 17 190.547 18
	257 10.627
	258 10.6126
	259 10.5999
	260 10.589
	261 10.5799
	262 10.5727
	263 10.5672
	264 10.5636
	265 10.5618
	266 10.5618
	267 10.5636
	268 10.5672
	269 10.5727
	270 10.5799
	271 10.589
	272 10.5999
	273 10.6126
	17 10.627
LINE 9 17 239.59 22
	274 10.9137
	275 10.907
	276 10.9011
	277 10.8958
	278 10.8911
	279 10.8872
	280 10.8838
	281 10.8812
	282 10.8792
	283 10.8779
	284 10.8772
	285 10.8772
	286 10.8779
	287 10.8792
	288 10.8812
	289 10.8838
	290 10.8872
	291 10.8911
	292 10.8958
	293 10.9011
	294 10.907
	17 10.9137
LINE 9 18 174.385 16
	295 10.9659
	296 10.9393
	297 10.9163
	298 10.8972
	299 10.8819
	300 10.8704
	301 10.8627
	302 10.8588
	303 10.8588
	304 10.8627
	305 10.8704
	306 10.8819
	307 10.8972
	308 10.9163
	309 10.9393
	18 10.9659
LINE 10 19 247.513 22
	310 12.2312
	311 11.9623
	312 11.7151
	313 11.4909
	314 11.2911
	315 11.1169
	316 10.9697
	317 10.8505
	318 10.7602
	319 10.6996
	320 10.6691
	321 10.6691
	322 10.6996
	323 10.7602
	324 10.8505
	325 10.9697
	326 11.1169
	327 11.2911
	328 11.4909
	329 11.7151
	330 11.9623
	19 12.2312
LINE 11 20 255.066 23
	331 11.7582
	332 11.5811
	333 11.4186
	334 11.2711
	335 11.1394
	336 11.024
	337 10.9254
	338 10.8441
	339 10.7804
	340 10.7346
	341 10.7071
	342 10.6979
	343 10.7071
	344 10.7346
	345 10.7804
	346 10.8441
	347 10.9254
	348 11.024
	349 11.1394
	350 11.2711
	351 11.4186
	352 11.5811
	20 11.7582
LINE 13 14 70.2406 6
	353 11.829
	354 11.6826
	355 11.6087
	356 11.6087
	357 11.6826
	14 11.829
LINE 15 16 184.711 17
	358 10.9114
	359 10.8941
	360 10.8792
	361 10.8665
	362 10.8562
	363 10.8481
	364 10.8423
	365 10.8389
	366 10.8377
	367 10.8389
	368 10.8423
	369 10.8481
	370 10.8562
	371 10.8665
	372 10.8792
	373 10.8941
	16 10.9114
LINE 15 23 216.871 20
	374 10.8593
	375 10.8543
	376 10.8499
	377 10.846
	378 10.8427
	379 10.8399
	380 10.8377
	381 10.8361
	382 10.835
	383 10.8344
	384 10.8344
	385 10.835
	386 10.8361
	387 10.8377
	388 10.8399
	389 10.8427
	390 10.846
	391 10.8499
	392 10.8543
	23 10.8593
LINE 16 25 167.561 15
	393 11.2454
	394 11.2135
	395 11.1864
	396 11.1642
	397 11.1469
	398 11.1346
	399 11.1272
	400 11.1247
	401 11.1272
	402 11.1346
	403 11.1469
	404 11.1642
	405 11.1864
	406 11.2135
	25 11.2454
LINE 18 26 191.286 17
	407 12.0572
	408 11.7648
	409 11.5054
	410 11.2812
	411 11.0944
	412 10.9469
	413 10.8403
	414 10.7758
	415 10.7543
	416 10.7758
	417 10.8403
	418 10.9469
	419 11.0944
	420 11.2812
	421 11.5054
	422 11.7648
	26 12.0572
LINE 21 22 151.326 13
	423 12.5475
	424 12.108
	425 11.7362
	426 11.4387
	427 11.2214
	428 11.0889
	429 11.0444
	430 11.0889
	431 11.2214
	432 11.4387
	433 11.7362
	434 12.108
	22 12.5475
LINE 21 31 82.5391 8
	435 10.3404
	436 10.3207
	437 10.3075
	438 10.3009
	439 10.3009
	440 10.3075
	441 10.3207
	31 10.3404
LINE 22 32 135.245 13
	442 10.4418
	443 10.4227
	444 10.407
	445 10.3948
	446 10.3861
	447 10.3808
	448 10.3791
	449 10.3808
	450 10.3861
	451 10.3948
	452 10.407
	453 10.4227
	32 10.4418
LINE 23 24 224.915 21
	454 10.7102
	455 10.7102
	456 10.7102
	457 10.7102
	458 10.7102
	459 10.7102
	460 10.7102
	461 10.7102
	462 10.7102
	463 10.7102
	464 10.7102
	465 10.7102
	466 10.7102
	467 10.7102
	468 10.7102
	469 10.7102
	470 10.7102
	471 10.7102
	472 10.7102
	473 10.7102
	24 10.7102
LINE 24 34 218.504 20
	474 11.5786
	475 11.378
	476 11.1966
	477 11.0355
	478 10.8954
	479 10.7773
	480 10.6819
	481 10.6098
	482 10.5615
	483 10.5372
	484 10.5372
	485 10.5615
	486 10.6098
	487 10.6819
	488 10.7773
	489 10.8954
	490 11.0355
	491 11.1966
	492 11.378
	34 11.5786
LINE 25 26 189.054 17
	493 11.4648
	494 11.3376
	495 11.2262
	496 11.131
	497 11.0526
	498 10.9912
	499 10.9471
	500 10.9206
	501 10.9117
	502 10.9206
	503 10.9471
	504 10.9912
	505 11.0526
	506 11.131
	507 11.2262
	508 11.3376
	26 11.4648
LINE 25 34 281.768 26
	509 10.8785
	510 10.8686
	511 10.8595
	512 10.8513
	513 10.8439
	514 10.8372
	515 10.8315
	516 10.8265
	517 10.8224
	518 10.819
	519 10.8166
	520 10.8149
	521 10.8141
	522 10.8141
	523 10.8149
	524 10.8166
	525 10.819
	526 10.8224
	527 10.8265
	528 10.8315
	529 10.8372
	530 10.8439
	531 10.8513
	532 10.8595
	533 10.8686
	34 10.8785
LINE 26 36 92.9622 9
	534 10.5011
	535 10.3728
	536 10.2802
	537 10.2242
	538 10.2055
	539 10.2242
	540 10.2802
	541 10.3728
	36 10.5011
LINE 27 36 192.803 17
	542 11.9265
	543 11.7121
	544 11.523
	545 11.3606
	546 11.226
	547 11.1201
	548 11.0439
	549 10.9979
	550 10.9825
	551 10.9979
	552 11.0439
	553 11.1201
	554 11.226
	555 11.3606
	556 11.523
	557 11.7121
	36 11.9265
LINE 27 37 160.618 15
	558 10.8753
	559 10.804
	560 10.7433
	561 10.6935
	562 10.6545
	563 10.6266
	564 10.6098
	565 10.6042
	566 10.6098
	567 10.6266
	568 10.6545
	569 10.6935
	570 10.7433
	571 10.804
	37 10.8753
LINE 28 29 161.856 15
	572 11.3295
	573 11.1034
	574 10.9084
	575 10.7462
	576 10.6184
	577 10.5261
	578 10.4703
	579 10.4517
	580 10.4703
	581 10.5261
	582 10.6184
	583 10.7462
	584 10.9084
	585 11.1034
	29 11.3295
LINE 28 38 169.836 15
	586 11.7401
	587 11.5639
	588 11.4127
	589 11.2875
	590 11.1891
	591 11.1183
	592 11.0756
	593 11.0613
	594 11.0756
	595 11.1183
	596 11.1891
	597 11.2875
	598 11.4127
	599 11.5639
	38 11.7401
LINE 30 31 110.703 10
	600 11.6072
	601 11.2553
	602 10.984
	603 10.7993
	604 10.7058
	605 10.7058
	606 10.7993
	607 10.984
	608 11.2553
	31 11.6072
LINE 31 40 197.897 17
	609 12.5523
	610 12.2223
	611 11.9289
	612 11.6748
	613 11.4628
	614 11.2952
	615 11.1739
	616 11.1004
	617 11.0759
	618 11.1004
	619 11.1739
	620 11.2952
	621 11.4628
	622 11.6748
	623 11.9289
	624 12.2223
	40 12.5523
LINE 32 33 179.63 16
	625 12.1325
	626 11.7828
	627 11.4746
	628 11.2113
	629 10.9961
	630 10.8319
	631 10.721
	632 10.6651
	633 10.6651
	634 10.721
	635 10.8319
	636 10.9961
	637 11.2113
	638 11.4746
	639 11.7828
	33 12.1325
LINE 32 40 225.116 21
	640 10.9749
	641 10.8993
	642 10.8311
	643 10.7706
	644 10.7179
	645 10.6731
	646 10.6363
	647 10.6076
	648 10.5871
	649 10.5747
	650 10.5706
	651 10.5747
	652 10.5871
	653 10.6076
	654 10.6363
	655 10.6731
	656 10.7179
	657 10.7706
	658 10.8311
	659 10.8993
	40 10.9749
LINE 33 34 171.576 15
	660 12.0851
	661 11.8146
	662 11.5808
	663 11.3859
	664 11.232
	665 11.1208
	666 11.0535
	667 11.031
	668 11.0535
	669 11.1208
	670 11.232
	671 11.3859
	672 11.5808
	673 11.8146
	34 12.0851
LINE 34 35 144.97 13
	674 11.1516
	675 11.1516
	676 11.1515
	677 11.1515
	678 11.1515
	679 11.1515
	680 11.1515
	681 11.1515
	682 11.1515
	683 11.1515
	684 11.1515
	685 11.1516
	35 11.1516
LINE 36 37 162.768 14
	686 12.5522
	687 12.1388
	688 11.7832
	689 11.4908
	690 11.2666
	691 11.1145
	692 11.0377
	693 11.0377
	694 11.1145
	695 11.2666
	696 11.4908
	697 11.7832
	698 12.1388
	37 12.5522
LINE 36 43 237.156 22
	699 10.9123
	700 10.8747
	701 10.8407
	702 10.8104
	703 10.7838
	704 10.761
	705 10.742
	706 10.7267
	707 10.7152
	708 10.7076
	709 10.7037
	710 10.7037
	711 10.7076
	712 10.7152
	713 10.7267
	714 10.742
	715 10.761
	716 10.7838
	717 10.8104
	718 10.8407
	719 10.8747
	43 10.9123
LINE 37 44 213.587 20
	720 10.6805
	721 10.6801
	722 10.6798
	723 10.6795
	724 10.6793
	725 10.6791
	726 10.679
	727 10.6788
	728 10.6788
	729 10.6787
	730 10.6787
	731 10.6788
	732 10.6788
	733 10.679
	734 10.6791
	735 10.6793
	736 10.6795
	737 10.6798
	738 10.6801
	44 10.6805
LINE 38 45 73.7898 7
	739 10.5651
	740 10.5414
	741 10.5271
	742 10.5224
	743 10.5271
	744 10.5414
	45 10.5651
LINE 39 46 169.537 16
	745 10.6445
	746 10.6251
	747 10.6086
	748 10.5947
	749 10.5836
	750 10.5753
	751 10.5698
	752 10.567
	753 10.567
	754 10.5698
	755 10.5753
	756 10.5836
	757 10.5947
	758 10.6086
	759 10.6251
	46 10.6445
LINE 41 42 199.395 18
	760 11.0802
	761 11.0793
	762 11.0784
	763 11.0777
	764 11.0771
	765 11.0767
	766 11.0763
	767 11.0761
	768 11.0759
	769 11.0759
	770 11.0761
	771 11.0763
	772 11.0767
	773 11.0771
	774 11.0777
	775 11.0784
	776 11.0793
	42 11.0802
LINE 41 48 214.929 19
	777 12.1508
	778 11.8806
	779 11.6369
	780 11.4216
	781 11.2362
	782 11.0822
	783 10.9609
	784 10.8734
	785 10.8206
	786 10.8029
	787 10.8206
	788 10.8734
	789 10.9609
	790 11.0822
	791 11.2362
	792 11.4216
	793 11.6369
	794 11.8806
	48 12.1508
LINE 43 44 143.904 13
	795 11.5065
	796 11.2915
	797 11.1125
	798 10.9712
	799 10.8692
	800 10.8075
	801 10.7869
	802 10.8075
	803 10.8692
	804 10.9712
	805 11.1125
	806 11.2915
	44 11.5065
LINE 46 52 155.788 14
	807 11.5171
	808 11.34
	809 11.1903
	810 11.0691
	811 10.9773
	812 10.9156
	813 10.8847
	814 10.8847
	815 10.9156
	816 10.9773
	817 11.0691
	818 11.1903
	819 11.34
	52 11.5171
LINE 47 56 143.637 13
	820 11.5765
	821 11.3178
	822 11.1016
	823 10.9306
	824 10.8067
	825 10.7317
	826 10.7066
	827 10.7317
	828 10.8067
	829 10.9306
	830 11.1016
	831 11.3178
	56 11.5765
LINE 48 49 221.292 20
	832 11.8645
	833 11.6203
	834 11.3988
	835 11.2014
	836 11.0294
	837 10.884
	838 10.7662
	839 10.6771
	840 10.6172
	841 10.5872
	842 10.5872
	843 10.6172
	844 10.6771
	845 10.7662
	846 10.884
	847 11.0294
	848 11.2014
	849 11.3988
	850 11.6203
	49 11.8645
LINE 48 57 239.639 21
	851 12.2681
	852 12.02
	853 11.7936
	854 11.5902
	855 11.4109
	856 11.257
	857 11.1296
	858 11.0294
	859 10.9573
	860 10.9138
	861 10.8992
	862 10.9138
	863 10.9573
	864 11.0294
	865 11.1296
	866 11.257
	867 11.4109
	868 11.5902
	869 11.7936
	870 12.02
	57 12.2681
LINE 50 51 240.045 22
	871 11.5101
	872 11.3434
	873 11.1913
	874 11.0543
	875 10.933
	876 10.8279
	877 10.7396
	878 10.6684
	879 10.6147
	880 10.5788
	881 10.5608
	882 10.5608
	883 10.5788
	884 10.6147
	885 10.6684
	886 10.7396
	887 10.8279
	888 10.933
	889 11.0543
	890 11.1913
	891 11.3434
	51 11.5101
LINE 50 59 189.61 18
	892 10.5372
	893 10.536
	894 10.535
	895 10.5341
	896 10.5334
	897 10.5328
	898 10.5324
	899 10.5321
	900 10.5319
	901 10.5319
	902 10.5321
	903 10.5324
	904 10.5328
	905 10.5334
	906 10.5341
	907 10.535
	908 10.536
	59 10.5372
LINE 52 53 149.853 13
	909 12.4422
	910 11.9991
	911 11.624
	912 11.3237
	913 11.1042
	914 10.9705
	915 10.9255
	916 10.9705
	917 11.1042
	918 11.3237
	919 11.624
	920 11.9991
	53 12.4422
LINE 53 54 153.699 14
	921 10.9885
	922 10.9839
	923 10.98
	924 10.9769
	925 10.9746
	926 10.9731
	927 10.9723
	928 10.9723
	929 10.9731
	930 10.9746
	931 10.9769
	932 10.98
	933 10.9839
	54 10.9885
LINE 53 63 169.386 15
	934 11.8802
	935 11.6338
	936 11.4213
	937 11.2443
	938 11.1048
	939 11.004
	940 10.9431
	941 10.9228
	942 10.9431
	943 11.004
	944 11.1048
	945 11.2443
	946 11.4213
	947 11.6338
	63 11.8802
LINE 54 55 202.796 18
	948 11.6881
	949 11.5418
	950 11.4123
	951 11.3001
	952 11.2057
	953 11.1296
	954 11.0722
	955 11.0338
	956 11.0146
	957 11.0146
	958 11.0338
	959 11.0722
	960 11.1296
	961 11.2057
	962 11.3001
	963 11.4123
	964 11.5418
	55 11.6881
LINE 55 56 147.799 13
	965 11.7529
	966 11.5636
	967 11.4064
	968 11.2827
	969 11.1934
	970 11.1396
	971 11.1215
	972 11.1396
	973 11.1934
	974 11.2827
	975 11.4064
	976 11.5636
	56 11.7529
LINE 55 64 64.9095 6
	977 10.8939
	978 10.8032
	979 10.7576
	980 10.7576
	981 10.8032
	64 10.8939
LINE 57 66 134.904 12
	982 11.5627
	983 11.3897
	984 11.2494
	985 11.1431
	986 11.0716
	987 11.0357
	988 11.0357
	989 11.0716
	990 11.1431
	991 11.2494
	992 11.3897
	66 11.5627
LINE 58 67 149.018 13
	993 11.9947
	994 11.7337
	995 11.5159
	996 11.3435
	997 11.2188
	998 11.1433
	999 11.118
	1000 11.1433
	1001 11.2188
	1002 11.3435
	1003 11.5159
	1004 11.7337
	67 11.9947
LINE 60 61 226.909 21
	1005 10.8052
	1006 10.8052
	1007 10.8052
	1008 10.8052
	1009 10.8052
	1010 10.8052
	1011 10.8052
	1012 10.8052
	1013 10.8052
	1014 10.8052
	1015 10.8052
	1016 10.8052
	1017 10.8052
	1018 10.8052
	1019 10.8052
	1020 10.8052
	1021 10.8052
	1022 10.8052
	1023 10.8052
	1024 10.8052
	61 10.8052
LINE 60 69 236.998 21
	1025 12.1666
	1026 11.9118
	1027 11.6792
	1028 11.47
	1029 11.2855
	1030 11.1271
	1031 10.9957
	1032 10.8925
	1033 10.8181
	1034 10.7733
	1035 10.7583
	1036 10.7733
	1037 10.8181
	1038 10.8925
	1039 10.9957
	1040 11.1271
	1041 11.2855
	1042 11.47
	1043 11.6792
	1044 11.9118
	69 12.1666
LINE 60 70 263.791 24
	1045 11.1026
	1046 11.0737
	1047 11.0474
	1048 11.0236
	1049 11.0025
	1050 10.9839
	1051 10.968
	1052 10.9547
	1053 10.9441
	1054 10.9361
	1055 10.9308
	1056 10.9281
	1057 10.9281
	1058 10.9308
	1059 10.9361
	1060 10.9441
	1061 10.9547
	1062 10.968
	1063 10.9839
	1064 11.0025
	1065 11.0236
	1066 11.0474
	1067 11.0737
	70 11.1026
LINE 61 62 82.7149 8
	1068 10.3666
	1069 10.3433
	1070 10.3277
	1071 10.3199
	1072 10.3199
	1073 10.3277
	1074 10.3433
	62 10.3666
LINE 65 66 224.364 21
	1075 10.8733
	1076 10.817
	1077 10.7664
	1078 10.7215
	1079 10.6825
	1080 10.6493
	1081 10.6221
	1082 10.6009
	1083 10.5858
	1084 10.5766
	1085 10.5736
	1086 10.5766
	1087 10.5858
	1088 10.6009
	1089 10.6221
	1090 10.6493
	1091 10.6825
	1092 10.7215
	1093 10.7664
	1094 10.817
	66 10.8733
LINE 65 74 127.046 12
	1095 10.8287
	1096 10.6981
	1097 10.5925
	1098 10.5127
	1099 10.4591
	1100 10.4322
	1101 10.4322
	1102 10.4591
	1103 10.5127
	1104 10.5925
	1105 10.6981
	74 10.8287
LINE 67 68 176.391 16
	1106 11.8517
	1107 11.5314
	1108 11.2497
	1109 11.0095
	1110 10.8134
	1111 10.664
	1112 10.5632
	1113 10.5125
	1114 10.5125
	1115 10.5632
	1116 10.664
	1117 10.8134
	1118 11.0095
	1119 11.2497
	1120 11.5314
	68 11.8517
LINE 68 77 146.52 14
	1121 10.5444
	1122 10.5082
	1123 10.4779
	1124 10.4536
	1125 10.4354
	1126 10.4232
	1127 10.4171
	1128 10.4171
	1129 10.4232
	1130 10.4354
	1131 10.4536
	1132 10.4779
	1133 10.5082
	77 10.5444
LINE 69 70 179.696 16
	1134 11.7435
	1135 11.5426
	1136 11.3675
	1137 11.2196
	1138 11.0998
	1139 11.0091
	1140 10.9482
	1141 10.9176
	1142 10.9176
	1143 10.9482
	1144 11.0091
	1145 11.0998
	1146 11.2196
	1147 11.3675
	1148 11.5426
	70 11.7435
LINE 69 79 132.352 12
	1149 11.5956
	1150 11.2929
	1151 11.0447
	1152 10.8548
	1153 10.7264
	1154 10.6616
	1155 10.6616
	1156 10.7264
	1157 10.8548
	1158 11.0447
	1159 11.2929
	79 11.5956
LINE 69 80 168.726 15
	1160 11.7364
	1161 11.5311
	1162 11.3546
	1163 11.208
	1164 11.0927
	1165 11.0096
	1166 10.9594
	1167 10.9427
	1168 10.9594
	1169 11.0096
	1170 11.0927
	1171 11.208
	1172 11.3546
	1173 11.5311
	80 11.7364
LINE 70 71 105.573 10
	1174 10.7951
	1175 10.6378
	1176 10.5183
	1177 10.4379
	1178 10.3975
	1179 10.3975
	1180 10.4379
	1181 10.5183
	1182 10.6378
	71 10.7951
LINE 71 72 233.483 22
	1183 10.7153
	1184 10.6862
	1185 10.6599
	1186 10.6365
	1187 10.6159
	1188 10.5983
	1189 10.5836
	1190 10.5718
	1191 10.5629
	1192 10.557
	1193 10.5541
	1194 10.5541
	1195 10.557
	1196 10.5629
	1197 10.5718
	1198 10.5836
	1199 10.5983
	1200 10.6159
	1201 10.6365
	1202 10.6599
	1203 10.6862
	72 10.7153
LINE 73 84 198.215 18
	1204 11.1308
	1205 11.089
	1206 11.0524
	1207 11.0209
	1208 10.9946
	1209 10.9735
	1210 10.9576
	1211 10.9471
	1212 10.9418
	1213 10.9418
	1214 10.9471
	1215 10.9576
	1216 10.9735
	1217 10.9946
	1218 11.0209
	1219 11.0524
	1220 11.089
	84 11.1308
LINE 74 84 240.836 21
	1221 12.3394
	1222 12.0873
	1223 11.8572
	1224 11.6503
	1225 11.4681
	1226 11.3115
	1227 11.1819
	1228 11.0799
	1229 11.0066
	1230 10.9623
	1231 10.9475
	1232 10.9623
	1233 11.0066
	1234 11.0799
	1235 11.1819
	1236 11.3115
	1237 11.4681
	1238 11.6503
	1239 11.8572
	1240 12.0873
	84 12.3394
LINE 75 85 178.518 16
	1241 11.8731
	1242 11.5947
	1243 11.3507
	1244 11.1433
	1245 10.9745
	1246 10.8462
	1247 10.7599
	1248 10.7164
	1249 10.7164
	1250 10.7599
	1251 10.8462
	1252 10.9745
	1253 11.1433
	1254 11.3507
	1255 11.5947
	85 11.8731
LINE 76 77 149.694 14
	1256 10.7074
	1257 10.7005
	1258 10.6947
	1259 10.6901
	1260 10.6867
	1261 10.6843
	1262 10.6832
	1263 10.6832
	1264 10.6843
	1265 10.6867
	1266 10.6901
	1267 10.6947
	1268 10.7005
	77 10.7074
LINE 76 85 273.031 24
	1269 12.1009
	1270 11.9177
	1271 11.7486
	1272 11.5943
	1273 11.4554
	1274 11.3324
	1275 11.226
	1276 11.1365
	1277 11.0644
	1278 11.01
	1279 10.9736
	1280 10.9554
	1281 10.9554
	1282 10.9736
	1283 11.01
	1284 11.0644
	1285 11.1365
	1286 11.226
	1287 11.3324
	1288 11.4554
	1289 11.5943
	1290 11.7486
	1291 11.9177
	85 12.1009
LINE 76 86 151.327 14
	1292 11.4079
	1293 11.1379
	1294 10.9077
	1295 10.72
	1296 10.5771
	1297 10.4807
	1298 10.4322
	1299 10.4322
	1300 10.4807
	1301 10.5771
	1302 10.72
	1303 10.9077
	1304 11.1379
	86 11.4079
LINE 77 87 104.642 10
	1305 10.5126
	1306 10.4804
	1307 10.4562
	1308 10.4401
	1309 10.432
	1310 10.432
	1311 10.4401
	1312 10.4562
	1313 10.4804
	87 10.5126
LINE 78 88 167.979 15
	1314 11.3251
	1315 11.2711
	1316 11.2253
	1317 11.1876
	1318 11.1583
	1319 11.1372
	1320 11.1246
	1321 11.1204
	1322 11.1246
	1323 11.1372
	1324 11.1583
	1325 11.1876
	1326 11.2253
	1327 11.2711
	88 11.3251
LINE 79 80 173.545 16
	1328 11.0452
	1329 10.9664
	1330 10.8984
	1331 10.8414
	1332 10.7956
	1333 10.7611
	1334 10.738
	1335 10.7265
	1336 10.7265
	1337 10.738
	1338 10.7611
	1339 10.7956
	1340 10.8414
	1341 10.8984
	1342 10.9664
	80 11.0452
LINE 80 81 191.738 17
	1343 12.3237
	1344 11.9476
	1345 11.6118
	1346 11.3199
	1347 11.0754
	1348 10.8814
	1349 10.7407
	1350 10.6553
	1351 10.6268
	1352 10.6553
	1353 10.7407
	1354 10.8814
	1355 11.0754
	1356 11.3199
	1357 11.6118
	1358 11.9476
	81 12.3237
LINE 81 82 156.186 14
	1359 11.1957
	1360 11.1775
	1361 11.1623
	1362 11.1501
	1363 11.1409
	1364 11.1348
	1365 11.1318
	1366 11.1318
	1367 11.1348
	1368 11.1409
	1369 11.1501
	1370 11.1623
	1371 11.1775
	82 11.1957
LINE 82 83 134.922 12
	1372 11.7789
	1373 11.4922
	1374 11.2577
	1375 11.0785
	1376 10.9574
	1377 10.8963
	1378 10.8963
	1379 10.9574
	1380 11.0785
	1381 11.2577
	1382 11.4922
	83 11.7789
LINE 83 84 197.284 18
	1383 11.0076
	1384 10.9909
	1385 10.9763
	1386 10.9637
	1387 10.9533
	1388 10.9449
	1389 10.9386
	1390 10.9344
	1391 10.9323
	1392 10.9323
	1393 10.9344
	1394 10.9386
	1395 10.9449
	1396 10.9533
	1397 10.9637
	1398 10.9763
	1399 10.9909
	84 11.0076
LINE 87 88 164.904 15
	1400 11.0819
	1401 11.0442
	1402 11.0122
	1403 10.986
	1404 10.9655
	1405 10.9509
	1406 10.9421
	1407 10.9392
	1408 10.9421
	1409 10.9509
	1410 10.9655
	1411 10.986
	1412 11.0122
	1413 11.0442
	88 11.0819
COORDENADAS :
1	131.103	928.441
2	255.808	930.889
3	334.34	951.051
4	416.395	937.753
5	506.192	963.136
6	662.268	958.586
7	703.874	932.957
8	843.943	950.899
9	952.624	916.496
10	63.3935	854.033
11	113.673	837.293
12	203.287	835.146
13	355.026	847.885
14	401.383	849.816
15	538.435	862.589
16	660.988	854.379
17	821.08	826.24
18	933.432	802.275
19	45.3375	698.654
20	253.5	751.527
21	315.081	709.427
22	403.727	745.537
23	501.988	722.805
24	648.551	754.465
25	730.238	767.315
26	844.188	719.265
27	933.088	759.799
28	5.24994	605.663
29	109.725	608.605
30	263.96	620.205
31	325.867	655.563
32	402.964	655.589
33	516.5	661.446
34	617.655	617.449
35	714.261	614.651
36	858.931	659.833
37	961.838	657.729
38	42.3489	501.457
39	111.847	511.457
40	324.613	530.043
41	512.654	561.207
42	643.312	536.838
43	763.517	535.176
44	850.845	568.547
45	67.5529	459.314
46	158.514	408.861
47	525.908	418.5
48	611.667	466.757
49	751.627	448.757
50	801.862	443.747
51	956.589	450.109
52	156.972	307.319
53	250.022	324.849
54	345.188	362.675
55	461.977	300.846
56	553.844	330.015
57	600.23	314.597
58	728.993	309.556
59	864.032	333.713
60	16.7005	251.408
61	163.156	213.538
62	201.947	252.576
63	315.677	237.556
64	456.147	258.235
65	522.913	236.319
66	669.125	259.449
67	744.981	214.535
68	856.596	224.567
69	25.3824	101.043
70	138.991	126.445
71	208.085	121.339
72	362.631	112.698
73	465.513	107.349
74	559.153	161.171
75	630.89	114.142
76	744.133	137.8
77	843.383	128.25
78	900.853	159.084
79	9.4734	17.3125
80	120.138	46.3106
81	239.001	65.7125
82	342.206	53.7706
83	429.29	55.8812
84	551.462	8.0987
85	635.857	0
86	700.189	50.9763
87	823.071	61.7432
88	932.058	52.3478
89	164.626	512.033
90	605.832	1016.17
91	172.225	547.16
92	419.059	360.051
93	138.416	929.755
94	145.731	930.923
95	153.05	931.944
96	160.371	932.82
97	167.695	933.549
98	175.022	934.132
99	182.352	934.568
100	189.684	934.858
101	197.02	935.002
102	204.358	935
103	211.7	934.852
104	219.044	934.557
105	226.391	934.116
106	233.741	933.528
107	241.093	932.795
108	248.449	931.915
109	262.55	934.269
110	269.371	937.339
111	276.272	940.1
112	283.253	942.552
113	290.313	944.694
114	297.452	946.527
115	304.671	948.051
116	311.969	949.265
117	319.346	950.17
118	326.803	950.765
119	249.883	926.992
120	243.959	923.095
121	238.035	919.198
122	232.111	915.301
123	226.187	911.403
124	220.264	907.505
125	214.341	903.607
126	208.417	899.708
127	202.495	895.81
128	196.572	891.911
129	190.649	888.011
130	184.727	884.111
131	178.805	880.212
132	172.883	876.311
133	166.961	872.411
134	161.039	868.51
135	155.118	864.609
136	149.197	860.708
137	143.276	856.806
138	137.355	852.904
139	131.434	849.002
140	125.514	845.099
141	119.593	841.196
142	254.005	923.574
143	251.961	916.392
144	249.673	909.343
145	247.143	902.428
146	244.37	895.645
147	241.354	888.996
148	238.095	882.48
149	234.594	876.097
150	230.849	869.848
151	226.863	863.731
152	222.633	857.748
153	218.161	851.898
154	213.445	846.181
155	208.487	840.597
156	422.973	940.871
157	429.606	943.794
158	436.294	946.524
159	443.036	949.059
160	449.834	951.4
161	456.687	953.547
162	463.594	955.5
163	470.557	957.258
164	477.574	958.822
165	484.646	960.192
166	491.773	961.368
167	498.955	962.349
168	513.23	961.002
169	520.274	959.051
170	527.323	957.284
171	534.377	955.7
172	541.436	954.3
173	548.501	953.084
174	555.572	952.051
175	562.647	951.202
176	569.728	950.536
177	576.814	950.054
178	583.906	949.755
179	591.003	949.64
180	598.105	949.709
181	605.213	949.961
182	612.326	950.396
183	619.445	951.016
184	626.568	951.818
185	633.698	952.805
186	640.832	953.975
187	647.972	955.328
188	655.117	956.865
189	508.028	956.333
190	509.91	949.543
191	511.835	942.768
192	513.806	936.008
193	515.821	929.262
194	517.881	922.53
195	519.986	915.813
196	522.136	909.109
197	524.33	902.421
198	526.569	895.746
199	528.853	889.086
200	531.181	882.44
201	533.554	875.809
202	535.972	869.192
203	667.64	953.997
204	673.203	949.717
205	678.956	945.746
206	684.9	942.085
207	691.034	938.733
208	697.359	935.69
209	662.382	951.636
210	662.467	944.687
211	662.525	937.738
212	662.553	930.79
213	662.553	923.842
214	662.525	916.894
215	662.468	909.946
216	662.383	902.999
217	662.269	896.053
218	662.127	889.106
219	661.956	882.16
220	661.757	875.214
221	661.529	868.269
222	661.273	861.324
223	710.976	933.082
224	718.068	933.288
225	725.15	933.576
226	732.221	933.945
227	739.282	934.396
228	746.332	934.927
229	753.372	935.54
230	760.401	936.234
231	767.42	937.009
232	774.429	937.866
233	781.427	938.803
234	788.415	939.822
235	795.392	940.923
236	802.359	942.104
237	809.316	943.367
238	816.262	944.711
239	823.198	946.136
240	830.123	947.643
241	837.038	949.23
242	849.587	945.122
243	855.384	939.828
244	861.335	935.017
245	867.439	930.691
246	873.695	926.848
247	880.105	923.488
248	886.668	920.613
249	893.384	918.221
250	900.253	916.312
251	907.276	914.888
252	914.451	913.947
253	921.78	913.489
254	929.261	913.516
255	936.896	914.026
256	944.684	915.019
257	841.9	944.116
258	839.948	937.315
259	838.087	930.498
260	836.317	923.664
261	834.638	916.814
262	833.05	909.946
263	831.552	903.063
264	830.146	896.162
265	828.83	889.245
266	827.605	882.311
267	826.472	875.36
268	825.429	868.393
269	824.477	861.409
270	823.616	854.409
271	822.845	847.392
272	822.166	840.358
273	821.577	833.307
274	946.982	911.903
275	941.307	907.357
276	935.6	902.857
277	929.861	898.404
278	924.09	893.998
279	918.287	889.638
280	912.452	885.326
281	906.585	881.06
282	900.686	876.84
283	894.755	872.668
284	888.792	868.542
285	882.796	864.462
286	876.769	860.43
287	870.709	856.444
288	864.618	852.505
289	858.494	848.613
290	852.339	844.767
291	846.151	840.968
292	839.931	837.216
293	833.68	833.511
294	827.396	829.852
295	952.432	909.188
296	952.106	901.903
297	951.645	894.64
298	951.05	887.399
299	950.32	880.182
300	949.457	872.986
301	948.459	865.814
302	947.326	858.664
303	946.06	851.536
304	944.659	844.431
305	943.123	837.349
306	941.454	830.289
307	939.65	823.252
308	937.711	816.237
309	935.639	809.245
310	66.5379	846.51
311	69.3046	839.03
312	71.6937	831.595
313	73.7052	824.203
314	75.339	816.855
315	76.5953	809.551
316	77.4739	802.291
317	77.9748	795.074
318	78.0982	787.902
319	77.8439	780.773
320	77.212	773.689
321	76.2024	766.648
322	74.8153	759.651
323	73.0505	752.698
324	70.908	745.789
325	68.388	738.924
326	65.4903	732.103
327	62.215	725.325
328	58.5621	718.592
329	54.5315	711.902
330	50.1233	705.256
331	121.454	836.337
332	129.079	835.129
333	136.55	833.669
334	143.867	831.957
335	151.028	829.992
336	158.036	827.776
337	164.888	825.307
338	171.586	822.587
339	178.129	819.614
340	184.518	816.389
341	190.752	812.912
342	196.832	809.183
343	202.756	805.202
344	208.527	800.969
345	214.142	796.484
346	219.603	791.747
347	224.909	786.757
348	230.061	781.516
349	235.058	776.022
350	239.901	770.277
351	244.588	764.279
352	249.122	758.029
353	362.688	849.752
354	370.375	851
355	378.089	851.631
356	385.828	851.644
357	393.593	851.039
358	545.701	862.948
359	552.959	863.202
360	560.21	863.35
361	567.454	863.393
362	574.692	863.331
363	581.922	863.164
364	589.145	862.891
365	596.361	862.514
366	603.57	862.031
367	610.772	861.442
368	617.967	860.749
369	625.155	859.951
370	632.335	859.047
371	639.509	858.038
372	646.676	856.924
373	653.835	855.704
374	536.138	855.724
375	533.89	848.845
376	531.693	841.954
377	529.546	835.05
378	527.448	828.132
379	525.401	821.201
380	523.404	814.258
381	521.456	807.301
382	519.559	800.332
383	517.711	793.349
384	515.914	786.353
385	514.167	779.344
386	512.469	772.323
387	510.822	765.288
388	509.225	758.24
389	507.677	751.179
390	506.18	744.105
391	504.733	737.018
392	503.335	729.918
393	664.747	847.893
394	668.629	841.504
395	672.634	835.213
396	676.76	829.019
397	681.01	822.923
398	685.381	816.923
399	689.876	811.022
400	694.492	805.217
401	699.231	799.51
402	704.093	793.901
403	709.077	788.389
404	714.184	782.974
405	719.413	777.657
406	724.764	772.437
407	925.707	800.054
408	918.291	797.499
409	911.185	794.612
410	904.388	791.393
411	897.901	787.84
412	891.723	783.955
413	885.855	779.738
414	880.296	775.187
415	875.046	770.305
416	870.106	765.089
417	865.475	759.541
418	861.154	753.66
419	857.142	747.446
420	853.439	740.9
421	850.046	734.021
422	846.962	726.809
423	320.402	715.882
424	325.973	721.723
425	331.794	726.952
426	337.864	731.568
427	344.183	735.571
428	350.753	738.962
429	357.572	741.739
430	364.64	743.904
431	371.958	745.456
432	379.526	746.396
433	387.343	746.722
434	395.41	746.436
435	317.026	702.814
436	318.8	696.166
437	320.404	689.484
438	321.837	682.768
439	323.1	676.018
440	324.193	669.234
441	325.115	662.415
442	404.43	738.612
443	405.006	731.687
444	405.455	724.764
445	405.777	717.841
446	405.973	710.92
447	406.041	704
448	405.982	697.081
449	405.797	690.163
450	405.484	683.246
451	405.045	676.33
452	404.478	669.415
453	403.785	662.501
454	508.969	724.301
455	515.951	725.798
456	522.932	727.297
457	529.913	728.796
458	536.894	730.297
459	543.874	731.799
460	550.854	733.302
461	557.834	734.806
462	564.814	736.312
463	571.793	737.818
464	578.772	739.326
465	585.751	740.834
466	592.73	742.344
467	599.708	743.855
468	606.687	745.368
469	613.665	746.881
470	620.642	748.395
471	627.62	749.911
472	634.597	751.428
473	641.574	752.946
474	643.88	748.319
475	639.539	742.099
476	635.527	735.804
477	631.844	729.436
478	628.489	722.993
479	625.464	716.476
480	622.768	709.885
481	620.401	703.219
482	618.363	696.48
483	616.653	689.666
484	615.273	682.778
485	614.222	675.816
486	613.499	668.78
487	613.106	661.67
488	613.042	654.485
489	613.307	647.226
490	613.9	639.893
491	614.823	632.486
492	616.075	625.005
493	737.852	766.649
494	745.353	765.714
495	752.739	764.508
496	760.011	763.032
497	767.17	761.286
498	774.215	759.27
499	781.145	756.984
500	787.962	754.428
501	794.665	751.601
502	801.254	748.505
503	807.729	745.138
504	814.091	741.501
505	820.338	737.594
506	826.471	733.417
507	832.491	728.97
508	838.396	724.253
509	725.277	762.024
510	720.367	756.696
511	715.507	751.33
512	710.698	745.926
513	705.939	740.484
514	701.23	735.004
515	696.572	729.487
516	691.965	723.931
517	687.408	718.338
518	682.901	712.706
519	678.445	707.037
520	674.039	701.33
521	669.684	695.585
522	665.379	689.802
523	661.124	683.981
524	656.92	678.122
525	652.767	672.225
526	648.664	666.291
527	644.611	660.318
528	640.609	654.308
529	636.657	648.259
530	632.756	642.173
531	628.905	636.049
532	625.105	629.887
533	621.355	623.687
534	844.225	712.264
535	844.663	705.363
536	845.5	698.561
537	846.738	691.858
538	848.376	685.255
539	850.414	678.75
540	852.853	672.345
541	855.692	666.04
542	926.236	755.766
543	919.695	751.502
544	913.465	747.007
545	907.547	742.281
546	901.94	737.324
547	896.644	732.136
548	891.659	726.718
549	886.986	721.068
550	882.624	715.188
551	878.573	709.077
552	874.833	702.735
553	871.405	696.162
554	868.287	689.358
555	865.481	682.323
556	862.987	675.057
557	860.803	667.561
558	933.456	752.558
559	934.046	745.38
560	934.856	738.264
561	935.888	731.21
562	937.141	724.218
563	938.616	717.289
564	940.311	710.422
565	942.228	703.617
566	944.366	696.875
567	946.725	690.195
568	949.305	683.577
569	952.107	677.022
570	955.129	670.528
571	958.373	664.098
572	12.1329	608.773
573	19.0276	611.467
574	25.9341	613.745
575	32.8522	615.606
576	39.7821	617.051
577	46.7237	618.079
578	53.677	618.692
579	60.642	618.888
580	67.6188	618.668
581	74.6073	618.031
582	81.6075	616.979
583	88.6194	615.51
584	95.643	613.624
585	102.678	611.323
586	5.25237	597.837
587	5.60778	590.136
588	6.31617	582.56
589	7.37752	575.11
590	8.79186	567.786
591	10.5592	560.588
592	12.6795	553.515
593	15.1527	546.568
594	17.979	539.747
595	21.1582	533.051
596	24.6903	526.481
597	28.5755	520.036
598	32.8136	513.718
599	37.4048	507.524
600	268.658	626.353
601	273.689	631.921
602	279.05	636.908
603	284.744	641.315
604	290.769	645.141
605	297.125	648.387
606	303.813	651.051
607	310.833	653.136
608	318.184	654.64
609	329.731	648.14
610	333.102	640.722
611	335.982	633.309
612	338.369	625.901
613	340.264	618.498
614	341.666	611.099
615	342.577	603.706
616	342.995	596.318
617	342.922	588.934
618	342.356	581.555
619	341.298	574.182
620	339.747	566.813
621	337.705	559.449
622	335.17	552.09
623	332.143	544.736
624	328.624	537.387
625	410.259	652.095
626	417.528	649.117
627	424.77	646.653
628	431.985	644.703
629	439.174	643.268
630	446.336	642.348
631	453.472	641.942
632	460.581	642.051
633	467.664	642.674
634	474.72	643.812
635	481.75	645.465
636	488.753	647.632
637	495.729	650.314
638	502.679	653.51
639	509.603	657.221
640	400.902	648.568
641	398.674	641.652
642	396.278	634.841
643	393.716	628.133
644	390.986	621.53
645	388.09	615.03
646	385.027	608.635
647	381.796	602.344
648	378.399	596.158
649	374.835	590.075
650	371.104	584.097
651	367.206	578.223
652	363.141	572.453
653	358.91	566.787
654	354.511	561.225
655	349.945	555.768
656	345.213	550.414
657	340.313	545.165
658	335.247	540.02
659	330.014	534.979
660	521.931	655.495
661	527.549	649.975
662	533.356	644.887
663	539.349	640.229
664	545.53	636.003
665	551.899	632.207
666	558.455	628.843
667	565.199	625.91
668	572.13	623.408
669	579.249	621.337
670	586.555	619.697
671	594.049	618.489
672	601.73	617.711
673	609.599	617.365
674	625.085	617.191
675	632.515	616.94
676	639.946	616.695
677	647.376	616.459
678	654.807	616.229
679	662.238	616.006
680	669.669	615.791
681	677.101	615.583
682	684.532	615.382
683	691.964	615.189
684	699.396	615.002
685	706.828	614.823
686	866.2	655.687
687	873.481	652.156
688	880.775	649.239
689	888.082	646.938
690	895.401	645.25
691	902.732	644.178
692	910.077	643.72
693	917.433	643.877
694	924.803	644.649
695	932.185	646.036
696	939.579	648.037
697	946.986	650.653
698	954.406	653.884
699	855.719	653.306
700	852.4	646.86
701	848.974	640.497
702	845.441	634.215
703	841.801	628.016
704	838.053	621.899
705	834.198	615.863
706	830.236	609.91
707	826.167	604.039
708	821.991	598.249
709	817.708	592.542
710	813.317	586.917
711	808.819	581.374
712	804.215	575.913
713	799.503	570.533
714	794.683	565.236
715	789.757	560.021
716	784.723	554.888
717	779.583	549.837
718	774.335	544.868
719	768.98	539.981
720	956.208	653.37
721	950.587	649.001
722	944.973	644.621
723	939.369	640.23
724	933.772	635.829
725	928.185	631.417
726	922.605	626.995
727	917.034	622.562
728	911.472	618.119
729	905.918	613.665
730	900.373	609.201
731	894.836	604.726
732	889.307	600.24
733	883.787	595.745
734	878.276	591.238
735	872.773	586.721
736	867.278	582.193
737	861.792	577.655
738	856.314	573.107
739	45.4062	495.112
740	48.6446	488.875
741	52.0641	482.746
742	55.6647	476.726
743	59.4463	470.814
744	63.409	465.01
745	115.543	505.399
746	119.136	499.295
747	122.624	493.142
748	126.009	486.943
749	129.289	480.696
750	132.466	474.402
751	135.538	468.061
752	138.507	461.672
753	141.372	455.236
754	144.133	448.753
755	146.789	442.223
756	149.342	435.645
757	151.791	429.02
758	154.136	422.348
759	156.377	415.628
760	519.875	559.651
761	527.101	558.118
762	534.331	556.609
763	541.565	555.124
764	548.804	553.663
765	556.047	552.226
766	563.295	550.813
767	570.547	549.423
768	577.803	548.057
769	585.064	546.715
770	592.33	545.397
771	599.6	544.103
772	606.874	542.833
773	614.153	541.586
774	621.436	540.363
775	628.724	539.165
776	636.016	537.989
777	520.425	558.919
778	527.911	556.333
779	535.113	553.449
780	542.031	550.267
781	548.664	546.786
782	555.013	543.008
783	561.077	538.931
784	566.857	534.556
785	572.353	529.883
786	577.564	524.912
787	582.491	519.643
788	587.133	514.076
789	591.491	508.21
790	595.565	502.047
791	599.354	495.585
792	602.859	488.825
793	606.08	481.767
794	609.016	474.411
795	769.282	540.238
796	775.205	544.883
797	781.287	549.113
798	787.528	552.927
799	793.928	556.325
800	800.486	559.308
801	807.204	561.875
802	814.08	564.026
803	821.115	565.762
804	828.31	567.082
805	835.662	567.986
806	843.174	568.475
807	155.887	401.647
808	153.648	394.426
809	151.796	387.199
810	150.33	379.967
811	149.252	372.729
812	148.561	365.484
813	148.258	358.234
814	148.341	350.978
815	148.812	343.716
816	149.669	336.449
817	150.914	329.175
818	152.546	321.896
819	154.565	314.61
820	530.856	412.577
821	535.337	406.507
822	539.352	400.29
823	542.901	393.925
824	545.983	387.413
825	548.598	380.754
826	550.747	373.947
827	552.429	366.993
828	553.645	359.892
829	554.395	352.644
830	554.678	345.248
831	554.494	337.705
832	619.121	469.403
833	626.527	471.676
834	633.885	473.575
835	641.195	475.101
836	648.457	476.254
837	655.671	477.033
838	662.837	477.44
839	669.955	477.473
840	677.025	477.133
841	684.047	476.419
842	691.021	475.333
843	697.947	473.873
844	704.825	472.04
845	711.655	469.833
846	718.437	467.254
847	725.171	464.301
848	731.857	460.975
849	738.495	457.275
850	745.085	453.203
851	607.379	459.793
852	603.465	452.8
853	599.925	445.78
854	596.76	438.731
855	593.969	431.654
856	591.553	424.549
857	589.511	417.416
858	587.843	410.255
859	586.55	403.065
860	585.631	395.848
861	585.086	388.602
862	584.916	381.328
863	585.12	374.026
864	585.698	366.696
865	586.651	359.338
866	587.978	351.951
867	589.68	344.537
868	591.756	337.094
869	594.206	329.623
870	597.031	322.124
871	809.02	440.984
872	816.167	438.511
873	823.302	436.329
874	830.424	434.438
875	837.535	432.838
876	844.634	431.528
877	851.721	430.509
878	858.796	429.781
879	865.859	429.343
880	872.91	429.196
881	879.949	429.34
882	886.976	429.775
883	893.991	430.5
884	900.994	431.516
885	907.985	432.822
886	914.965	434.42
887	921.932	436.308
888	928.887	438.487
889	935.831	440.956
890	942.762	443.716
891	949.682	446.767
892	805.123	437.525
893	808.406	431.316
894	811.712	425.119
895	815.041	418.936
896	818.393	412.765
897	821.767	406.607
898	825.164	400.462
899	828.584	394.33
900	832.027	388.21
901	835.492	382.103
902	838.98	376.01
903	842.491	369.929
904	846.024	363.861
905	849.58	357.805
906	853.159	351.763
907	856.761	345.734
908	860.385	339.717
909	164.864	304.767
910	172.634	302.865
911	180.282	301.614
912	187.807	301.012
913	195.21	301.06
914	202.49	301.759
915	209.648	303.107
916	216.683	305.106
917	223.596	307.755
918	230.386	311.053
919	237.054	315.002
920	243.599	319.601
921	256.967	327.181
922	263.889	329.569
923	270.789	332.014
924	277.666	334.517
925	284.52	337.076
926	291.351	339.692
927	298.16	342.366
928	304.946	345.096
929	311.71	347.883
930	318.451	350.727
931	325.169	353.629
932	331.865	356.587
933	338.538	359.602
934	251.91	317.158
935	254.153	309.733
936	256.752	302.576
937	259.706	295.687
938	263.017	289.065
939	266.682	282.71
940	270.704	276.623
941	275.081	270.804
942	279.813	265.252
943	284.901	259.967
944	290.345	254.95
945	296.145	250.2
946	302.3	245.718
947	308.811	241.503
948	350.454	356.932
949	355.865	351.46
950	361.419	346.261
951	367.116	341.332
952	372.958	336.676
953	378.943	332.29
954	385.072	328.177
955	391.344	324.334
956	397.761	320.764
957	404.321	317.464
958	411.025	314.437
959	417.873	311.681
960	424.864	309.196
961	431.999	306.983
962	439.278	305.041
963	446.701	303.371
964	454.267	301.973
965	468.277	305.504
966	474.705	309.76
967	481.261	313.614
968	487.944	317.065
969	494.755	320.114
970	501.694	322.76
971	508.761	325.004
972	515.955	326.845
973	523.277	328.284
974	530.727	329.32
975	538.305	329.954
976	546.011	330.186
977	459.847	293.903
978	458.181	286.896
979	456.977	279.826
980	456.237	272.692
981	455.961	265.496
982	607.415	311.805
983	614.337	308.685
984	620.997	305.237
985	627.395	301.461
986	633.53	297.358
987	639.402	292.926
988	645.012	288.166
989	650.36	283.079
990	655.445	277.663
991	660.268	271.92
992	664.828	265.848
993	733.182	302.744
994	736.878	295.85
995	740.08	288.873
996	742.79	281.812
997	745.006	274.669
998	746.729	267.443
999	747.959	260.134
1000	748.696	252.741
1001	748.939	245.266
1002	748.689	237.708
1003	747.946	230.067
1004	746.71	222.343
1005	23.672	249.594
1006	30.6437	247.782
1007	37.6157	245.971
1008	44.588	244.16
1009	51.5605	242.351
1010	58.5333	240.542
1011	65.5063	238.735
1012	72.4796	236.929
1013	79.4532	235.123
1014	86.427	233.319
1015	93.4011	231.516
1016	100.375	229.713
1017	107.35	227.912
1018	114.325	226.112
1019	121.3	224.312
1020	128.275	222.514
1021	135.251	220.717
1022	142.227	218.92
1023	149.203	217.125
1024	156.18	215.331
1025	13.3322	244.029
1026	10.3421	236.672
1027	7.73011	229.338
1028	5.49633	222.024
1029	3.64072	214.733
1030	2.16328	207.464
1031	1.06401	200.216
1032	0.34292	192.99
1033	0	185.786
1034	0.0352518	178.604
1035	0.448676	171.444
1036	1.24027	164.306
1037	2.41004	157.189
1038	3.95798	150.094
1039	5.88409	143.021
1040	8.18838	135.97
1041	10.8708	128.941
1042	13.9315	121.934
1043	17.3703	114.948
1044	21.1872	107.984
1045	20.8609	245.286
1046	25.1025	239.244
1047	29.4255	233.281
1048	33.8298	227.398
1049	38.3154	221.594
1050	42.8823	215.87
1051	47.5306	210.226
1052	52.2601	204.661
1053	57.0709	199.176
1054	61.9631	193.77
1055	66.9365	188.444
1056	71.9913	183.197
1057	77.1274	178.03
1058	82.3448	172.943
1059	87.6435	167.935
1060	93.0235	163.007
1061	98.4848	158.158
1062	104.027	153.389
1063	109.651	148.7
1064	115.357	144.09
1065	121.143	139.559
1066	127.011	135.108
1067	132.96	130.737
1068	168.475	217.951
1069	173.66	222.497
1070	178.71	227.176
1071	183.626	231.99
1072	188.408	236.936
1073	193.055	242.016
1074	197.568	247.23
1075	530.139	235.751
1076	537.34	235.35
1077	544.513	235.116
1078	551.661	235.049
1079	558.782	235.149
1080	565.876	235.416
1081	572.944	235.849
1082	579.986	236.45
1083	587.001	237.217
1084	593.99	238.152
1085	600.953	239.253
1086	607.889	240.522
1087	614.798	241.957
1088	621.682	243.559
1089	628.539	245.328
1090	635.369	247.264
1091	642.173	249.367
1092	648.951	251.637
1093	655.702	254.074
1094	662.427	256.678
1095	527.684	230.901
1096	532.136	225.329
1097	536.27	219.604
1098	540.086	213.726
1099	543.583	207.694
1100	546.762	201.508
1101	549.623	195.169
1102	552.166	188.676
1103	554.39	182.03
1104	556.296	175.23
1105	557.884	168.277
1106	752.284	211.52
1107	759.544	208.991
1108	766.76	206.947
1109	773.932	205.389
1110	781.061	204.317
1111	788.146	203.73
1112	795.187	203.628
1113	802.185	204.013
1114	809.139	204.882
1115	816.05	206.238
1116	822.916	208.079
1117	829.74	210.405
1118	836.519	213.217
1119	843.255	216.515
1120	849.947	220.298
1121	856.734	217.539
1122	856.706	210.534
1123	856.512	203.551
1124	856.15	196.591
1125	855.623	189.655
1126	854.929	182.741
1127	854.068	175.849
1128	853.041	168.981
1129	851.848	162.135
1130	850.488	155.313
1131	848.961	148.513
1132	847.268	141.736
1133	845.409	134.982
1134	33.1137	99.8093
1135	40.7608	98.9521
1136	48.3239	98.4711
1137	55.8029	98.3662
1138	63.1977	98.6375
1139	70.5085	99.2848
1140	77.7352	100.308
1141	84.8777	101.708
1142	91.9362	103.484
1143	98.9105	105.635
1144	105.801	108.163
1145	112.607	111.068
1146	119.329	114.348
1147	125.967	118.004
1148	132.521	122.037
1149	27.0552	93.4953
1150	28.1828	86.0516
1151	28.7652	78.7116
1152	28.8025	71.4751
1153	28.2945	64.3422
1154	27.2414	57.3129
1155	25.643	50.3872
1156	23.4995	43.5651
1157	20.8107	36.8466
1158	17.5768	30.2317
1159	13.7977	23.7203
1160	30.2847	94.9444
1161	35.3891	89.1962
1162	40.6956	83.7979
1163	46.2042	78.7495
1164	51.9149	74.0511
1165	57.8277	69.7025
1166	63.9426	65.7038
1167	70.2596	62.055
1168	76.7788	58.7561
1169	83.5	55.8071
1170	90.4233	53.208
1171	97.5488	50.9588
1172	104.876	49.0595
1173	112.406	47.5101
1174	145.757	123.992
1175	152.554	121.971
1176	159.384	120.382
1177	166.246	119.224
1178	173.139	118.497
1179	180.064	118.203
1180	187.022	118.34
1181	194.011	118.908
1182	201.032	119.908
1183	215.041	119.713
1184	222.003	118.203
1185	228.972	116.811
1186	235.947	115.537
1187	242.93	114.38
1188	249.918	113.341
1189	256.914	112.419
1190	263.915	111.615
1191	270.924	110.929
1192	277.939	110.359
1193	284.96	109.908
1194	291.988	109.574
1195	299.023	109.357
1196	306.064	109.258
1197	313.112	109.277
1198	320.166	109.413
1199	327.227	109.667
1200	334.295	110.038
1201	341.369	110.527
1202	348.45	111.133
1203	355.537	111.857
1204	471.319	102.728
1205	477.004	98.0019
1206	482.567	93.1708
1207	488.009	88.2347
1208	493.33	83.1935
1209	498.53	78.0473
1210	503.608	72.796
1211	508.565	67.4397
1212	513.4	61.9783
1213	518.115	56.4119
1214	522.708	50.7404
1215	527.179	44.9639
1216	531.53	39.0823
1217	535.759	33.0957
1218	539.867	27.004
1219	543.853	20.8073
1220	547.718	14.5055
1221	554.996	154.072
1222	551.218	146.954
1223	547.819	139.817
1224	544.8	132.662
1225	542.159	125.487
1226	539.897	118.293
1227	538.015	111.08
1228	536.512	103.848
1229	535.387	96.5969
1230	534.642	89.3268
1231	534.276	82.0376
1232	534.289	74.7294
1233	534.68	67.4022
1234	535.451	60.0559
1235	536.601	52.6906
1236	538.131	45.3062
1237	540.039	37.9028
1238	542.326	30.4803
1239	544.992	23.0388
1240	548.038	15.5783
1241	627.788	106.86
1242	625.141	99.5973
1243	622.95	92.3546
1244	621.213	85.1316
1245	619.931	77.9284
1246	619.104	70.745
1247	618.732	63.5814
1248	618.815	56.4376
1249	619.353	49.3136
1250	620.346	42.2094
1251	621.793	35.125
1252	623.696	28.0604
1253	626.054	21.0156
1254	628.867	13.9906
1255	632.134	6.98542
1256	751.268	137.596
1257	758.396	137.319
1258	765.517	136.968
1259	772.632	136.544
1260	779.739	136.046
1261	786.838	135.474
1262	793.931	134.829
1263	801.017	134.11
1264	808.096	133.318
1265	815.167	132.452
1266	822.232	131.512
1267	829.289	130.498
1268	836.34	129.411
1269	736.925	134.177
1270	729.951	130.37
1271	723.212	126.378
1272	716.707	122.203
1273	710.437	117.843
1274	704.401	113.299
1275	698.6	108.571
1276	693.034	103.658
1277	687.701	98.5614
1278	682.604	93.2804
1279	677.74	87.8151
1280	673.112	82.1656
1281	668.717	76.3318
1282	664.558	70.3138
1283	660.632	64.1115
1284	656.942	57.725
1285	653.485	51.1542
1286	650.263	44.3992
1287	647.276	37.46
1288	644.523	30.3365
1289	642.005	23.0287
1290	639.721	15.5367
1291	637.672	7.86049
1292	738.24	132.992
1293	732.771	127.97
1294	727.725	122.733
1295	723.103	117.282
1296	718.905	111.616
1297	715.131	105.736
1298	711.78	99.6418
1299	708.853	93.3329
1300	706.35	86.8096
1301	704.271	80.0718
1302	702.615	73.1196
1303	701.382	65.9529
1304	700.574	58.5718
1305	842.185	121.345
1306	840.802	114.496
1307	839.234	107.704
1308	837.481	100.969
1309	835.542	94.2896
1310	833.419	87.6672
1311	831.11	81.1013
1312	828.615	74.592
1313	825.936	68.1393
1314	904.305	152.369
1315	907.561	145.597
1316	910.621	138.768
1317	913.485	131.881
1318	916.154	124.937
1319	918.626	117.936
1320	920.902	110.878
1321	922.982	103.762
1322	924.867	96.5888
1323	926.555	89.3585
1324	928.048	82.0709
1325	929.344	74.7261
1326	930.445	67.3239
1327	931.35	59.8645
1328	16.8361	17.4223
1329	24.1392	17.7592
1330	31.3829	18.323
1331	38.5671	19.1138
1332	45.6918	20.1317
1333	52.7571	21.3765
1334	59.7628	22.8484
1335	66.7091	24.5473
1336	73.5959	26.4732
1337	80.4232	28.6261
1338	87.191	31.006
1339	93.8993	33.6129
1340	100.548	36.4468
1341	107.138	39.5077
1342	113.667	42.7957
1343	126.46	51.5579
1344	132.865	56.292
1345	139.354	60.5128
1346	145.927	64.2204
1347	152.584	67.4147
1348	159.325	70.0957
1349	166.149	72.2635
1350	173.058	73.9181
1351	180.05	75.0593
1352	187.125	75.6874
1353	194.285	75.8021
1354	201.528	75.4037
1355	208.855	74.4919
1356	216.266	73.0669
1357	223.761	71.1287
1358	231.339	68.6772
1359	246.465	65.6531
1360	253.914	65.4716
1361	261.35	65.168
1362	268.771	64.7424
1363	276.178	64.1946
1364	283.571	63.5248
1365	290.95	62.7328
1366	298.314	61.8188
1367	305.665	60.7827
1368	313.001	59.6244
1369	320.324	58.3441
1370	327.632	56.9417
1371	334.926	55.4172
1372	349.535	50.9527
1373	356.852	48.6791
1374	364.155	46.9499
1375	371.445	45.7649
1376	378.722	45.1244
1377	385.985	45.0281
1378	393.236	45.4761
1379	400.473	46.4685
1380	407.697	48.0052
1381	414.908	50.0862
1382	422.105	52.7116
1383	436.39	54.0261
1384	443.453	52.0769
1385	450.479	50.0336
1386	457.469	47.8963
1387	464.422	45.665
1388	471.338	43.3396
1389	478.217	40.9201
1390	485.06	38.4066
1391	491.866	35.799
1392	498.635	33.0974
1393	505.367	30.3018
1394	512.062	27.4121
1395	518.721	24.4283
1396	525.343	21.3505
1397	531.928	18.1786
1398	538.476	14.9127
1399	544.988	11.5527
1400	830.235	59.9395
1401	837.414	58.3039
1402	844.607	56.8366
1403	851.815	55.5374
1404	859.038	54.4065
1405	866.274	53.4437
1406	873.526	52.6492
1407	880.792	52.0228
1408	888.072	51.5646
1409	895.367	51.2747
1410	902.676	51.1529
1411	910	51.1993
1412	917.338	51.414
1413	924.691	51.7968
