NOMBRE : MTLARP7_7_5_1.dat
VERTICES ORIGINALES : 46
VERTICES TOTALES : 513
DEPOTS : 5
42
43
44
45
46
LINEAS ORIGINALES : 31
LINE 1 7 180.983 16
	47 12.2019
	48 11.8577
	49 11.5546
	50 11.2958
	51 11.0844
	52 10.9232
	53 10.8143
	54 10.7595
	55 10.7595
	56 10.8143
	57 10.9232
	58 11.0844
	59 11.2958
	60 11.5546
	61 11.8577
	7 12.2019
LINE 2 7 265.072 24
	62 11.4351
	63 11.335
	64 11.2432
	65 11.16
	66 11.0855
	67 11.0199
	68 10.9633
	69 10.9159
	70 10.8779
	71 10.8493
	72 10.8302
	73 10.8206
	74 10.8206
	75 10.8302
	76 10.8493
	77 10.8779
	78 10.9159
	79 10.9633
	80 11.0199
	81 11.0855
	82 11.16
	83 11.2432
	84 11.335
	7 11.4351
LINE 3 4 231.252 21
	85 11.1368
	86 11.0995
	87 11.0661
	88 11.0365
	89 11.0109
	90 10.9891
	91 10.9712
	92 10.9573
	93 10.9474
	94 10.9414
	95 10.9394
	96 10.9414
	97 10.9474
	98 10.9573
	99 10.9712
	100 10.9891
	101 11.0109
	102 11.0365
	103 11.0661
	104 11.0995
	4 11.1368
LINE 5 12 104.744 9
	105 12.0544
	106 11.7458
	107 11.5203
	108 11.3829
	109 11.3367
	110 11.3829
	111 11.5203
	112 11.7458
	12 12.0544
LINE 6 7 147.201 13
	113 12.3838
	114 11.8731
	115 11.4383
	116 11.0884
	117 10.8315
	118 10.6744
	119 10.6216
	120 10.6744
	121 10.8315
	122 11.0884
	123 11.4383
	124 11.8731
	7 12.3838
LINE 7 8 176.877 15
	125 12.5634
	126 12.2419
	127 11.9631
	128 11.73
	129 11.5455
	130 11.4119
	131 11.331
	132 11.3039
	133 11.331
	134 11.4119
	135 11.5455
	136 11.73
	137 11.9631
	138 12.2419
	8 12.5634
LINE 8 9 99.5083 9
	139 11.307
	140 11.1205
	141 10.9853
	142 10.9034
	143 10.876
	144 10.9034
	145 10.9853
	146 11.1205
	9 11.307
LINE 9 10 174.314 16
	147 11.0608
	148 10.9948
	149 10.9379
	150 10.8902
	151 10.852
	152 10.8232
	153 10.8039
	154 10.7943
	155 10.7943
	156 10.8039
	157 10.8232
	158 10.852
	159 10.8902
	160 10.9379
	161 10.9948
	10 11.0608
LINE 9 14 191.724 16
	162 13.2266
	163 12.751
	164 12.3287
	165 11.9655
	166 11.6667
	167 11.4375
	168 11.2821
	169 11.2036
	170 11.2036
	171 11.2821
	172 11.4375
	173 11.6667
	174 11.9655
	175 12.3287
	176 12.751
	14 13.2266
LINE 9 15 270.862 25
	177 10.9434
	178 10.9163
	179 10.8915
	180 10.869
	181 10.8489
	182 10.8311
	183 10.8156
	184 10.8025
	185 10.7918
	186 10.7834
	187 10.7775
	188 10.7739
	189 10.7727
	190 10.7739
	191 10.7775
	192 10.7834
	193 10.7918
	194 10.8025
	195 10.8156
	196 10.8311
	197 10.8489
	198 10.869
	199 10.8915
	200 10.9163
	15 10.9434
LINE 10 11 162.683 15
	201 11.1133
	202 10.9997
	203 10.9027
	204 10.8227
	205 10.7601
	206 10.7151
	207 10.688
	208 10.679
	209 10.688
	210 10.7151
	211 10.7601
	212 10.8227
	213 10.9027
	214 10.9997
	11 11.1133
LINE 12 17 162.893 14
	215 12.5938
	216 12.1663
	217 11.7982
	218 11.4953
	219 11.2627
	220 11.105
	221 11.0253
	222 11.0253
	223 11.105
	224 11.2627
	225 11.4953
	226 11.7982
	227 12.1663
	17 12.5938
LINE 13 20 202.197 17
	228 12.8954
	229 12.5336
	230 12.2115
	231 11.9321
	232 11.6985
	233 11.5136
	234 11.3796
	235 11.2985
	236 11.2713
	237 11.2985
	238 11.3796
	239 11.5136
	240 11.6985
	241 11.9321
	242 12.2115
	243 12.5336
	20 12.8954
LINE 15 22 161.465 15
	244 10.8851
	245 10.8336
	246 10.7898
	247 10.7538
	248 10.7258
	249 10.7057
	250 10.6936
	251 10.6896
	252 10.6936
	253 10.7057
	254 10.7258
	255 10.7538
	256 10.7898
	257 10.8336
	22 10.8851
LINE 16 17 270.736 23
	258 13.348
	259 12.9442
	260 12.5677
	261 12.221
	262 11.9067
	263 11.6275
	264 11.3858
	265 11.1842
	266 11.0249
	267 10.9097
	268 10.8399
	269 10.8166
	270 10.8399
	271 10.9097
	272 11.0249
	273 11.1842
	274 11.3858
	275 11.6275
	276 11.9067
	277 12.221
	278 12.5677
	279 12.9442
	17 13.348
LINE 18 25 242.27 20
	280 13.7751
	281 13.2823
	282 12.8283
	283 12.4174
	284 12.0542
	285 11.7428
	286 11.4877
	287 11.2926
	288 11.1606
	289 11.094
	290 11.094
	291 11.1606
	292 11.2926
	293 11.4877
	294 11.7428
	295 12.0542
	296 12.4174
	297 12.8283
	298 13.2823
	25 13.7751
LINE 19 26 180.433 16
	299 11.3163
	300 11.3007
	301 11.2872
	302 11.2759
	303 11.2669
	304 11.2602
	305 11.2557
	306 11.2534
	307 11.2534
	308 11.2557
	309 11.2602
	310 11.2669
	311 11.2759
	312 11.2872
	313 11.3007
	26 11.3163
LINE 21 22 149.832 13
	314 12.2929
	315 11.9194
	316 11.6049
	317 11.3543
	318 11.1718
	319 11.0609
	320 11.0236
	321 11.0609
	322 11.1718
	323 11.3543
	324 11.6049
	325 11.9194
	22 12.2929
LINE 21 27 219.466 19
	326 12.7355
	327 12.3587
	328 12.0163
	329 11.7116
	330 11.4474
	331 11.2265
	332 11.0518
	333 10.9252
	334 10.8486
	335 10.8229
	336 10.8486
	337 10.9252
	338 11.0518
	339 11.2265
	340 11.4474
	341 11.7116
	342 12.0163
	343 12.3587
	27 12.7355
LINE 23 28 163.818 15
	344 11.4143
	345 11.207
	346 11.0286
	347 10.8805
	348 10.7638
	349 10.6798
	350 10.629
	351 10.612
	352 10.629
	353 10.6798
	354 10.7638
	355 10.8805
	356 11.0286
	357 11.207
	28 11.4143
LINE 24 30 156.911 14
	358 11.4655
	359 11.3478
	360 11.2487
	361 11.1689
	362 11.1086
	363 11.0682
	364 11.048
	365 11.048
	366 11.0682
	367 11.1086
	368 11.1689
	369 11.2487
	370 11.3478
	30 11.4655
LINE 25 31 207.539 17
	371 13.7963
	372 13.2338
	373 12.7263
	374 12.2804
	375 11.9033
	376 11.6014
	377 11.3809
	378 11.2465
	379 11.2014
	380 11.2465
	381 11.3809
	382 11.6014
	383 11.9033
	384 12.2804
	385 12.7263
	386 13.2338
	31 13.7963
LINE 25 32 72.577 6
	387 12.6455
	388 11.9918
	389 11.6512
	390 11.6512
	391 11.9918
	32 12.6455
LINE 26 33 149.24 14
	392 10.6793
	393 10.6704
	394 10.663
	395 10.657
	396 10.6525
	397 10.6495
	398 10.648
	399 10.648
	400 10.6495
	401 10.6525
	402 10.657
	403 10.663
	404 10.6704
	33 10.6793
LINE 28 29 173.084 16
	405 11.1145
	406 10.9972
	407 10.8957
	408 10.8104
	409 10.7416
	410 10.6898
	411 10.6551
	412 10.6377
	413 10.6377
	414 10.6551
	415 10.6898
	416 10.7416
	417 10.8104
	418 10.8957
	419 10.9972
	29 11.1145
LINE 29 35 298.517 27
	420 11.0562
	421 11.0562
	422 11.0562
	423 11.0562
	424 11.0562
	425 11.0562
	426 11.0562
	427 11.0562
	428 11.0562
	429 11.0562
	430 11.0562
	431 11.0562
	432 11.0562
	433 11.0562
	434 11.0562
	435 11.0562
	436 11.0562
	437 11.0562
	438 11.0562
	439 11.0562
	440 11.0562
	441 11.0562
	442 11.0562
	443 11.0562
	444 11.0562
	445 11.0562
	35 11.0562
LINE 31 36 239.978 22
	446 11.1935
	447 11.113
	448 11.04
	449 10.9747
	450 10.9173
	451 10.8679
	452 10.8265
	453 10.7933
	454 10.7683
	455 10.7516
	456 10.7432
	457 10.7432
	458 10.7516
	459 10.7683
	460 10.7933
	461 10.8265
	462 10.8679
	463 10.9173
	464 10.9747
	465 11.04
	466 11.113
	36 11.1935
LINE 33 34 153.319 14
	467 11.218
	468 11.0962
	469 10.9936
	470 10.9109
	471 10.8484
	472 10.8066
	473 10.7856
	474 10.7856
	475 10.8066
	476 10.8484
	477 10.9109
	478 10.9936
	479 11.0962
	34 11.218
LINE 35 41 104.125 9
	480 12.9066
	481 11.9406
	482 11.1997
	483 10.7306
	484 10.5697
	485 10.7306
	486 11.1997
	487 11.9406
	41 12.9066
LINE 37 38 183.98 16
	488 11.9595
	489 11.7784
	490 11.621
	491 11.4881
	492 11.3807
	493 11.2994
	494 11.245
	495 11.2176
	496 11.2176
	497 11.245
	498 11.2994
	499 11.3807
	500 11.4881
	501 11.621
	502 11.7784
	38 11.9595
LINE 39 40 143.124 12
	503 13.2569
	504 12.5622
	505 11.9775
	506 11.5195
	507 11.2037
	508 11.0425
	509 11.0425
	510 11.2037
	511 11.5195
	512 11.9775
	513 12.5622
	40 13.2569
COORDENADAS :
1	173.173	613.698
2	249.476	648.173
3	316.335	655.486
4	454.494	589.398
5	651.605	599.447
6	73.4256	529.735
7	160.445	499.712
8	273.364	494.495
9	322.107	537.881
10	436.397	551.737
11	534.438	509.404
12	624.231	537.178
13	172.836	435.422
14	256.429	438.167
15	432.103	395.975
16	514.526	390.132
17	670.849	445.546
18	29.153	293.954
19	153.137	286.86
20	222.377	317.678
21	367.068	333.892
22	452.454	291.034
23	544.983	299.998
24	663.148	306.187
25	144.981	202.132
26	254.863	223.142
27	358.42	197.075
28	449.702	253.275
29	563.116	250.598
30	627.709	209.378
31	26.897	155.524
32	146.433	155.723
33	221.238	129.624
34	321.02	116.503
35	679.619	89.2523
36	77.0359	6.16321
37	130.324	39.6966
38	243.163	0
39	458.377	28.1521
40	546.025	18.5067
41	656.26	30.2927
42	376.159	690.142
43	0	633.808
44	407.114	246.348
45	22.7729	374.398
46	413.373	101.037
47	168.557	607
48	164.449	600.246
49	160.851	593.435
50	157.763	586.567
51	155.184	579.642
52	153.115	572.66
53	151.555	565.621
54	150.505	558.525
55	149.964	551.373
56	149.933	544.163
57	150.411	536.897
58	151.399	529.574
59	152.896	522.193
60	154.903	514.756
61	157.42	507.262
62	243.65	643.257
63	238.008	638.23
64	232.55	633.092
65	227.276	627.844
66	222.186	622.486
67	217.28	617.018
68	212.558	611.439
69	208.021	605.749
70	203.667	599.95
71	199.497	594.04
72	195.511	588.019
73	191.71	581.889
74	188.092	575.648
75	184.659	569.296
76	181.409	562.834
77	178.344	556.262
78	175.462	549.58
79	172.765	542.787
80	170.252	535.883
81	167.922	528.87
82	165.777	521.746
83	163.816	514.511
84	162.039	507.167
85	322.314	651.084
86	328.352	646.807
87	334.451	642.656
88	340.61	638.63
89	346.828	634.73
90	353.107	630.955
91	359.446	627.306
92	365.845	623.782
93	372.303	620.384
94	378.822	617.111
95	385.401	613.964
96	392.04	610.943
97	398.739	608.047
98	405.499	605.276
99	412.318	602.631
100	419.197	600.112
101	426.136	597.718
102	433.136	595.45
103	440.195	593.307
104	447.314	591.289
105	646.063	593.627
106	641.146	587.533
107	636.854	581.164
108	633.188	574.52
109	630.146	567.601
110	627.73	560.408
111	625.938	552.939
112	624.772	545.196
113	81.5038	531.438
114	89.3513	532.473
115	96.9681	532.838
116	104.354	532.535
117	111.509	531.563
118	118.434	529.922
119	125.128	527.613
120	131.591	524.634
121	137.823	520.987
122	143.825	516.672
123	149.596	511.687
124	155.136	506.034
125	167.805	495.712
126	175.188	492.235
127	182.595	489.279
128	190.027	486.845
129	197.482	484.932
130	204.962	483.541
131	212.466	482.672
132	219.994	482.324
133	227.546	482.498
134	235.122	483.193
135	242.722	484.41
136	250.346	486.149
137	257.995	488.409
138	265.667	491.191
139	277.409	500.855
140	281.797	506.831
141	286.528	512.421
142	291.601	517.627
143	297.017	522.448
144	302.776	526.883
145	308.877	530.934
146	315.321	534.6
147	329.445	537.146
148	336.756	536.625
149	344.041	536.317
150	351.301	536.223
151	358.535	536.342
152	365.742	536.674
153	372.924	537.22
154	380.08	537.979
155	387.21	538.952
156	394.315	540.138
157	401.393	541.538
158	408.446	543.151
159	415.472	544.977
160	422.473	547.017
161	429.448	549.27
162	321.925	529.065
163	321.22	520.594
164	319.992	512.467
165	318.241	504.684
166	315.966	497.246
167	313.169	490.153
168	309.849	483.404
169	306.005	477
170	301.639	470.94
171	296.749	465.225
172	291.337	459.854
173	285.401	454.827
174	278.943	450.146
175	271.961	445.808
176	264.457	441.815
177	327.522	532.991
178	332.852	528.036
179	338.097	523.015
180	343.258	517.928
181	348.334	512.776
182	353.326	507.559
183	358.233	502.276
184	363.055	496.927
185	367.793	491.513
186	372.447	486.034
187	377.016	480.488
188	381.5	474.878
189	385.9	469.202
190	390.215	463.46
191	394.446	457.653
192	398.592	451.78
193	402.654	445.841
194	406.631	439.837
195	410.523	433.768
196	414.331	427.633
197	418.055	421.433
198	421.694	415.167
199	425.248	408.835
200	428.718	402.438
201	443.746	550.798
202	450.979	549.589
203	458.096	548.112
204	465.097	546.366
205	471.981	544.351
206	478.749	542.066
207	485.402	539.513
208	491.938	536.691
209	498.358	533.6
210	504.661	530.24
211	510.849	526.61
212	516.921	522.712
213	522.876	518.545
214	528.715	514.109
215	623.933	528.787
216	624.194	520.681
217	625.013	512.858
218	626.389	505.319
219	628.324	498.064
220	630.817	491.093
221	633.868	484.406
222	637.476	478.003
223	641.643	471.883
224	646.368	466.048
225	651.652	460.497
226	657.493	455.229
227	663.892	450.246
228	179.6	430.116
229	185.882	424.607
230	191.684	418.895
231	197.004	412.982
232	201.843	406.865
233	206.201	400.547
234	210.077	394.025
235	213.473	387.302
236	216.387	380.376
237	218.82	373.247
238	220.772	365.916
239	222.242	358.382
240	223.231	350.647
241	223.74	342.708
242	223.766	334.567
243	223.312	326.224
244	434.804	389.24
245	437.313	382.467
246	439.629	375.657
247	441.754	368.81
248	443.687	361.926
249	445.428	355.004
250	446.976	348.045
251	448.333	341.049
252	449.498	334.016
253	450.47	326.945
254	451.251	319.837
255	451.84	312.692
256	452.236	305.51
257	452.441	298.291
258	523.064	387.627
259	531.445	385.569
260	539.667	383.957
261	547.731	382.792
262	555.636	382.074
263	563.383	381.803
264	570.971	381.978
265	578.401	382.6
266	585.673	383.669
267	592.787	385.185
268	599.742	387.148
269	606.538	389.557
270	613.177	392.413
271	619.656	395.716
272	625.978	399.465
273	632.141	403.662
274	638.146	408.305
275	643.993	413.395
276	649.681	418.931
277	655.21	424.915
278	660.582	431.345
279	665.795	438.222
280	38.3308	293.635
281	47.1522	292.866
282	55.6171	291.647
283	63.7256	289.979
284	71.4776	287.861
285	78.8731	285.294
286	85.9121	282.276
287	92.5947	278.809
288	98.9208	274.893
289	104.89	270.526
290	110.504	265.71
291	115.76	260.445
292	120.66	254.73
293	125.204	248.565
294	129.391	241.95
295	133.222	234.886
296	136.697	227.372
297	139.814	219.408
298	142.576	210.995
299	159.918	283.552
300	166.642	280.155
301	173.31	276.667
302	179.921	273.09
303	186.476	269.422
304	192.975	265.665
305	199.417	261.817
306	205.803	257.88
307	212.133	253.853
308	218.406	249.735
309	224.623	245.528
310	230.784	241.231
311	236.888	236.844
312	242.936	232.367
313	248.928	227.8
314	372.009	327.354
315	377.221	321.356
316	382.705	315.899
317	388.46	310.981
318	394.485	306.604
319	400.782	302.767
320	407.35	299.47
321	414.19	296.713
322	421.3	294.497
323	428.682	292.821
324	436.335	291.685
325	444.258	291.089
326	362.147	326.974
327	357.722	320.024
328	353.793	313.042
329	350.36	306.03
330	347.424	298.986
331	344.984	291.91
332	343.04	284.803
333	341.592	277.665
334	340.641	270.496
335	340.186	263.295
336	340.227	256.063
337	340.764	248.799
338	341.798	241.504
339	343.328	234.178
340	345.354	226.82
341	347.876	219.431
342	350.894	212.01
343	354.409	204.559
344	537.397	299.399
345	529.987	298.441
346	522.754	297.123
347	515.697	295.446
348	508.816	293.41
349	502.111	291.014
350	495.583	288.258
351	489.231	285.144
352	483.055	281.669
353	477.056	277.836
354	471.232	273.642
355	465.585	269.09
356	460.115	264.178
357	454.82	258.906
358	662.541	298.567
359	661.639	291.056
360	660.44	283.653
361	658.945	276.359
362	657.154	269.173
363	655.067	262.096
364	652.684	255.126
365	650.004	248.266
366	647.029	241.514
367	643.757	234.87
368	640.189	228.334
369	636.325	221.907
370	632.165	215.589
371	140.006	194.396
372	134.785	187.284
373	129.317	180.797
374	123.603	174.934
375	117.643	169.695
376	111.436	165.081
377	104.982	161.09
378	98.2826	157.724
379	91.3365	154.983
380	84.144	152.866
381	76.7051	151.373
382	69.0198	150.504
383	61.0881	150.259
384	52.9099	150.639
385	44.4854	151.643
386	35.8144	153.272
387	148.566	194.502
388	150.813	186.83
389	151.724	179.116
390	151.298	171.36
391	149.534	163.563
392	252.976	216.278
393	251.009	209.441
394	248.963	202.633
395	246.838	195.854
396	244.634	189.103
397	242.351	182.38
398	239.989	175.686
399	237.547	169.021
400	235.027	162.383
401	232.427	155.775
402	229.749	149.194
403	226.991	142.642
404	224.154	136.119
405	456.74	250.956
406	463.784	248.925
407	470.835	247.18
408	477.893	245.722
409	484.958	244.551
410	492.029	243.666
411	499.107	243.069
412	506.192	242.758
413	513.284	242.734
414	520.383	242.997
415	527.488	243.547
416	534.6	244.383
417	541.719	245.507
418	548.844	246.917
419	555.977	248.614
420	567.442	244.63
421	571.767	238.662
422	576.091	232.693
423	580.415	226.723
424	584.737	220.753
425	589.059	214.782
426	593.38	208.811
427	597.7	202.839
428	602.019	196.866
429	606.338	190.893
430	610.655	184.919
431	614.972	178.944
432	619.288	172.969
433	623.602	166.993
434	627.917	161.017
435	632.23	155.04
436	636.542	149.062
437	640.854	143.084
438	645.164	137.105
439	649.474	131.126
440	653.783	125.146
441	658.091	119.165
442	662.398	113.184
443	666.705	107.202
444	671.01	101.219
445	675.315	95.2361
446	27.1876	148.068
447	27.6676	140.675
448	28.337	133.345
449	29.1957	126.079
450	30.2438	118.877
451	31.4813	111.738
452	32.9081	104.663
453	34.5244	97.6513
454	36.33	90.7032
455	38.325	83.8187
456	40.5093	76.9978
457	42.883	70.2404
458	45.4461	63.5466
459	48.1986	56.9164
460	51.1405	50.3498
461	54.2717	43.8467
462	57.5923	37.4072
463	61.1023	31.0313
464	64.8016	24.7189
465	68.6903	18.4701
466	72.7684	12.2849
467	228.096	126.642
468	234.996	123.974
469	241.937	121.621
470	248.92	119.583
471	255.944	117.859
472	263.009	116.45
473	270.115	115.356
474	277.263	114.576
475	284.453	114.11
476	291.684	113.96
477	298.956	114.124
478	306.269	114.602
479	313.624	115.395
480	672.433	84.52
481	666.394	79.333
482	661.503	73.6913
483	657.76	67.5949
484	655.165	61.0438
485	653.717	54.0381
486	653.417	46.5776
487	654.265	38.6625
488	138.296	39.8293
489	146.145	39.6134
490	153.872	39.049
491	161.476	38.1362
492	168.957	36.8749
493	176.316	35.265
494	183.553	33.3067
495	190.666	30.9999
496	197.657	28.3447
497	204.526	25.3409
498	211.272	21.9886
499	217.895	18.2879
500	224.396	14.2386
501	230.774	9.84091
502	237.03	5.0947
503	466.219	32.2296
504	473.962	35.4195
505	481.608	37.722
506	489.156	39.1369
507	496.607	39.6644
508	503.959	39.3044
509	511.215	38.0568
510	518.372	35.9218
511	525.432	32.8993
512	532.394	28.9893
513	539.259	24.1917
