NOMBRE : MTLARP8_9_4_1.dat
VERTICES ORIGINALES : 64
VERTICES TOTALES : 854
DEPOTS : 4
61
62
63
64
LINEAS ORIGINALES : 53
LINE 1 7 144.66 12
	65 13.3836
	66 12.6892
	67 12.105
	68 11.6477
	69 11.3326
	70 11.1717
	71 11.1717
	72 11.3326
	73 11.6477
	74 12.105
	75 12.6892
	7 13.3836
LINE 2 7 193.715 17
	76 12.3723
	77 12.0195
	78 11.7052
	79 11.4325
	80 11.2044
	81 11.0238
	82 10.8929
	83 10.8136
	84 10.7871
	85 10.8136
	86 10.8929
	87 11.0238
	88 11.2044
	89 11.4325
	90 11.7052
	91 12.0195
	7 12.3723
LINE 2 8 209.839 18
	92 12.772
	93 12.3953
	94 12.0561
	95 11.7575
	96 11.5027
	97 11.2948
	98 11.1363
	99 11.0294
	100 10.9755
	101 10.9755
	102 11.0294
	103 11.1363
	104 11.2948
	105 11.5027
	106 11.7575
	107 12.0561
	108 12.3953
	8 12.772
LINE 3 8 254.176 22
	109 11.9565
	110 11.8433
	111 11.7404
	112 11.6483
	113 11.567
	114 11.4969
	115 11.4381
	116 11.3909
	117 11.3554
	118 11.3316
	119 11.3197
	120 11.3197
	121 11.3316
	122 11.3554
	123 11.3909
	124 11.4381
	125 11.4969
	126 11.567
	127 11.6483
	128 11.7404
	129 11.8433
	8 11.9565
LINE 3 9 154.937 13
	130 13.6372
	131 12.8258
	132 12.1217
	133 11.5444
	134 11.1137
	135 10.8471
	136 10.7567
	137 10.8471
	138 11.1137
	139 11.5444
	140 12.1217
	141 12.8258
	9 13.6372
LINE 4 5 173.525 15
	142 11.9623
	143 11.7959
	144 11.6533
	145 11.5352
	146 11.4426
	147 11.376
	148 11.3358
	149 11.3224
	150 11.3358
	151 11.376
	152 11.4426
	153 11.5352
	154 11.6533
	155 11.7959
	5 11.9623
LINE 6 12 160.005 14
	156 12.0089
	157 11.7468
	158 11.5239
	159 11.3424
	160 11.2044
	161 11.1114
	162 11.0646
	163 11.0646
	164 11.1114
	165 11.2044
	166 11.3424
	167 11.5239
	168 11.7468
	12 12.0089
LINE 9 13 260.692 22
	169 12.9263
	170 12.6316
	171 12.3604
	172 12.1142
	173 11.8947
	174 11.7032
	175 11.5412
	176 11.4099
	177 11.3105
	178 11.2437
	179 11.2102
	180 11.2102
	181 11.2437
	182 11.3105
	183 11.4099
	184 11.5412
	185 11.7032
	186 11.8947
	187 12.1142
	188 12.3604
	189 12.6316
	13 12.9263
LINE 9 14 149.246 13
	190 11.6725
	191 11.5772
	192 11.4985
	193 11.437
	194 11.3929
	195 11.3663
	196 11.3574
	197 11.3663
	198 11.3929
	199 11.437
	200 11.4985
	201 11.5772
	14 11.6725
LINE 10 17 136.008 12
	202 11.4666
	203 11.3946
	204 11.3366
	205 11.293
	206 11.2638
	207 11.2492
	208 11.2492
	209 11.2638
	210 11.293
	211 11.3366
	212 11.3946
	17 11.4666
LINE 11 12 211.428 18
	213 12.4674
	214 12.2198
	215 11.999
	216 11.8064
	217 11.6435
	218 11.5115
	219 11.4115
	220 11.3444
	221 11.3106
	222 11.3106
	223 11.3444
	224 11.4115
	225 11.5115
	226 11.6435
	227 11.8064
	228 11.999
	229 12.2198
	12 12.4674
LINE 11 19 238.206 21
	230 11.3498
	231 11.3478
	232 11.346
	233 11.3444
	234 11.3431
	235 11.3419
	236 11.341
	237 11.3402
	238 11.3397
	239 11.3394
	240 11.3393
	241 11.3394
	242 11.3397
	243 11.3402
	244 11.341
	245 11.3419
	246 11.3431
	247 11.3444
	248 11.346
	249 11.3478
	19 11.3498
LINE 12 19 140.277 12
	250 12.3186
	251 11.9827
	252 11.7071
	253 11.4961
	254 11.3532
	255 11.2811
	256 11.2811
	257 11.3532
	258 11.4961
	259 11.7071
	260 11.9827
	19 12.3186
LINE 13 14 132.085 11
	261 13.0366
	262 12.4386
	263 11.9529
	264 11.5934
	265 11.3723
	266 11.2977
	267 11.3723
	268 11.5934
	269 11.9529
	270 12.4386
	14 13.0366
LINE 14 21 203.404 18
	271 11.3782
	272 11.3508
	273 11.3267
	274 11.3061
	275 11.2888
	276 11.275
	277 11.2646
	278 11.2577
	279 11.2543
	280 11.2543
	281 11.2577
	282 11.2646
	283 11.275
	284 11.2888
	285 11.3061
	286 11.3267
	287 11.3508
	21 11.3782
LINE 15 23 220.962 19
	288 12.671
	289 12.3378
	290 12.0361
	291 11.7685
	292 11.5371
	293 11.3443
	294 11.192
	295 11.082
	296 11.0155
	297 10.9932
	298 11.0155
	299 11.082
	300 11.192
	301 11.3443
	302 11.5371
	303 11.7685
	304 12.0361
	305 12.3378
	23 12.671
LINE 15 24 236.227 20
	306 13.3601
	307 12.8995
	308 12.4758
	309 12.0929
	310 11.7548
	311 11.4654
	312 11.2285
	313 11.0476
	314 10.9252
	315 10.8636
	316 10.8636
	317 10.9252
	318 11.0476
	319 11.2285
	320 11.4654
	321 11.7548
	322 12.0929
	323 12.4758
	324 12.8995
	24 13.3601
LINE 16 25 268.616 24
	325 11.2375
	326 11.2258
	327 11.2151
	328 11.2054
	329 11.1968
	330 11.1893
	331 11.1829
	332 11.1775
	333 11.1732
	334 11.17
	335 11.1679
	336 11.1668
	337 11.1668
	338 11.1679
	339 11.17
	340 11.1732
	341 11.1775
	342 11.1829
	343 11.1893
	344 11.1968
	345 11.2054
	346 11.2151
	347 11.2258
	25 11.2375
LINE 18 25 281.722 25
	348 11.2894
	349 11.2843
	350 11.2796
	351 11.2754
	352 11.2716
	353 11.2682
	354 11.2653
	355 11.2628
	356 11.2608
	357 11.2592
	358 11.2581
	359 11.2575
	360 11.2572
	361 11.2575
	362 11.2581
	363 11.2592
	364 11.2608
	365 11.2628
	366 11.2653
	367 11.2682
	368 11.2716
	369 11.2754
	370 11.2796
	371 11.2843
	25 11.2894
LINE 20 28 185.159 16
	372 11.8776
	373 11.757
	374 11.6526
	375 11.5648
	376 11.4942
	377 11.4409
	378 11.4052
	379 11.3874
	380 11.3874
	381 11.4052
	382 11.4409
	383 11.4942
	384 11.5648
	385 11.6526
	386 11.757
	28 11.8776
LINE 21 22 112.297 10
	387 11.9475
	388 11.4795
	389 11.1156
	390 10.8663
	391 10.7394
	392 10.7394
	393 10.8663
	394 11.1156
	395 11.4795
	22 11.9475
LINE 22 29 219.067 19
	396 11.9672
	397 11.8239
	398 11.6961
	399 11.5842
	400 11.4886
	401 11.4099
	402 11.3482
	403 11.304
	404 11.2773
	405 11.2684
	406 11.2773
	407 11.304
	408 11.3482
	409 11.4099
	410 11.4886
	411 11.5842
	412 11.6961
	413 11.8239
	29 11.9672
LINE 25 33 97.7268 8
	414 13.2348
	415 12.3823
	416 11.7797
	417 11.4666
	418 11.4666
	419 11.7797
	420 12.3823
	33 13.2348
LINE 26 33 172.026 15
	421 11.9587
	422 11.7524
	423 11.575
	424 11.4277
	425 11.3119
	426 11.2284
	427 11.1781
	428 11.1612
	429 11.1781
	430 11.2284
	431 11.3119
	432 11.4277
	433 11.575
	434 11.7524
	33 11.9587
LINE 27 28 230.172 21
	435 11.1153
	436 11.0692
	437 11.0278
	438 10.9911
	439 10.9592
	440 10.9322
	441 10.91
	442 10.8927
	443 10.8803
	444 10.8729
	445 10.8704
	446 10.8729
	447 10.8803
	448 10.8927
	449 10.91
	450 10.9322
	451 10.9592
	452 10.9911
	453 11.0278
	454 11.0692
	28 11.1153
LINE 29 30 139.256 12
	455 12.2101
	456 11.8865
	457 11.6212
	458 11.4181
	459 11.2808
	460 11.2114
	461 11.2114
	462 11.2808
	463 11.4181
	464 11.6212
	465 11.8865
	30 12.2101
LINE 30 38 141.854 12
	466 12.4378
	467 12.1082
	468 11.838
	469 11.6311
	470 11.4912
	471 11.4206
	472 11.4206
	473 11.4912
	474 11.6311
	475 11.838
	476 12.1082
	38 12.4378
LINE 31 38 179.528 16
	477 11.2358
	478 11.2297
	479 11.2245
	480 11.2201
	481 11.2166
	482 11.214
	483 11.2122
	484 11.2113
	485 11.2113
	486 11.2122
	487 11.214
	488 11.2166
	489 11.2201
	490 11.2245
	491 11.2297
	38 11.2358
LINE 32 40 187.228 15
	492 14.3272
	493 13.584
	494 12.9219
	495 12.3538
	496 11.8932
	497 11.553
	498 11.3439
	499 11.2734
	500 11.3439
	501 11.553
	502 11.8932
	503 12.3538
	504 12.9219
	505 13.584
	40 14.3272
LINE 33 41 225.874 20
	506 11.3
	507 11.298
	508 11.2963
	509 11.2947
	510 11.2934
	511 11.2922
	512 11.2913
	513 11.2907
	514 11.2902
	515 11.29
	516 11.29
	517 11.2902
	518 11.2907
	519 11.2913
	520 11.2922
	521 11.2934
	522 11.2947
	523 11.2963
	524 11.298
	41 11.3
LINE 34 35 148.348 13
	525 12.4841
	526 11.9677
	527 11.5279
	528 11.174
	529 10.9141
	530 10.7552
	531 10.7017
	532 10.7552
	533 10.9141
	534 11.174
	535 11.5279
	536 11.9677
	35 12.4841
LINE 36 44 109.189 9
	537 13.1486
	538 12.4066
	539 11.8483
	540 11.5002
	541 11.3819
	542 11.5002
	543 11.8483
	544 12.4066
	44 13.1486
LINE 37 45 190.826 16
	545 12.9252
	546 12.5401
	547 12.2003
	548 11.9098
	549 11.6722
	550 11.4907
	551 11.3681
	552 11.3063
	553 11.3063
	554 11.3681
	555 11.4907
	556 11.6722
	557 11.9098
	558 12.2003
	559 12.5401
	45 12.9252
LINE 38 47 177.459 15
	560 13.3164
	561 12.7126
	562 12.1783
	563 11.7231
	564 11.3564
	565 11.087
	566 10.9222
	567 10.8667
	568 10.9222
	569 11.087
	570 11.3564
	571 11.7231
	572 12.1783
	573 12.7126
	47 13.3164
LINE 39 40 169.832 14
	574 13.8206
	575 13.0842
	576 12.4373
	577 11.8944
	578 11.4705
	579 11.1789
	580 11.0302
	581 11.0302
	582 11.1789
	583 11.4705
	584 11.8944
	585 12.4373
	586 13.0842
	40 13.8206
LINE 39 47 199.76 18
	587 11.3652
	588 11.2718
	589 11.1895
	590 11.1185
	591 11.0589
	592 11.0111
	593 10.975
	594 10.9509
	595 10.9389
	596 10.9389
	597 10.9509
	598 10.975
	599 11.0111
	600 11.0589
	601 11.1185
	602 11.1895
	603 11.2718
	47 11.3652
LINE 39 48 105.023 9
	604 11.7574
	605 11.6914
	606 11.6441
	607 11.6155
	608 11.606
	609 11.6155
	610 11.6441
	611 11.6914
	48 11.7574
LINE 40 49 171.784 14
	612 13.6495
	613 13.0419
	614 12.513
	615 12.0732
	616 11.7326
	617 11.4999
	618 11.3817
	619 11.3817
	620 11.4999
	621 11.7326
	622 12.0732
	623 12.513
	624 13.0419
	49 13.6495
LINE 41 42 169.792 15
	625 11.3301
	626 11.3255
	627 11.3217
	628 11.3185
	629 11.3161
	630 11.3143
	631 11.3133
	632 11.3129
	633 11.3133
	634 11.3143
	635 11.3161
	636 11.3185
	637 11.3217
	638 11.3255
	42 11.3301
LINE 41 51 247.193 22
	639 11.5832
	640 11.4855
	641 11.3968
	642 11.3174
	643 11.2475
	644 11.1872
	645 11.1367
	646 11.0961
	647 11.0656
	648 11.0452
	649 11.035
	650 11.035
	651 11.0452
	652 11.0656
	653 11.0961
	654 11.1367
	655 11.1872
	656 11.2475
	657 11.3174
	658 11.3968
	659 11.4855
	51 11.5832
LINE 42 43 150.336 13
	660 11.9907
	661 11.7807
	662 11.606
	663 11.4683
	664 11.3689
	665 11.3088
	666 11.2888
	667 11.3088
	668 11.3689
	669 11.4683
	670 11.606
	671 11.7807
	43 11.9907
LINE 45 46 177.853 16
	672 11.123
	673 11.1201
	674 11.1176
	675 11.1156
	676 11.114
	677 11.1127
	678 11.1119
	679 11.1115
	680 11.1115
	681 11.1119
	682 11.1127
	683 11.114
	684 11.1156
	685 11.1176
	686 11.1201
	46 11.123
LINE 46 47 194.614 17
	687 11.5569
	688 11.5162
	689 11.4808
	690 11.4508
	691 11.4262
	692 11.407
	693 11.3932
	694 11.385
	695 11.3823
	696 11.385
	697 11.3932
	698 11.407
	699 11.4262
	700 11.4508
	701 11.4808
	702 11.5162
	47 11.5569
LINE 47 48 108.85 10
	703 10.938
	704 10.9027
	705 10.8761
	706 10.8584
	707 10.8496
	708 10.8496
	709 10.8584
	710 10.8761
	711 10.9027
	48 10.938
LINE 48 49 168.497 15
	712 11.5062
	713 11.3904
	714 11.2915
	715 11.2099
	716 11.146
	717 11.1002
	718 11.0726
	719 11.0634
	720 11.0726
	721 11.1002
	722 11.146
	723 11.2099
	724 11.2915
	725 11.3904
	49 11.5062
LINE 49 55 199.071 18
	726 11.1025
	727 11.0874
	728 11.0741
	729 11.0627
	730 11.0532
	731 11.0456
	732 11.0399
	733 11.0361
	734 11.0342
	735 11.0342
	736 11.0361
	737 11.0399
	738 11.0456
	739 11.0532
	740 11.0627
	741 11.0741
	742 11.0874
	55 11.1025
LINE 50 58 224.611 18
	743 14.5056
	744 13.8397
	745 13.2296
	746 12.6833
	747 12.2094
	748 11.8166
	749 11.5132
	750 11.3065
	751 11.2016
	752 11.2016
	753 11.3065
	754 11.5132
	755 11.8166
	756 12.2094
	757 12.6833
	758 13.2296
	759 13.8397
	58 14.5056
LINE 51 58 151.725 14
	760 10.9351
	761 10.8902
	762 10.8527
	763 10.8226
	764 10.7999
	765 10.7848
	766 10.7772
	767 10.7772
	768 10.7848
	769 10.7999
	770 10.8226
	771 10.8527
	772 10.8902
	58 10.9351
LINE 52 60 238.382 21
	773 11.4058
	774 11.3896
	775 11.375
	776 11.3621
	777 11.351
	778 11.3416
	779 11.3338
	780 11.3278
	781 11.3235
	782 11.3209
	783 11.3201
	784 11.3209
	785 11.3235
	786 11.3278
	787 11.3338
	788 11.3416
	789 11.351
	790 11.3621
	791 11.375
	792 11.3896
	60 11.4058
LINE 53 54 161.266 14
	793 12.171
	794 11.8771
	795 11.6266
	796 11.4222
	797 11.2664
	798 11.1614
	799 11.1085
	800 11.1085
	801 11.1614
	802 11.2664
	803 11.4222
	804 11.6266
	805 11.8771
	54 12.171
LINE 56 57 215.843 18
	806 13.6887
	807 13.1262
	808 12.6134
	809 12.1567
	810 11.7625
	811 11.4374
	812 11.1874
	813 11.0176
	814 10.9317
	815 10.9317
	816 11.0176
	817 11.1874
	818 11.4374
	819 11.7625
	820 12.1567
	821 12.6134
	822 13.1262
	57 13.6887
LINE 58 59 222.095 19
	823 12.9402
	824 12.543
	825 12.1819
	826 11.8599
	827 11.5806
	828 11.3469
	829 11.1617
	830 11.0276
	831 10.9463
	832 10.9191
	833 10.9463
	834 11.0276
	835 11.1617
	836 11.3469
	837 11.5806
	838 11.8599
	839 12.1819
	840 12.543
	59 12.9402
LINE 59 60 176.073 15
	841 12.6654
	842 12.2812
	843 11.9465
	844 11.6655
	845 11.4422
	846 11.28
	847 11.1815
	848 11.1485
	849 11.1815
	850 11.28
	851 11.4422
	852 11.6655
	853 11.9465
	854 12.2812
	60 12.6654
COORDENADAS :
1	65.3729	726.802
2	125.676	742.017
3	253.828	729.665
4	544.183	739.9
5	655.969	757.887
6	769.554	741.786
7	62.0018	637.654
8	137.798	610.951
9	263.192	636.911
10	474.894	615.052
11	624.764	640.382
12	760.434	638.975
13	136.129	532.664
14	217.165	549.904
15	354.382	541.478
16	459.917	554.369
17	521.976	538.374
18	672.28	561.861
19	754.568	548.99
20	814.563	544.796
21	179.895	420.103
22	251.382	419.46
23	323.713	405.651
24	472.371	457.637
25	563.64	408.893
26	634.422	403.606
27	716.9	442.92
28	868.938	436.208
29	142.916	326.68
30	232.45	330.641
31	346.623	308.737
32	434.151	349.712
33	533.51	355.92
34	678.673	359.186
35	762.29	319.056
36	877.618	306.958
37	16.1398	252.999
38	248.259	240.726
39	378.466	203.11
40	472.833	243.822
41	534.087	205.388
42	646.892	213.948
43	731.859	262.45
44	850.12	244.448
45	19.5558	132.529
46	138.077	132.828
47	267.073	133.7
48	338.304	146.223
49	448.789	140.491
50	539.201	98.464
51	661.09	105.095
52	855.153	158.479
53	145.943	50.3653
54	246.321	24.6593
55	366.514	36.7486
56	436.535	64.9519
57	555.698	10.4123
58	637.736	7.26554
59	763.568	64.6721
60	854.377	0
61	4.90489	681.9
62	542.4	586.242
63	668.966	457.161
64	563.604	147.264
65	70.0221	719.187
66	73.7748	711.605
67	76.6312	704.057
68	78.5913	696.544
69	79.6549	689.064
70	79.8222	681.618
71	79.0931	674.206
72	77.4676	666.828
73	74.9457	659.484
74	71.5274	652.173
75	67.2128	644.897
76	125.379	733.774
77	124.651	725.794
78	123.491	718.077
79	121.901	710.623
80	119.879	703.432
81	117.427	696.505
82	114.543	689.84
83	111.229	683.438
84	107.483	677.299
85	103.307	671.423
86	98.699	665.81
87	93.6604	660.46
88	88.1907	655.373
89	82.2901	650.549
90	75.9583	645.988
91	69.1956	641.689
92	130.693	735.137
93	135.199	728.21
94	139.194	721.236
95	142.678	714.214
96	145.651	707.145
97	148.112	700.029
98	150.063	692.866
99	151.503	685.655
100	152.432	678.398
101	152.85	671.093
102	152.757	663.74
103	152.153	656.341
104	151.038	648.894
105	149.412	641.4
106	147.275	633.858
107	144.627	626.27
108	141.468	618.634
109	246.717	726.065
110	239.78	722.294
111	233.018	718.351
112	226.431	714.238
113	220.02	709.954
114	213.783	705.499
115	207.721	700.873
116	201.835	696.075
117	196.123	691.107
118	190.586	685.967
119	185.225	680.657
120	180.038	675.175
121	175.026	669.522
122	170.19	663.699
123	165.528	657.704
124	161.042	651.538
125	156.73	645.201
126	152.594	638.693
127	148.632	632.014
128	144.846	625.164
129	141.234	618.143
130	248.989	721.968
131	245.076	714.366
132	242.089	706.857
133	240.029	699.441
134	238.896	692.119
135	238.69	684.891
136	239.41	677.756
137	241.057	670.714
138	243.631	663.767
139	247.131	656.912
140	251.558	650.152
141	256.911	643.485
142	551.227	743.639
143	558.329	747.016
144	565.489	750.03
145	572.708	752.681
146	579.985	754.969
147	587.32	756.894
148	594.714	758.456
149	602.167	759.656
150	609.678	760.492
151	617.247	760.965
152	624.874	761.075
153	632.56	760.823
154	640.305	760.207
155	648.108	759.229
156	772.011	734.167
157	773.99	726.589
158	775.491	719.055
159	776.514	711.563
160	777.058	704.113
161	777.124	696.706
162	776.712	689.341
163	775.821	682.018
164	774.452	674.738
165	772.605	667.501
166	770.28	660.306
167	767.476	653.153
168	764.194	646.042
169	260.141	628.852
170	256.83	621.109
171	253.26	613.682
172	249.431	606.571
173	245.342	599.777
174	240.993	593.299
175	236.385	587.137
176	231.518	581.292
177	226.391	575.763
178	221.005	570.55
179	215.359	565.653
180	209.454	561.073
181	203.289	556.809
182	196.865	552.861
183	190.181	549.229
184	183.238	545.914
185	176.035	542.915
186	168.573	540.232
187	160.851	537.866
188	152.87	535.816
189	144.629	534.082
190	261.239	629.378
191	259.021	621.986
192	256.539	614.733
193	253.792	607.62
194	250.781	600.647
195	247.505	593.815
196	243.964	587.122
197	240.159	580.569
198	236.09	574.156
199	231.755	567.883
200	227.157	561.75
201	222.293	555.757
202	477.55	607.884
203	480.437	600.858
204	483.553	593.972
205	486.901	587.229
206	490.478	580.627
207	494.287	574.166
208	498.325	567.847
209	502.595	561.669
210	507.094	555.633
211	511.824	549.739
212	516.785	543.986
213	632.338	643.806
214	639.907	646.818
215	647.472	649.418
216	655.033	651.606
217	662.589	653.382
218	670.141	654.746
219	677.689	655.698
220	685.233	656.238
221	692.772	656.366
222	700.307	656.081
223	707.838	655.385
224	715.364	654.277
225	722.887	652.756
226	730.405	650.824
227	737.918	648.48
228	745.428	645.723
229	752.933	642.555
230	631.132	636.296
231	637.482	632.184
232	643.813	628.044
233	650.125	623.879
234	656.419	619.686
235	662.693	615.467
236	668.949	611.221
237	675.187	606.949
238	681.405	602.65
239	687.605	598.325
240	693.786	593.973
241	699.949	589.594
242	706.092	585.189
243	712.217	580.757
244	718.323	576.299
245	724.411	571.814
246	730.48	567.302
247	736.53	562.764
248	742.561	558.199
249	748.574	553.608
250	756.639	631.691
251	753.446	624.369
252	750.854	617.007
253	748.862	609.606
254	747.472	602.166
255	746.682	594.687
256	746.494	587.169
257	746.907	579.611
258	747.92	572.015
259	749.535	564.379
260	751.751	556.704
261	144.398	529.99
262	152.487	528.163
263	160.396	527.186
264	168.124	527.056
265	175.671	527.775
266	183.038	529.342
267	190.224	531.758
268	197.23	535.022
269	204.056	539.134
270	210.701	544.095
271	216.17	542.384
272	215.048	534.9
273	213.799	527.453
274	212.424	520.042
275	210.923	512.668
276	209.295	505.329
277	207.541	498.027
278	205.66	490.762
279	203.652	483.532
280	201.519	476.339
281	199.258	469.183
282	196.872	462.062
283	194.358	454.978
284	191.719	447.93
285	188.953	440.919
286	186.06	433.944
287	183.041	427.005
288	356.865	533.404
289	358.893	525.433
290	360.466	517.565
291	361.584	509.799
292	362.246	502.136
293	362.453	494.576
294	362.205	487.119
295	361.501	479.764
296	360.342	472.513
297	358.728	465.364
298	356.659	458.318
299	354.134	451.375
300	351.154	444.534
301	347.719	437.797
302	343.828	431.162
303	339.482	424.63
304	334.681	418.201
305	329.425	411.874
306	357.274	533.054
307	360.483	525.076
308	364.008	517.543
309	367.85	510.455
310	372.009	503.813
311	376.484	497.616
312	381.275	491.865
313	386.383	486.559
314	391.808	481.699
315	397.549	477.284
316	403.607	473.315
317	409.981	469.791
318	416.672	466.713
319	423.68	464.08
320	431.004	461.892
321	438.644	460.15
322	446.601	458.854
323	454.875	458.003
324	463.465	457.597
325	464.923	548.795
326	469.869	543.179
327	474.756	537.52
328	479.583	531.819
329	484.351	526.076
330	489.06	520.29
331	493.709	514.462
332	498.298	508.591
333	502.828	502.678
334	507.299	496.723
335	511.71	490.725
336	516.061	484.685
337	520.353	478.602
338	524.586	472.477
339	528.759	466.309
340	532.873	460.099
341	536.927	453.847
342	540.921	447.552
343	544.857	441.215
344	548.732	434.836
345	552.549	428.414
346	556.305	421.949
347	560.003	415.443
348	667.471	556.071
349	662.701	550.254
350	657.969	544.409
351	653.276	538.537
352	648.622	532.638
353	644.006	526.711
354	639.429	520.757
355	634.89	514.775
356	630.39	508.766
357	625.929	502.73
358	621.506	496.666
359	617.122	490.575
360	612.776	484.456
361	608.469	478.31
362	604.201	472.136
363	599.971	465.935
364	595.78	459.707
365	591.628	453.451
366	587.514	447.168
367	583.438	440.858
368	579.401	434.52
369	575.403	428.154
370	571.444	421.761
371	567.523	415.341
372	815.944	536.999
373	817.594	529.336
374	819.512	521.809
375	821.7	514.416
376	824.157	507.158
377	826.883	500.034
378	829.878	493.045
379	833.142	486.191
380	836.675	479.472
381	840.477	472.887
382	844.548	466.437
383	848.888	460.122
384	853.497	453.941
385	858.375	447.896
386	863.522	441.984
387	187.076	423.55
388	194.249	426.217
389	201.415	428.104
390	208.574	429.21
391	215.727	429.536
392	222.872	429.081
393	230.01	427.846
394	237.141	425.831
395	244.265	423.036
396	247.42	412.535
397	243.263	405.838
398	238.912	399.367
399	234.367	393.123
400	229.629	387.106
401	224.696	381.315
402	219.569	375.752
403	214.249	370.415
404	208.734	365.305
405	203.025	360.422
406	197.122	355.766
407	191.026	351.336
408	184.735	347.133
409	178.25	343.158
410	171.571	339.408
411	164.699	335.886
412	157.632	332.591
413	150.371	329.522
414	556.005	404.473
415	549.474	399.423
416	544.05	393.744
417	539.731	387.437
418	536.517	380.501
419	534.409	372.936
420	533.407	364.742
421	626.472	403.015
422	618.696	402.055
423	611.095	400.724
424	603.668	399.024
425	596.417	396.954
426	589.34	394.515
427	582.438	391.705
428	575.71	388.526
429	569.157	384.977
430	562.779	381.059
431	556.576	376.771
432	550.547	372.112
433	544.694	367.085
434	539.014	361.687
435	724.072	441.055
436	731.251	439.345
437	738.436	437.789
438	745.628	436.388
439	752.827	435.141
440	760.033	434.049
441	767.245	433.111
442	774.465	432.328
443	781.691	431.699
444	788.924	431.225
445	796.164	430.906
446	803.411	430.741
447	810.664	430.73
448	817.925	430.874
449	825.192	431.172
450	832.466	431.625
451	839.747	432.233
452	847.034	432.995
453	854.329	433.911
454	861.63	434.982
455	150.52	323.776
456	158.099	321.459
457	165.651	319.731
458	173.177	318.591
459	180.677	318.039
460	188.152	318.075
461	195.6	318.699
462	203.022	319.911
463	210.418	321.712
464	217.788	324.1
465	225.132	327.076
466	230.52	322.577
467	229.179	314.617
468	228.43	306.76
469	228.271	299.008
470	228.702	291.359
471	229.724	283.815
472	231.337	276.374
473	233.54	269.037
474	236.334	261.803
475	239.719	254.674
476	243.693	247.648
477	340.193	304.894
478	333.801	300.997
479	327.447	297.045
480	321.13	293.038
481	314.851	288.978
482	308.61	284.863
483	302.405	280.694
484	296.239	276.47
485	290.11	272.192
486	284.019	267.86
487	277.965	263.474
488	271.949	259.033
489	265.97	254.538
490	260.029	249.988
491	254.125	245.384
492	431.193	340.63
493	429.026	331.837
494	427.65	323.333
495	427.065	315.118
496	427.271	307.192
497	428.268	299.554
498	430.056	292.206
499	432.634	285.147
500	436.004	278.376
501	440.165	271.895
502	445.117	265.702
503	450.859	259.799
504	457.393	254.184
505	464.717	248.859
506	533.857	348.394
507	534.17	340.869
508	534.45	333.343
509	534.696	325.817
510	534.909	318.291
511	535.089	310.765
512	535.235	303.239
513	535.347	295.713
514	535.426	288.187
515	535.472	280.66
516	535.484	273.133
517	535.463	265.607
518	535.408	258.08
519	535.319	250.553
520	535.198	243.026
521	535.042	235.498
522	534.854	227.971
523	534.632	220.443
524	534.376	212.916
525	683.251	352.235
526	688.138	345.929
527	693.334	340.266
528	698.839	335.247
529	704.653	330.872
530	710.776	327.141
531	717.208	324.054
532	723.949	321.611
533	730.999	319.812
534	738.358	318.657
535	746.026	318.146
536	754.004	318.279
537	870.546	301.78
538	864.477	296.159
539	859.413	290.097
540	855.354	283.594
541	852.298	276.648
542	850.247	269.261
543	849.2	261.432
544	849.158	253.161
545	12.1702	245.351
546	8.75841	237.719
547	5.90431	230.103
548	3.60796	222.502
549	1.86936	214.918
550	0.688495	207.349
551	0.0653757	199.796
552	0	192.258
553	0.492368	184.737
554	1.54248	177.231
555	3.15033	169.741
556	5.31593	162.267
557	8.03927	154.809
558	11.3204	147.367
559	15.1592	139.94
560	254.567	234.48
561	260.153	228.106
562	265.017	221.606
563	269.159	214.978
564	272.58	208.224
565	275.278	201.343
566	277.254	194.334
567	278.508	187.199
568	279.041	179.937
569	278.851	172.548
570	277.939	165.033
571	276.306	157.39
572	273.95	149.62
573	270.873	141.724
574	387.412	200.906
575	396.019	199.488
576	404.287	198.856
577	412.215	199.011
578	419.803	199.953
579	427.053	201.681
580	433.963	204.196
581	440.534	207.497
582	446.765	211.585
583	452.657	216.459
584	458.21	222.12
585	463.424	228.567
586	468.298	235.801
587	373.367	197.507
588	368.139	192.108
589	362.783	186.916
590	357.3	181.929
591	351.688	177.148
592	345.947	172.572
593	340.079	168.202
594	334.083	164.037
595	327.959	160.078
596	321.706	156.325
597	315.325	152.777
598	308.817	149.435
599	302.18	146.298
600	295.415	143.368
601	288.521	140.642
602	281.5	138.123
603	274.351	135.809
604	375.028	196.066
605	371.334	189.203
606	367.383	182.521
607	363.177	176.019
608	358.714	169.699
609	353.996	163.558
610	349.021	157.599
611	343.791	151.821
612	466.209	237.583
613	460.339	231.168
614	455.225	224.578
615	450.866	217.812
616	447.261	210.87
617	444.411	203.753
618	442.316	196.46
619	440.976	188.992
620	440.391	181.347
621	440.561	173.527
622	441.486	165.532
623	443.165	157.361
624	445.6	149.014
625	541.576	206.373
626	549.069	207.299
627	556.567	208.166
628	564.069	208.973
629	571.576	209.722
630	579.087	210.411
631	586.603	211.041
632	594.124	211.611
633	601.648	212.123
634	609.178	212.575
635	616.712	212.968
636	624.25	213.302
637	631.793	213.576
638	639.34	213.792
639	541.316	202.673
640	548.407	199.784
641	555.359	196.718
642	562.172	193.477
643	568.847	190.06
644	575.383	186.467
645	581.78	182.699
646	588.038	178.755
647	594.158	174.635
648	600.139	170.34
649	605.981	165.869
650	611.684	161.223
651	617.249	156.4
652	622.675	151.402
653	627.962	146.229
654	633.111	140.88
655	638.121	135.355
656	642.992	129.654
657	647.725	123.778
658	652.318	117.726
659	656.773	111.498
660	654.764	215.338
661	662.413	217.119
662	669.84	219.29
663	677.044	221.85
664	684.025	224.801
665	690.783	228.142
666	697.319	231.873
667	703.633	235.994
668	709.723	240.505
669	715.591	245.406
670	721.236	250.698
671	726.659	256.379
672	26.9625	132.885
673	34.3694	133.197
674	41.7764	133.463
675	49.1835	133.684
676	56.5907	133.86
677	63.998	133.991
678	71.4054	134.077
679	78.813	134.118
680	86.2206	134.115
681	93.6284	134.066
682	101.036	133.972
683	108.444	133.833
684	115.852	133.65
685	123.261	133.421
686	130.669	133.147
687	145.674	131.546
688	153.27	130.429
689	160.865	129.48
690	168.459	128.697
691	176.051	128.082
692	183.643	127.632
693	191.233	127.35
694	198.822	127.235
695	206.41	127.286
696	213.997	127.504
697	221.583	127.889
698	229.167	128.44
699	236.751	129.159
700	244.333	130.044
701	251.914	131.096
702	259.494	132.315
703	274.035	135.869
704	281.033	137.835
705	288.066	139.596
706	295.136	141.154
707	302.241	142.509
708	309.382	143.659
709	316.559	144.606
710	323.771	145.349
711	331.02	145.888
712	345.779	147.946
713	353.238	149.368
714	360.682	150.489
715	368.11	151.31
716	375.522	151.83
717	382.919	152.049
718	390.3	151.967
719	397.666	151.585
720	405.016	150.902
721	412.35	149.919
722	419.669	148.635
723	426.973	147.05
724	434.26	145.164
725	441.532	142.978
726	444.861	134.218
727	440.858	128.004
728	436.779	121.85
729	432.625	115.757
730	428.395	109.723
731	424.089	103.749
732	419.707	97.8357
733	415.25	91.9822
734	410.717	86.1887
735	406.108	80.4552
736	401.424	74.7818
737	396.664	69.1684
738	391.828	63.615
739	386.916	58.1217
740	381.929	52.6883
741	376.866	47.315
742	371.728	42.0018
743	540.495	88.8805
744	542.28	79.8285
745	544.557	71.3078
746	547.326	63.3185
747	550.587	55.8606
748	554.34	48.9342
749	558.584	42.5391
750	563.321	36.6754
751	568.549	31.3431
752	574.269	26.5422
753	580.481	22.2728
754	587.185	18.5347
755	594.38	15.328
756	602.068	12.6527
757	610.247	10.5088
758	618.918	8.89632
759	628.081	7.81523
760	658.217	98.3947
761	655.53	91.6501
762	653.029	84.8613
763	650.712	78.0283
764	648.581	71.151
765	646.635	64.2295
766	644.874	57.2638
767	643.298	50.2539
768	641.908	43.1997
769	640.703	36.1013
770	639.683	28.9587
771	638.849	21.7719
772	638.2	14.5408
773	854.185	150.937
774	853.311	143.394
775	852.53	135.851
776	851.841	128.308
777	851.246	120.764
778	850.744	113.22
779	850.335	105.675
780	850.019	98.1297
781	849.796	90.584
782	849.666	83.0378
783	849.629	75.4912
784	849.685	67.9441
785	849.834	60.3966
786	850.076	52.8486
787	850.412	45.3002
788	850.84	37.7513
789	851.361	30.2019
790	851.976	22.6521
791	852.683	15.1019
792	853.484	7.55117
793	152.288	45.3077
794	158.76	40.7457
795	165.359	36.6793
796	172.084	33.1085
797	178.937	30.0333
798	185.916	27.4537
799	193.023	25.3698
800	200.256	23.7814
801	207.616	22.6887
802	215.103	22.0916
803	222.718	21.9901
804	230.459	22.3842
805	238.327	23.2739
806	440.865	56.919
807	445.465	49.4746
808	450.334	42.6188
809	455.473	36.3516
810	460.881	30.673
811	466.558	25.583
812	472.505	21.0816
813	478.721	17.1687
814	485.206	13.8444
815	491.961	11.1088
816	498.985	8.96165
817	506.279	7.40314
818	513.842	6.4332
819	521.674	6.05185
820	529.776	6.25909
821	538.147	7.05491
822	546.788	8.43932
823	646.28	6.07509
824	654.611	5.35263
825	662.728	5.09814
826	670.632	5.31164
827	678.322	5.99312
828	685.799	7.14259
829	693.062	8.76004
830	700.112	10.8455
831	706.948	13.3989
832	713.571	16.4203
833	719.98	19.9097
834	726.176	23.867
835	732.158	28.2924
836	737.927	33.1857
837	743.482	38.547
838	748.824	44.3763
839	753.952	50.6736
840	758.866	57.4388
841	771.946	63.6243
842	779.992	62.1103
843	787.707	60.1301
844	795.089	57.6836
845	802.139	54.7709
846	808.857	51.3919
847	815.243	47.5467
848	821.297	43.2352
849	827.019	38.4575
850	832.409	33.2135
851	837.467	27.5033
852	842.192	21.3269
853	846.586	14.6842
854	850.648	7.5752
