NOMBRE : MTLARP6_8_3_2.dat
VERTICES ORIGINALES : 48
VERTICES TOTALES : 754
DEPOTS : 3
46
47
48
LINEAS ORIGINALES : 47
LINE 1 2 202.29 19
	49 10.7147
	50 10.6921
	51 10.6722
	52 10.6549
	53 10.6402
	54 10.6282
	55 10.6189
	56 10.6122
	57 10.6082
	58 10.6068
	59 10.6082
	60 10.6122
	61 10.6189
	62 10.6282
	63 10.6402
	64 10.6549
	65 10.6722
	66 10.6921
	2 10.7147
LINE 1 9 142.649 13
	67 11.7583
	68 11.3768
	69 11.055
	70 10.798
	71 10.6107
	72 10.4966
	73 10.4584
	74 10.4966
	75 10.6107
	76 10.798
	77 11.055
	78 11.3768
	9 11.7583
LINE 3 4 215.965 20
	79 11.1508
	80 11.0412
	81 10.9428
	82 10.856
	83 10.781
	84 10.7182
	85 10.6676
	86 10.6295
	87 10.6041
	88 10.5913
	89 10.5913
	90 10.6041
	91 10.6295
	92 10.6676
	93 10.7182
	94 10.781
	95 10.856
	96 10.9428
	97 11.0412
	4 11.1508
LINE 3 12 185.69 17
	98 11.0299
	99 10.99
	100 10.9552
	101 10.9257
	102 10.9016
	103 10.8827
	104 10.8693
	105 10.8612
	106 10.8585
	107 10.8612
	108 10.8693
	109 10.8827
	110 10.9016
	111 10.9257
	112 10.9552
	113 10.99
	12 11.0299
LINE 5 6 173.227 16
	114 10.8363
	115 10.8324
	116 10.8291
	117 10.8264
	118 10.8242
	119 10.8226
	120 10.8215
	121 10.8209
	122 10.8209
	123 10.8215
	124 10.8226
	125 10.8242
	126 10.8264
	127 10.8291
	128 10.8324
	6 10.8363
LINE 6 14 110.433 10
	129 11.1586
	130 11.082
	131 11.0242
	132 10.9855
	133 10.9661
	134 10.9661
	135 10.9855
	136 11.0242
	137 11.082
	14 11.1586
LINE 7 8 205.035 19
	138 10.8795
	139 10.8502
	140 10.8243
	141 10.8018
	142 10.7827
	143 10.7671
	144 10.7549
	145 10.7462
	146 10.741
	147 10.7393
	148 10.741
	149 10.7462
	150 10.7549
	151 10.7671
	152 10.7827
	153 10.8018
	154 10.8243
	155 10.8502
	8 10.8795
LINE 7 15 139.744 13
	156 10.774
	157 10.7618
	158 10.7518
	159 10.744
	160 10.7384
	161 10.735
	162 10.7339
	163 10.735
	164 10.7384
	165 10.744
	166 10.7518
	167 10.7618
	15 10.774
LINE 10 17 146.319 14
	168 10.4589
	169 10.4554
	170 10.4525
	171 10.4502
	172 10.4484
	173 10.4472
	174 10.4467
	175 10.4467
	176 10.4472
	177 10.4484
	178 10.4502
	179 10.4525
	180 10.4554
	17 10.4589
LINE 11 18 190.792 18
	181 10.6053
	182 10.6033
	183 10.6015
	184 10.6
	185 10.5987
	186 10.5977
	187 10.597
	188 10.5965
	189 10.5962
	190 10.5962
	191 10.5965
	192 10.597
	193 10.5977
	194 10.5987
	195 10.6
	196 10.6015
	197 10.6033
	18 10.6053
LINE 12 19 241.368 23
	198 10.5427
	199 10.5295
	200 10.5176
	201 10.5069
	202 10.4975
	203 10.4893
	204 10.4823
	205 10.4766
	206 10.4722
	207 10.4691
	208 10.4672
	209 10.4665
	210 10.4672
	211 10.4691
	212 10.4722
	213 10.4766
	214 10.4823
	215 10.4893
	216 10.4975
	217 10.5069
	218 10.5176
	219 10.5295
	19 10.5427
LINE 12 20 270.066 24
	220 12.1647
	221 11.9359
	222 11.7241
	223 11.5301
	224 11.3549
	225 11.1993
	226 11.0643
	227 10.9504
	228 10.8585
	229 10.789
	230 10.7425
	231 10.7191
	232 10.7191
	233 10.7425
	234 10.789
	235 10.8585
	236 10.9504
	237 11.0643
	238 11.1993
	239 11.3549
	240 11.5301
	241 11.7241
	242 11.9359
	20 12.1647
LINE 13 14 217.937 20
	243 11.3106
	244 11.1823
	245 11.0669
	246 10.965
	247 10.8769
	248 10.8029
	249 10.7434
	250 10.6985
	251 10.6685
	252 10.6534
	253 10.6534
	254 10.6685
	255 10.6985
	256 10.7434
	257 10.8029
	258 10.8769
	259 10.965
	260 11.0669
	261 11.1823
	14 11.3106
LINE 14 21 149.06 14
	262 10.7037
	263 10.6777
	264 10.6559
	265 10.6385
	266 10.6254
	267 10.6166
	268 10.6122
	269 10.6122
	270 10.6166
	271 10.6254
	272 10.6385
	273 10.6559
	274 10.6777
	21 10.7037
LINE 15 16 120.499 11
	275 11.6083
	276 11.2246
	277 10.9169
	278 10.6916
	279 10.5541
	280 10.5079
	281 10.5541
	282 10.6916
	283 10.9169
	284 11.2246
	16 11.6083
LINE 15 21 164.513 15
	285 11.4683
	286 11.2579
	287 11.0767
	288 10.9262
	289 10.8077
	290 10.7223
	291 10.6707
	292 10.6535
	293 10.6707
	294 10.7223
	295 10.8077
	296 10.9262
	297 11.0767
	298 11.2579
	21 11.4683
LINE 15 23 139.621 13
	299 10.7486
	300 10.7443
	301 10.7409
	302 10.7381
	303 10.7362
	304 10.7351
	305 10.7347
	306 10.7351
	307 10.7362
	308 10.7381
	309 10.7409
	310 10.7443
	23 10.7486
LINE 17 24 136.781 13
	311 10.6729
	312 10.5977
	313 10.5358
	314 10.4874
	315 10.4526
	316 10.4318
	317 10.4248
	318 10.4318
	319 10.4526
	320 10.4874
	321 10.5358
	322 10.5977
	24 10.6729
LINE 18 19 241.388 23
	323 10.6421
	324 10.6023
	325 10.5661
	326 10.5337
	327 10.505
	328 10.4801
	329 10.4589
	330 10.4416
	331 10.4281
	332 10.4184
	333 10.4126
	334 10.4107
	335 10.4126
	336 10.4184
	337 10.4281
	338 10.4416
	339 10.4589
	340 10.4801
	341 10.505
	342 10.5337
	343 10.5661
	344 10.6023
	19 10.6421
LINE 19 20 162.522 15
	345 11.2818
	346 11.0936
	347 10.9318
	348 10.7977
	349 10.6921
	350 10.6161
	351 10.5703
	352 10.5549
	353 10.5703
	354 10.6161
	355 10.6921
	356 10.7977
	357 10.9318
	358 11.0936
	20 11.2818
LINE 19 26 87.3291 8
	359 11.2133
	360 10.9606
	361 10.7888
	362 10.7019
	363 10.7019
	364 10.7888
	365 10.9606
	26 11.2133
LINE 20 21 143.483 13
	366 11.6569
	367 11.354
	368 11.1
	369 10.8984
	370 10.7521
	371 10.6633
	372 10.6335
	373 10.6633
	374 10.7521
	375 10.8984
	376 11.1
	377 11.354
	21 11.6569
LINE 21 22 140.915 13
	378 11.6927
	379 11.2795
	380 10.9298
	381 10.6499
	382 10.4454
	383 10.3207
	384 10.2788
	385 10.3207
	386 10.4454
	387 10.6499
	388 10.9298
	389 11.2795
	22 11.6927
LINE 21 28 238.649 22
	390 11.5365
	391 11.3456
	392 11.171
	393 11.0134
	394 10.8737
	395 10.7525
	396 10.6504
	397 10.568
	398 10.5059
	399 10.4642
	400 10.4433
	401 10.4433
	402 10.4642
	403 10.5059
	404 10.568
	405 10.6504
	406 10.7525
	407 10.8737
	408 11.0134
	409 11.171
	410 11.3456
	28 11.5365
LINE 22 23 109.414 10
	411 10.9541
	412 10.9457
	413 10.9393
	414 10.9351
	415 10.9329
	416 10.9329
	417 10.9351
	418 10.9393
	419 10.9457
	23 10.9541
LINE 25 26 217.331 20
	420 11.0575
	421 10.9977
	422 10.9443
	423 10.8973
	424 10.8569
	425 10.8231
	426 10.796
	427 10.7756
	428 10.762
	429 10.7552
	430 10.7552
	431 10.762
	432 10.7756
	433 10.796
	434 10.8231
	435 10.8569
	436 10.8973
	437 10.9443
	438 10.9977
	26 11.0575
LINE 26 27 93.8926 9
	439 10.6123
	440 10.4782
	441 10.3814
	442 10.3228
	443 10.3033
	444 10.3228
	445 10.3814
	446 10.4782
	27 10.6123
LINE 26 33 213.026 20
	447 10.69
	448 10.6778
	449 10.6669
	450 10.6574
	451 10.6493
	452 10.6425
	453 10.6371
	454 10.633
	455 10.6303
	456 10.6289
	457 10.6289
	458 10.6303
	459 10.633
	460 10.6371
	461 10.6425
	462 10.6493
	463 10.6574
	464 10.6669
	465 10.6778
	33 10.69
LINE 27 28 248.962 23
	466 11.0427
	467 10.9838
	468 10.9302
	469 10.882
	470 10.8393
	471 10.8022
	472 10.7706
	473 10.7448
	474 10.7246
	475 10.7102
	476 10.7015
	477 10.6986
	478 10.7015
	479 10.7102
	480 10.7246
	481 10.7448
	482 10.7706
	483 10.8022
	484 10.8393
	485 10.882
	486 10.9302
	487 10.9838
	28 11.0427
LINE 28 35 150.539 14
	488 11.3625
	489 11.0877
	490 10.8534
	491 10.6622
	492 10.5165
	493 10.4183
	494 10.3688
	495 10.3688
	496 10.4183
	497 10.5165
	498 10.6622
	499 10.8534
	500 11.0877
	35 11.3625
LINE 29 35 175.989 17
	501 10.3958
	502 10.3795
	503 10.3654
	504 10.3534
	505 10.3436
	506 10.336
	507 10.3305
	508 10.3272
	509 10.3261
	510 10.3272
	511 10.3305
	512 10.336
	513 10.3436
	514 10.3534
	515 10.3654
	516 10.3795
	35 10.3958
LINE 29 36 137.24 13
	517 10.7166
	518 10.6373
	519 10.5719
	520 10.5208
	521 10.4841
	522 10.4621
	523 10.4547
	524 10.4621
	525 10.4841
	526 10.5208
	527 10.5719
	528 10.6373
	36 10.7166
LINE 30 36 231.638 22
	529 10.551
	530 10.5447
	531 10.539
	532 10.534
	533 10.5296
	534 10.5259
	535 10.5227
	536 10.5202
	537 10.5183
	538 10.5171
	539 10.5164
	540 10.5164
	541 10.5171
	542 10.5183
	543 10.5202
	544 10.5227
	545 10.5259
	546 10.5296
	547 10.534
	548 10.539
	549 10.5447
	36 10.551
LINE 31 32 161.801 15
	550 11.0114
	551 10.916
	552 10.8346
	553 10.7675
	554 10.7151
	555 10.6775
	556 10.6548
	557 10.6473
	558 10.6548
	559 10.6775
	560 10.7151
	561 10.7675
	562 10.8346
	563 10.916
	32 11.0114
LINE 31 38 147.1 14
	564 10.7335
	565 10.6299
	566 10.5429
	567 10.4727
	568 10.4198
	569 10.3844
	570 10.3666
	571 10.3666
	572 10.3844
	573 10.4198
	574 10.4727
	575 10.5429
	576 10.6299
	38 10.7335
LINE 33 34 162.014 15
	577 11.3266
	578 11.106
	579 10.9158
	580 10.7577
	581 10.6332
	582 10.5433
	583 10.489
	584 10.4708
	585 10.489
	586 10.5433
	587 10.6332
	588 10.7577
	589 10.9158
	590 11.106
	34 11.3266
LINE 34 35 226.691 21
	591 11.0332
	592 10.9624
	593 10.8987
	594 10.8422
	595 10.793
	596 10.7512
	597 10.7169
	598 10.6901
	599 10.6709
	600 10.6594
	601 10.6555
	602 10.6594
	603 10.6709
	604 10.6901
	605 10.7169
	606 10.7512
	607 10.793
	608 10.8422
	609 10.8987
	610 10.9624
	35 11.0332
LINE 34 42 169.302 15
	611 11.9736
	612 11.6868
	613 11.4386
	614 11.2314
	615 11.0676
	616 10.9491
	617 10.8773
	618 10.8533
	619 10.8773
	620 10.9491
	621 11.0676
	622 11.2314
	623 11.4386
	624 11.6868
	42 11.9736
LINE 34 43 186.787 18
	625 10.3784
	626 10.3779
	627 10.3775
	628 10.3771
	629 10.3769
	630 10.3766
	631 10.3765
	632 10.3763
	633 10.3763
	634 10.3763
	635 10.3763
	636 10.3765
	637 10.3766
	638 10.3769
	639 10.3771
	640 10.3775
	641 10.3779
	43 10.3784
LINE 35 44 153.479 14
	642 11.6634
	643 11.3485
	644 11.0794
	645 10.8592
	646 10.6911
	647 10.5776
	648 10.5204
	649 10.5204
	650 10.5776
	651 10.6911
	652 10.8592
	653 11.0794
	654 11.3485
	44 11.6634
LINE 36 37 72.9891 7
	655 10.4281
	656 10.427
	657 10.4264
	658 10.4262
	659 10.4264
	660 10.427
	37 10.4281
LINE 37 45 206.621 19
	661 10.8918
	662 10.8861
	663 10.8811
	664 10.8768
	665 10.8731
	666 10.8701
	667 10.8678
	668 10.8661
	669 10.8651
	670 10.8648
	671 10.8651
	672 10.8661
	673 10.8678
	674 10.8701
	675 10.8731
	676 10.8768
	677 10.8811
	678 10.8861
	45 10.8918
LINE 38 39 222.212 20
	679 11.82
	680 11.6026
	681 11.4058
	682 11.2308
	683 11.0787
	684 10.9502
	685 10.8464
	686 10.7678
	687 10.7151
	688 10.6887
	689 10.6887
	690 10.7151
	691 10.7678
	692 10.8464
	693 10.9502
	694 11.0787
	695 11.2308
	696 11.4058
	697 11.6026
	39 11.82
LINE 40 41 138.138 12
	698 12.2847
	699 11.8738
	700 11.5346
	701 11.2735
	702 11.0961
	703 11.0062
	704 11.0062
	705 11.0961
	706 11.2735
	707 11.5346
	708 11.8738
	41 12.2847
LINE 41 42 166.591 16
	709 10.5122
	710 10.4722
	711 10.4379
	712 10.4092
	713 10.3862
	714 10.3689
	715 10.3573
	716 10.3515
	717 10.3515
	718 10.3573
	719 10.3689
	720 10.3862
	721 10.4092
	722 10.4379
	723 10.4722
	42 10.5122
LINE 42 43 183.235 17
	724 10.9462
	725 10.8837
	726 10.8293
	727 10.7831
	728 10.7451
	729 10.7155
	730 10.6943
	731 10.6815
	732 10.6773
	733 10.6815
	734 10.6943
	735 10.7155
	736 10.7451
	737 10.7831
	738 10.8293
	739 10.8837
	43 10.9462
LINE 44 45 166.305 16
	740 10.4434
	741 10.4237
	742 10.4068
	743 10.3927
	744 10.3813
	745 10.3729
	746 10.3672
	747 10.3644
	748 10.3644
	749 10.3672
	750 10.3729
	751 10.3813
	752 10.3927
	753 10.4068
	754 10.4237
	45 10.4434
COORDENADAS :
1	14.0222	490.274
2	134.274	550.192
3	238.628	516.458
4	376.957	544.766
5	448.122	545.11
6	559.273	514.001
7	628.867	486.467
8	747.517	552.999
9	38.6344	403.04
10	151.715	404.023
11	258.607	452.333
12	341.211	448.479
13	411.228	452.032
14	552.834	441.194
15	651.093	396.133
16	726.289	412.974
17	111.025	315.418
18	216.483	332.359
19	370.583	290.703
20	467.5	332.508
21	559.13	342.352
22	647.835	334.157
23	720.719	334.429
24	161.679	240.605
25	212.901	246.971
26	355.842	235.623
27	416.708	224.803
28	577.079	190.278
29	629.974	196.326
30	779.451	229.562
31	31.1831	150.737
32	136.453	134.781
33	326.03	97.0777
34	427.564	122.664
35	573.885	93.6126
36	673.911	117.084
37	716.334	140.91
38	22.7511	54.371
39	165.037	47.0905
40	225.471	18.1266
41	310.989	38.7077
42	418.709	14.4928
43	532.505	55.6464
44	613.426	3.80915
45	723.975	3.50153
46	0	426.608
47	525.675	140.387
48	500.943	390.59
49	19.9004	494.332
50	25.8287	498.29
51	31.8071	502.147
52	37.8356	505.904
53	43.9142	509.56
54	50.0428	513.116
55	56.2216	516.571
56	62.4505	519.926
57	68.7294	523.18
58	75.0585	526.334
59	81.4377	529.387
60	87.8669	532.34
61	94.3462	535.192
62	100.876	537.943
63	107.455	540.594
64	114.085	543.144
65	120.765	545.594
66	127.494	547.944
67	19.3635	484.536
68	24.1301	478.637
69	28.322	472.575
70	31.9393	466.351
71	34.9819	459.965
72	37.4498	453.417
73	39.343	446.707
74	40.6616	439.834
75	41.4055	432.8
76	41.5748	425.603
77	41.1693	418.244
78	40.1892	410.723
79	245.078	520.155
80	251.577	523.611
81	258.124	526.827
82	264.722	529.803
83	271.368	532.539
84	278.063	535.035
85	284.808	537.291
86	291.601	539.307
87	298.444	541.082
88	305.336	542.618
89	312.277	543.913
90	319.267	544.969
91	326.306	545.784
92	333.395	546.359
93	340.532	546.694
94	347.719	546.788
95	354.955	546.643
96	362.24	546.257
97	369.574	545.632
98	245.376	513.536
99	252.034	510.479
100	258.604	507.288
101	265.084	503.962
102	271.475	500.501
103	277.777	496.906
104	283.989	493.177
105	290.113	489.312
106	296.147	485.314
107	302.092	481.18
108	307.948	476.912
109	313.715	472.51
110	319.392	467.973
111	324.981	463.301
112	330.48	458.495
113	335.89	453.554
114	454.965	542.795
115	461.822	540.53
116	468.693	538.314
117	475.578	536.148
118	482.476	534.03
119	489.389	531.963
120	496.315	529.944
121	503.255	527.975
122	510.209	526.056
123	517.177	524.185
124	524.158	522.365
125	531.154	520.593
126	538.163	518.871
127	545.186	517.199
128	552.223	515.575
129	557.25	506.843
130	555.534	499.657
131	554.124	492.444
132	553.02	485.204
133	552.223	477.937
134	551.732	470.642
135	551.548	463.321
136	551.671	455.973
137	552.099	448.597
138	634.544	490.981
139	640.284	495.382
140	646.088	499.672
141	651.954	503.848
142	657.883	507.912
143	663.876	511.864
144	669.931	515.703
145	676.05	519.43
146	682.231	523.044
147	688.476	526.546
148	694.784	529.935
149	701.155	533.212
150	707.589	536.376
151	714.086	539.428
152	720.646	542.367
153	727.269	545.194
154	733.955	547.908
155	740.705	550.51
156	629.976	479.37
157	631.185	472.298
158	632.494	465.251
159	633.903	458.228
160	635.412	451.23
161	637.022	444.257
162	638.731	437.308
163	640.541	430.384
164	642.451	423.485
165	644.461	416.61
166	646.572	409.76
167	648.783	402.934
168	148.501	397.835
169	145.334	391.626
170	142.214	385.395
171	139.142	379.142
172	136.117	372.868
173	133.14	366.571
174	130.209	360.253
175	127.327	353.913
176	124.491	347.552
177	121.703	341.169
178	118.963	334.763
179	116.269	328.337
180	113.623	321.888
181	255.99	445.765
182	253.407	439.185
183	250.856	432.594
184	248.337	425.991
185	245.85	419.377
186	243.397	412.752
187	240.975	406.115
188	238.586	399.467
189	236.23	392.807
190	233.906	386.137
191	231.614	379.454
192	229.355	372.76
193	227.129	366.055
194	224.935	359.339
195	222.773	352.611
196	220.644	345.871
197	218.547	339.121
198	341.659	441.465
199	342.182	434.465
200	342.78	427.479
201	343.454	420.506
202	344.204	413.548
203	345.028	406.604
204	345.928	399.674
205	346.904	392.758
206	347.955	385.856
207	349.081	378.969
208	350.283	372.095
209	351.56	365.235
210	352.912	358.389
211	354.34	351.557
212	355.843	344.74
213	357.422	337.936
214	359.076	331.146
215	360.805	324.371
216	362.61	317.609
217	364.49	310.861
218	366.446	304.128
219	368.476	297.408
220	343.877	440.82
221	346.769	433.407
222	349.886	426.24
223	353.23	419.318
224	356.799	412.642
225	360.594	406.212
226	364.614	400.028
227	368.86	394.09
228	373.332	388.397
229	378.03	382.951
230	382.954	377.75
231	388.103	372.795
232	393.478	368.086
233	399.078	363.622
234	404.905	359.405
235	410.957	355.433
236	417.235	351.707
237	423.738	348.227
238	430.468	344.993
239	437.423	342.004
240	444.603	339.261
241	452.01	336.764
242	459.642	334.513
243	418.115	448.961
244	425.022	446.156
245	431.949	443.618
246	438.897	441.345
247	445.866	439.339
248	452.854	437.6
249	459.863	436.126
250	466.893	434.919
251	473.942	433.977
252	481.012	433.302
253	488.103	432.894
254	495.214	432.751
255	502.345	432.875
256	509.497	433.265
257	516.669	433.921
258	523.861	434.843
259	531.074	436.032
260	538.307	437.486
261	545.561	439.207
262	552.352	434.075
263	552.013	426.964
264	551.818	419.863
265	551.766	412.771
266	551.857	405.688
267	552.092	398.614
268	552.47	391.55
269	552.991	384.494
270	553.656	377.447
271	554.464	370.41
272	555.415	363.382
273	556.51	356.363
274	557.748	349.353
275	658.648	394.455
276	666.059	393.419
277	673.326	393.024
278	680.45	393.271
279	687.429	394.16
280	694.265	395.691
281	700.957	397.864
282	707.506	400.679
283	713.911	404.135
284	720.172	408.234
285	646.391	390.105
286	641.485	384.425
287	636.375	379.095
288	631.06	374.113
289	625.542	369.48
290	619.819	365.197
291	613.893	361.262
292	607.762	357.677
293	601.427	354.441
294	594.888	351.553
295	588.144	349.015
296	581.197	346.826
297	574.045	344.986
298	566.69	343.494
299	656.207	391.114
300	661.361	386.14
301	666.556	381.211
302	671.791	376.328
303	677.066	371.491
304	682.382	366.699
305	687.738	361.952
306	693.134	357.251
307	698.57	352.596
308	704.047	347.986
309	709.564	343.421
310	715.122	338.902
311	116.184	310.518
312	121.133	305.476
313	125.872	300.291
314	130.4	294.964
315	134.717	289.494
316	138.824	283.882
317	142.72	278.127
318	146.406	272.229
319	149.882	266.189
320	153.147	260.007
321	156.201	253.682
322	159.045	247.215
323	223.567	331.968
324	230.616	331.448
325	237.63	330.799
326	244.61	330.021
327	251.554	329.114
328	258.463	328.077
329	265.338	326.912
330	272.177	325.617
331	278.982	324.194
332	285.752	322.641
333	292.487	320.959
334	299.187	319.148
335	305.852	317.207
336	312.482	315.138
337	319.077	312.94
338	325.638	310.612
339	332.163	308.155
340	338.654	305.569
341	345.109	302.854
342	351.53	300.01
343	357.916	297.037
344	364.267	293.934
345	375.992	295.929
346	381.551	300.806
347	387.261	305.335
348	393.121	309.516
349	399.131	313.348
350	405.292	316.832
351	411.603	319.967
352	418.064	322.754
353	424.675	325.193
354	431.437	327.283
355	438.349	329.025
356	445.412	330.418
357	452.624	331.463
358	459.987	332.16
359	370.919	283.235
360	370.632	275.934
361	369.723	268.799
362	368.192	261.83
363	366.038	255.029
364	363.262	248.393
365	359.863	241.925
366	474.208	336.431
367	480.973	339.827
368	487.795	342.695
369	494.674	345.035
370	501.609	346.847
371	508.6	348.132
372	515.649	348.889
373	522.754	349.119
374	529.916	348.821
375	537.134	347.995
376	544.41	346.642
377	551.741	344.761
378	566.295	345.422
379	573.404	347.875
380	580.455	349.711
381	587.449	350.931
382	594.387	351.534
383	601.267	351.52
384	608.091	350.89
385	614.857	349.642
386	621.567	347.779
387	628.22	345.298
388	634.815	342.201
389	641.354	338.488
390	563.195	335.823
391	566.951	329.258
392	570.397	322.656
393	573.533	316.017
394	576.361	309.342
395	578.878	302.63
396	581.087	295.882
397	582.986	289.098
398	584.575	282.277
399	585.855	275.419
400	586.826	268.525
401	587.487	261.594
402	587.839	254.627
403	587.881	247.623
404	587.614	240.583
405	587.037	233.506
406	586.151	226.392
407	584.956	219.243
408	583.451	212.056
409	581.636	204.833
410	579.512	197.574
411	655.126	333.728
412	662.415	333.399
413	669.705	333.172
414	676.994	333.047
415	684.282	333.024
416	691.57	333.102
417	698.858	333.281
418	706.146	333.562
419	713.433	333.945
420	220.183	248.112
421	227.452	249.074
422	234.706	249.856
423	241.946	250.458
424	249.172	250.88
425	256.383	251.122
426	263.58	251.184
427	270.763	251.066
428	277.931	250.769
429	285.086	250.291
430	292.225	249.634
431	299.351	248.797
432	306.463	247.779
433	313.56	246.582
434	320.642	245.206
435	327.711	243.649
436	334.765	241.912
437	341.805	239.996
438	348.831	237.899
439	362.308	232.752
440	368.849	230.298
441	375.463	228.261
442	382.152	226.642
443	388.915	225.44
444	395.752	224.655
445	402.663	224.287
446	409.648	224.336
447	355.097	228.535
448	354.272	221.465
449	353.37	214.411
450	352.389	207.374
451	351.329	200.354
452	350.192	193.351
453	348.975	186.364
454	347.681	179.395
455	346.308	172.442
456	344.856	165.507
457	343.327	158.588
458	341.718	151.686
459	340.032	144.801
460	338.267	137.933
461	336.423	131.081
462	334.502	124.247
463	332.501	117.429
464	330.423	110.629
465	328.266	103.845
466	424.064	225.084
467	431.385	225.203
468	438.672	225.161
469	445.924	224.956
470	453.141	224.59
471	460.323	224.061
472	467.47	223.37
473	474.582	222.517
474	481.66	221.502
475	488.702	220.325
476	495.71	218.986
477	502.682	217.485
478	509.62	215.822
479	516.523	213.997
480	523.391	212.01
481	530.224	209.86
482	537.022	207.549
483	543.786	205.076
484	550.514	202.44
485	557.208	199.643
486	563.866	196.683
487	570.49	193.562
488	573.746	183.476
489	570.89	176.658
490	568.512	169.824
491	566.611	162.975
492	565.189	156.11
493	564.244	149.229
494	563.777	142.332
495	563.788	135.419
496	564.276	128.491
497	565.243	121.547
498	566.687	114.587
499	568.609	107.611
500	571.008	100.62
501	627.377	189.9
502	624.693	183.522
503	621.921	177.192
504	619.061	170.91
505	616.113	164.677
506	613.077	158.491
507	609.954	152.353
508	606.742	146.263
509	603.443	140.221
510	600.056	134.227
511	596.581	128.281
512	593.018	122.383
513	589.367	116.533
514	585.629	110.731
515	581.802	104.977
516	577.888	99.2707
517	631.981	189.469
518	634.216	182.739
519	636.681	176.136
520	639.374	169.66
521	642.296	163.311
522	645.447	157.088
523	648.827	150.993
524	652.436	145.024
525	656.273	139.182
526	660.339	133.468
527	664.635	127.879
528	669.158	122.418
529	774.238	224.839
530	769.065	220.079
531	763.932	215.282
532	758.838	210.447
533	753.784	205.576
534	748.769	200.667
535	743.794	195.722
536	738.858	190.739
537	733.962	185.719
538	729.106	180.662
539	724.289	175.568
540	719.511	170.437
541	714.773	165.268
542	710.075	160.063
543	705.416	154.82
544	700.797	149.541
545	696.217	144.224
546	691.677	138.87
547	687.176	133.479
548	682.715	128.051
549	678.293	122.586
550	38.4817	151.525
551	45.7402	152.048
552	52.9586	152.306
553	60.137	152.3
554	67.2752	152.03
555	74.3734	151.495
556	81.4315	150.696
557	88.4495	149.632
558	95.4275	148.304
559	102.365	146.711
560	109.263	144.854
561	116.121	142.733
562	122.938	140.347
563	129.716	137.696
564	28.7276	144.016
565	26.5572	137.27
566	24.6719	130.499
567	23.0718	123.703
568	21.7567	116.882
569	20.7268	110.036
570	19.982	103.165
571	19.5222	96.2695
572	19.3476	89.3488
573	19.4581	82.4031
574	19.8537	75.4325
575	20.5344	68.437
576	21.5002	61.4164
577	333.503	95.9914
578	340.875	95.304
579	348.146	95.0155
580	355.317	95.1258
581	362.388	95.635
582	369.358	96.543
583	376.227	97.8499
584	382.996	99.5556
585	389.664	101.66
586	396.232	104.164
587	402.7	107.066
588	409.067	110.367
589	415.333	114.067
590	421.499	118.166
591	434.16	119.409
592	440.794	116.342
593	447.464	113.461
594	454.172	110.768
595	460.916	108.261
596	467.698	105.942
597	474.517	103.81
598	481.373	101.865
599	488.267	100.108
600	495.197	98.5372
601	502.165	97.1538
602	509.17	95.9575
603	516.212	94.9484
604	523.291	94.1264
605	530.407	93.4916
606	537.561	93.0439
607	544.751	92.7833
608	551.979	92.71
609	559.244	92.8237
610	566.546	93.1246
611	423.614	115.728
612	420.144	108.752
613	417.153	101.737
614	414.643	94.6829
615	412.613	87.5893
616	411.062	80.4565
617	409.992	73.2843
618	409.402	66.0729
619	409.291	58.8222
620	409.661	51.5322
621	410.511	44.2029
622	411.84	36.8343
623	413.65	29.4264
624	415.94	21.9792
625	433.469	119.058
626	439.365	115.439
627	445.253	111.805
628	451.131	108.158
629	457.001	104.497
630	462.862	100.822
631	468.714	97.1334
632	474.558	93.4309
633	480.392	89.7146
634	486.218	85.9845
635	492.034	82.2405
636	497.843	78.4828
637	503.642	74.7113
638	509.432	70.9259
639	515.214	67.1267
640	520.986	63.3138
641	526.75	59.487
642	579.791	88.5549
643	585.223	83.2884
644	590.181	77.8132
645	594.664	72.1292
646	598.674	66.2365
647	602.209	60.1351
648	605.271	53.8249
649	607.858	47.306
650	609.971	40.5784
651	611.61	33.642
652	612.775	26.4969
653	613.466	19.143
654	613.683	11.5805
655	679.907	120.603
656	685.924	124.084
657	691.962	127.527
658	698.023	130.93
659	704.105	134.295
660	710.208	137.622
661	716.226	133.65
662	716.175	126.393
663	716.181	119.138
664	716.243	111.888
665	716.362	104.64
666	716.537	97.3951
667	716.77	90.1536
668	717.058	82.9153
669	717.404	75.6801
670	717.806	68.4481
671	718.265	61.2192
672	718.781	53.9935
673	719.353	46.7709
674	719.981	39.5514
675	720.667	32.3352
676	721.409	25.122
677	722.208	17.912
678	723.063	10.7052
679	29.6932	50.6426
680	36.6535	47.2683
681	43.6319	44.2481
682	50.6284	41.5822
683	57.643	39.2703
684	64.6758	37.3126
685	71.7266	35.7091
686	78.7956	34.4597
687	85.8827	33.5644
688	92.988	33.0233
689	100.111	32.8364
690	107.253	33.0036
691	114.412	33.5249
692	121.59	34.4004
693	128.786	35.6301
694	136	37.2139
695	143.232	39.1518
696	150.482	41.4439
697	157.75	44.0901
698	233.452	16.2901
699	241.278	15.0994
700	248.948	14.5544
701	256.463	14.6552
702	263.823	15.4017
703	271.027	16.7939
704	278.076	18.8318
705	284.969	21.5155
706	291.707	24.845
707	298.29	28.8201
708	304.717	33.441
709	317.453	36.0008
710	323.953	33.4531
711	330.489	31.0645
712	337.06	28.835
713	343.668	26.7647
714	350.311	24.8534
715	356.99	23.1013
716	363.704	21.5083
717	370.455	20.0745
718	377.241	18.7997
719	384.063	17.6841
720	390.921	16.7276
721	397.814	15.9302
722	404.743	15.2919
723	411.708	14.8128
724	424.856	18.4253
725	431.072	22.1689
726	437.356	25.7235
727	443.708	29.0891
728	450.129	32.2658
729	456.617	35.2535
730	463.175	38.0523
731	469.8	40.662
732	476.494	43.0828
733	483.256	45.3147
734	490.087	47.3575
735	496.986	49.2114
736	503.953	50.8763
737	510.989	52.3523
738	518.093	53.6393
739	525.265	54.7373
740	620.333	2.93321
741	627.24	2.17149
742	634.148	1.524
743	641.056	0.990741
744	647.964	0.571712
745	654.873	0.266912
746	661.781	0.0763413
747	668.691	0
748	675.6	0.037888
749	682.51	0.190005
750	689.42	0.456352
751	696.33	0.836928
752	703.241	1.33173
753	710.152	1.94077
754	717.063	2.66403
