NOMBRE : MTLARP8_8_5_2.dat
VERTICES ORIGINALES : 62
VERTICES TOTALES : 1007
DEPOTS : 5
58
59
60
61
62
LINEAS ORIGINALES : 63
LINE 1 2 147.207 14
	63 10.6423
	64 10.5838
	65 10.5347
	66 10.4953
	67 10.4657
	68 10.4459
	69 10.436
	70 10.436
	71 10.4459
	72 10.4657
	73 10.4953
	74 10.5347
	75 10.5838
	2 10.6423
LINE 2 9 137.742 13
	76 10.6094
	77 10.6024
	78 10.5968
	79 10.5924
	80 10.5892
	81 10.5873
	82 10.5867
	83 10.5873
	84 10.5892
	85 10.5924
	86 10.5968
	87 10.6024
	9 10.6094
LINE 3 10 260.005 24
	88 11.1776
	89 11.0892
	90 11.0083
	91 10.9349
	92 10.8693
	93 10.8116
	94 10.7618
	95 10.7202
	96 10.6868
	97 10.6616
	98 10.6448
	99 10.6364
	100 10.6364
	101 10.6448
	102 10.6616
	103 10.6868
	104 10.7202
	105 10.7618
	106 10.8116
	107 10.8693
	108 10.9349
	109 11.0083
	110 11.0892
	10 11.1776
LINE 4 5 194.442 18
	111 10.8889
	112 10.8584
	113 10.8317
	114 10.8088
	115 10.7897
	116 10.7743
	117 10.7628
	118 10.7551
	119 10.7512
	120 10.7512
	121 10.7551
	122 10.7628
	123 10.7743
	124 10.7897
	125 10.8088
	126 10.8317
	127 10.8584
	5 10.8889
LINE 4 11 175.868 16
	128 11.3686
	129 11.2202
	130 11.0913
	131 10.9828
	132 10.8952
	133 10.829
	134 10.7847
	135 10.7624
	136 10.7624
	137 10.7847
	138 10.829
	139 10.8952
	140 10.9828
	141 11.0913
	142 11.2202
	11 11.3686
LINE 4 12 278.761 26
	143 10.9697
	144 10.9109
	145 10.8566
	146 10.8071
	147 10.7623
	148 10.7223
	149 10.6872
	150 10.657
	151 10.6318
	152 10.6116
	153 10.5964
	154 10.5863
	155 10.5812
	156 10.5812
	157 10.5863
	158 10.5964
	159 10.6116
	160 10.6318
	161 10.657
	162 10.6872
	163 10.7223
	164 10.7623
	165 10.8071
	166 10.8566
	167 10.9109
	12 10.9697
LINE 5 13 299.365 27
	168 11.4746
	169 11.3868
	170 11.3055
	171 11.2307
	172 11.1626
	173 11.1014
	174 11.047
	175 10.9997
	176 10.9595
	177 10.9265
	178 10.9008
	179 10.8823
	180 10.8713
	181 10.8676
	182 10.8713
	183 10.8823
	184 10.9008
	185 10.9265
	186 10.9595
	187 10.9997
	188 11.047
	189 11.1014
	190 11.1626
	191 11.2307
	192 11.3055
	193 11.3868
	13 11.4746
LINE 6 13 216.978 19
	194 12.3368
	195 12.0422
	196 11.7762
	197 11.5407
	198 11.3376
	199 11.1687
	200 11.0355
	201 10.9394
	202 10.8813
	203 10.8619
	204 10.8813
	205 10.9394
	206 11.0355
	207 11.1687
	208 11.3376
	209 11.5407
	210 11.7762
	211 12.0422
	13 12.3368
LINE 7 14 172.403 16
	212 10.8899
	213 10.8442
	214 10.8049
	215 10.7721
	216 10.7457
	217 10.7259
	218 10.7127
	219 10.7061
	220 10.7061
	221 10.7127
	222 10.7259
	223 10.7457
	224 10.7721
	225 10.8049
	226 10.8442
	14 10.8899
LINE 8 9 125.041 12
	227 10.514
	228 10.4629
	229 10.4219
	230 10.3911
	231 10.3704
	232 10.3601
	233 10.3601
	234 10.3704
	235 10.3911
	236 10.4219
	237 10.4629
	9 10.514
LINE 8 15 114.028 11
	238 10.392
	239 10.3765
	240 10.3644
	241 10.3558
	242 10.3507
	243 10.3489
	244 10.3507
	245 10.3558
	246 10.3644
	247 10.3765
	15 10.392
LINE 9 16 201.807 19
	248 10.6314
	249 10.6281
	250 10.6251
	251 10.6226
	252 10.6204
	253 10.6187
	254 10.6173
	255 10.6163
	256 10.6157
	257 10.6155
	258 10.6157
	259 10.6163
	260 10.6173
	261 10.6187
	262 10.6204
	263 10.6226
	264 10.6251
	265 10.6281
	16 10.6314
LINE 10 11 182.643 17
	266 10.8575
	267 10.815
	268 10.7781
	269 10.7467
	270 10.721
	271 10.701
	272 10.6866
	273 10.678
	274 10.6751
	275 10.678
	276 10.6866
	277 10.701
	278 10.721
	279 10.7467
	280 10.7781
	281 10.815
	11 10.8575
LINE 10 18 72.5996 7
	282 10.779
	283 10.3753
	284 10.1253
	285 10.0406
	286 10.1253
	287 10.3753
	18 10.779
LINE 12 13 181.788 17
	288 10.7142
	289 10.7064
	290 10.6997
	291 10.6939
	292 10.6892
	293 10.6856
	294 10.683
	295 10.6814
	296 10.6809
	297 10.6814
	298 10.683
	299 10.6856
	300 10.6892
	301 10.6939
	302 10.6997
	303 10.7064
	13 10.7142
LINE 13 14 154.494 14
	304 11.041
	305 11.0384
	306 11.0362
	307 11.0344
	308 11.0331
	309 11.0322
	310 11.0317
	311 11.0317
	312 11.0322
	313 11.0331
	314 11.0344
	315 11.0362
	316 11.0384
	14 11.041
LINE 14 21 239.058 22
	317 10.8915
	318 10.8843
	319 10.8778
	320 10.8721
	321 10.867
	322 10.8627
	323 10.8591
	324 10.8562
	325 10.854
	326 10.8526
	327 10.8519
	328 10.8519
	329 10.8526
	330 10.854
	331 10.8562
	332 10.8591
	333 10.8627
	334 10.867
	335 10.8721
	336 10.8778
	337 10.8843
	21 10.8915
LINE 15 16 135.473 13
	338 10.4218
	339 10.4214
	340 10.4211
	341 10.4208
	342 10.4206
	343 10.4205
	344 10.4205
	345 10.4205
	346 10.4206
	347 10.4208
	348 10.4211
	349 10.4214
	16 10.4218
LINE 16 17 206.227 19
	350 10.8757
	351 10.8685
	352 10.8621
	353 10.8566
	354 10.8519
	355 10.8481
	356 10.8451
	357 10.843
	358 10.8417
	359 10.8413
	360 10.8417
	361 10.843
	362 10.8451
	363 10.8481
	364 10.8519
	365 10.8566
	366 10.8621
	367 10.8685
	17 10.8757
LINE 16 23 188.257 17
	368 11.4107
	369 11.2861
	370 11.1771
	371 11.0839
	372 11.0071
	373 10.947
	374 10.9039
	375 10.8779
	376 10.8693
	377 10.8779
	378 10.9039
	379 10.947
	380 11.0071
	381 11.0839
	382 11.1771
	383 11.2861
	23 11.4107
LINE 17 18 131.095 12
	384 11.4272
	385 11.1579
	386 10.9378
	387 10.7697
	388 10.6561
	389 10.5989
	390 10.5989
	391 10.6561
	392 10.7697
	393 10.9378
	394 11.1579
	18 11.4272
LINE 17 24 225.371 20
	395 11.8524
	396 11.6725
	397 11.5101
	398 11.3662
	399 11.2414
	400 11.1363
	401 11.0515
	402 10.9874
	403 10.9445
	404 10.923
	405 10.923
	406 10.9445
	407 10.9874
	408 11.0515
	409 11.1363
	410 11.2414
	411 11.3662
	412 11.5101
	413 11.6725
	24 11.8524
LINE 18 19 102.512 9
	414 11.616
	415 11.4477
	416 11.326
	417 11.2523
	418 11.2276
	419 11.2523
	420 11.326
	421 11.4477
	19 11.616
LINE 19 20 240.03 22
	422 11.2417
	423 11.1484
	424 11.0638
	425 10.9881
	426 10.9213
	427 10.8638
	428 10.8157
	429 10.777
	430 10.7479
	431 10.7284
	432 10.7187
	433 10.7187
	434 10.7284
	435 10.7479
	436 10.777
	437 10.8157
	438 10.8638
	439 10.9213
	440 10.9881
	441 11.0638
	442 11.1484
	20 11.2417
LINE 22 29 223.629 20
	443 11.9423
	444 11.7095
	445 11.4987
	446 11.311
	447 11.1475
	448 11.0095
	449 10.8978
	450 10.8133
	451 10.7566
	452 10.7281
	453 10.7281
	454 10.7566
	455 10.8133
	456 10.8978
	457 11.0095
	458 11.1475
	459 11.311
	460 11.4987
	461 11.7095
	29 11.9423
LINE 24 30 169.432 16
	462 10.5918
	463 10.5909
	464 10.5901
	465 10.5894
	466 10.5889
	467 10.5885
	468 10.5883
	469 10.5881
	470 10.5881
	471 10.5883
	472 10.5885
	473 10.5889
	474 10.5894
	475 10.5901
	476 10.5909
	30 10.5918
LINE 25 26 108.173 10
	477 11.3472
	478 10.9999
	479 10.7321
	480 10.5498
	481 10.4574
	482 10.4574
	483 10.5498
	484 10.7321
	485 10.9999
	26 11.3472
LINE 25 30 260.314 24
	486 11.3009
	487 11.1847
	488 11.0781
	489 10.9812
	490 10.8944
	491 10.8178
	492 10.7518
	493 10.6965
	494 10.652
	495 10.6185
	496 10.5961
	497 10.5849
	498 10.5849
	499 10.5961
	500 10.6185
	501 10.652
	502 10.6965
	503 10.7518
	504 10.8178
	505 10.8944
	506 10.9812
	507 11.0781
	508 11.1847
	30 11.3009
LINE 25 31 193.397 18
	509 11.1881
	510 11.0344
	511 10.8981
	512 10.78
	513 10.6805
	514 10.6002
	515 10.5396
	516 10.499
	517 10.4787
	518 10.4787
	519 10.499
	520 10.5396
	521 10.6002
	522 10.6805
	523 10.78
	524 10.8981
	525 11.0344
	31 11.1881
LINE 26 27 173.452 16
	526 10.9662
	527 10.9163
	528 10.8733
	529 10.8374
	530 10.8086
	531 10.7869
	532 10.7724
	533 10.7652
	534 10.7652
	535 10.7724
	536 10.7869
	537 10.8086
	538 10.8374
	539 10.8733
	540 10.9163
	27 10.9662
LINE 26 32 148.305 13
	541 12.1763
	542 11.8025
	543 11.4877
	544 11.2366
	545 11.0539
	546 10.9427
	547 10.9054
	548 10.9427
	549 11.0539
	550 11.2366
	551 11.4877
	552 11.8025
	32 12.1763
LINE 27 28 179.91 17
	553 10.6449
	554 10.6217
	555 10.6016
	556 10.5845
	557 10.5706
	558 10.5597
	559 10.5519
	560 10.5472
	561 10.5457
	562 10.5472
	563 10.5519
	564 10.5597
	565 10.5706
	566 10.5845
	567 10.6016
	568 10.6217
	28 10.6449
LINE 28 29 134.626 12
	569 11.5961
	570 11.393
	571 11.2279
	572 11.1025
	573 11.0181
	574 10.9756
	575 10.9756
	576 11.0181
	577 11.1025
	578 11.2279
	579 11.393
	29 11.5961
LINE 28 34 211.027 19
	580 11.6863
	581 11.4977
	582 11.3287
	583 11.1801
	584 11.0529
	585 10.9476
	586 10.8651
	587 10.8058
	588 10.77
	589 10.758
	590 10.77
	591 10.8058
	592 10.8651
	593 10.9476
	594 11.0529
	595 11.1801
	596 11.3287
	597 11.4977
	34 11.6863
LINE 29 34 249.926 23
	598 10.9898
	599 10.9563
	600 10.926
	601 10.8987
	602 10.8746
	603 10.8537
	604 10.8359
	605 10.8214
	606 10.8101
	607 10.802
	608 10.7971
	609 10.7955
	610 10.7971
	611 10.802
	612 10.8101
	613 10.8214
	614 10.8359
	615 10.8537
	616 10.8746
	617 10.8987
	618 10.926
	619 10.9563
	34 10.9898
LINE 30 31 137.398 12
	620 12.4367
	621 11.9161
	622 11.4827
	623 11.1466
	624 10.9167
	625 10.8
	626 10.8
	627 10.9167
	628 11.1466
	629 11.4827
	630 11.9161
	31 12.4367
LINE 31 38 153.343 14
	631 11.7087
	632 11.3699
	633 11.0796
	634 10.8418
	635 10.6599
	636 10.537
	637 10.4749
	638 10.4749
	639 10.537
	640 10.6599
	641 10.8418
	642 11.0796
	643 11.3699
	38 11.7087
LINE 32 39 220.26 20
	644 11.1087
	645 11.0786
	646 11.0518
	647 11.0283
	648 11.0081
	649 10.9912
	650 10.9777
	651 10.9675
	652 10.9608
	653 10.9574
	654 10.9574
	655 10.9608
	656 10.9675
	657 10.9777
	658 10.9912
	659 11.0081
	660 11.0283
	661 11.0518
	662 11.0786
	39 11.1087
LINE 33 40 97.32 9
	663 11.5445
	664 11.008
	665 10.6081
	666 10.3608
	667 10.2771
	668 10.3608
	669 10.6081
	670 11.008
	40 11.5445
LINE 35 36 196.215 18
	671 10.9543
	672 10.9355
	673 10.919
	674 10.9048
	675 10.893
	676 10.8836
	677 10.8765
	678 10.8717
	679 10.8694
	680 10.8694
	681 10.8717
	682 10.8765
	683 10.8836
	684 10.893
	685 10.9048
	686 10.919
	687 10.9355
	36 10.9543
LINE 35 43 90.0116 8
	688 11.5256
	689 11.2923
	690 11.134
	691 11.054
	692 11.054
	693 11.134
	694 11.2923
	43 11.5256
LINE 35 44 225.2 20
	695 11.8007
	696 11.6337
	697 11.4833
	698 11.3501
	699 11.2346
	700 11.1375
	701 11.0592
	702 11.0001
	703 10.9605
	704 10.9406
	705 10.9406
	706 10.9605
	707 11.0001
	708 11.0592
	709 11.1375
	710 11.2346
	711 11.3501
	712 11.4833
	713 11.6337
	44 11.8007
LINE 37 46 183.383 17
	714 10.8715
	715 10.84
	716 10.8126
	717 10.7894
	718 10.7704
	719 10.7556
	720 10.7449
	721 10.7386
	722 10.7365
	723 10.7386
	724 10.7449
	725 10.7556
	726 10.7704
	727 10.7894
	728 10.8126
	729 10.84
	46 10.8715
LINE 38 39 183.401 16
	730 12.3888
	731 12.0312
	732 11.7159
	733 11.4466
	734 11.2265
	735 11.0585
	736 10.9451
	737 10.888
	738 10.888
	739 10.9451
	740 11.0585
	741 11.2265
	742 11.4466
	743 11.7159
	744 12.0312
	39 12.3888
LINE 39 40 137.961 13
	745 10.9212
	746 10.7686
	747 10.6421
	748 10.5427
	749 10.4711
	750 10.4279
	751 10.4134
	752 10.4279
	753 10.4711
	754 10.5427
	755 10.6421
	756 10.7686
	40 10.9212
LINE 39 46 232.577 21
	757 11.4322
	758 11.3267
	759 11.2314
	760 11.1468
	761 11.0728
	762 11.0099
	763 10.9581
	764 10.9177
	765 10.8887
	766 10.8713
	767 10.8655
	768 10.8713
	769 10.8887
	770 10.9177
	771 10.9581
	772 11.0099
	773 11.0728
	774 11.1468
	775 11.2314
	776 11.3267
	46 11.4322
LINE 39 48 205.377 19
	777 10.811
	778 10.8104
	779 10.8099
	780 10.8095
	781 10.8091
	782 10.8088
	783 10.8086
	784 10.8084
	785 10.8083
	786 10.8083
	787 10.8083
	788 10.8084
	789 10.8086
	790 10.8088
	791 10.8091
	792 10.8095
	793 10.8099
	794 10.8104
	48 10.811
LINE 41 49 208.389 19
	795 11.6154
	796 11.4054
	797 11.2168
	798 11.0507
	799 10.9082
	800 10.7903
	801 10.6976
	802 10.6309
	803 10.5907
	804 10.5773
	805 10.5907
	806 10.6309
	807 10.6976
	808 10.7903
	809 10.9082
	810 11.0507
	811 11.2168
	812 11.4054
	49 11.6154
LINE 42 50 163.383 15
	813 11.2074
	814 11.074
	815 10.9598
	816 10.8655
	817 10.7916
	818 10.7385
	819 10.7065
	820 10.6958
	821 10.7065
	822 10.7385
	823 10.7916
	824 10.8655
	825 10.9598
	826 11.074
	50 11.2074
LINE 43 44 155.614 15
	827 10.3827
	828 10.3791
	829 10.376
	830 10.3736
	831 10.3716
	832 10.3703
	833 10.3694
	834 10.3691
	835 10.3694
	836 10.3703
	837 10.3716
	838 10.3736
	839 10.376
	840 10.3791
	44 10.3827
LINE 44 45 155.471 14
	841 12.0509
	842 11.6296
	843 11.2664
	844 10.9673
	845 10.7374
	846 10.5814
	847 10.5026
	848 10.5026
	849 10.5814
	850 10.7374
	851 10.9673
	852 11.2664
	853 11.6296
	45 12.0509
LINE 45 46 149.748 14
	854 10.7819
	855 10.7425
	856 10.7096
	857 10.6832
	858 10.6634
	859 10.6501
	860 10.6435
	861 10.6435
	862 10.6501
	863 10.6634
	864 10.6832
	865 10.7096
	866 10.7425
	46 10.7819
LINE 46 47 127.458 11
	867 12.3321
	868 11.8957
	869 11.5448
	870 11.2875
	871 11.1303
	872 11.0774
	873 11.1303
	874 11.2875
	875 11.5448
	876 11.8957
	47 12.3321
LINE 48 49 147.449 14
	877 10.7096
	878 10.6282
	879 10.5599
	880 10.505
	881 10.4636
	882 10.4359
	883 10.4221
	884 10.4221
	885 10.4359
	886 10.4636
	887 10.505
	888 10.5599
	889 10.6282
	49 10.7096
LINE 48 55 169.501 16
	890 10.7728
	891 10.7017
	892 10.6404
	893 10.5891
	894 10.5478
	895 10.5168
	896 10.496
	897 10.4856
	898 10.4856
	899 10.496
	900 10.5168
	901 10.5478
	902 10.5891
	903 10.6404
	904 10.7017
	55 10.7728
LINE 49 50 91.2732 8
	905 11.5675
	906 11.4323
	907 11.3413
	908 11.2955
	909 11.2955
	910 11.3413
	911 11.4323
	50 11.5675
LINE 49 55 232.66 22
	912 10.5855
	913 10.5826
	914 10.5801
	915 10.5778
	916 10.5758
	917 10.574
	918 10.5726
	919 10.5714
	920 10.5706
	921 10.57
	922 10.5697
	923 10.5697
	924 10.57
	925 10.5706
	926 10.5714
	927 10.5726
	928 10.574
	929 10.5758
	930 10.5778
	931 10.5801
	932 10.5826
	55 10.5855
LINE 49 56 134.057 12
	933 11.9188
	934 11.5216
	935 11.1937
	936 10.9414
	937 10.7698
	938 10.683
	939 10.683
	940 10.7698
	941 10.9414
	942 11.1937
	943 11.5216
	56 11.9188
LINE 50 57 231.173 21
	944 11.3211
	945 11.2285
	946 11.145
	947 11.0708
	948 11.0061
	949 10.9511
	950 10.9058
	951 10.8705
	952 10.8452
	953 10.83
	954 10.8249
	955 10.83
	956 10.8452
	957 10.8705
	958 10.9058
	959 10.9511
	960 11.0061
	961 11.0708
	962 11.145
	963 11.2285
	57 11.3211
LINE 51 52 103.856 10
	964 10.3963
	965 10.3892
	966 10.3839
	967 10.3803
	968 10.3785
	969 10.3785
	970 10.3803
	971 10.3839
	972 10.3892
	52 10.3963
LINE 52 53 171.105 16
	973 10.9548
	974 10.8516
	975 10.7624
	976 10.6875
	977 10.6272
	978 10.5817
	979 10.5513
	980 10.5361
	981 10.5361
	982 10.5513
	983 10.5817
	984 10.6272
	985 10.6875
	986 10.7624
	987 10.8516
	53 10.9548
LINE 53 54 123.471 11
	988 11.6191
	989 11.3855
	990 11.2005
	991 11.0664
	992 10.9852
	993 10.958
	994 10.9852
	995 11.0664
	996 11.2005
	997 11.3855
	54 11.6191
LINE 56 57 124.209 11
	998 11.9153
	999 11.5488
	1000 11.2554
	1001 11.0411
	1002 10.9105
	1003 10.8667
	1004 10.9105
	1005 11.0411
	1006 11.2554
	1007 11.5488
	57 11.9153
COORDENADAS :
1	109.968	742.025
2	207.229	737.005
3	268.268	737.101
4	464.86	767.146
5	593.869	766.823
6	712.337	736.093
7	808.981	747.421
8	87.4345	626.129
9	164.884	655.61
10	373.256	603.183
11	483.126	653.839
12	576.259	621.459
13	695.313	599.566
14	792.177	634.476
15	103.803	552.023
16	189.462	523.412
17	320.372	564.888
18	405.018	568.735
19	465.129	538.325
20	621.835	525.999
21	682.835	518.821
22	763.256	541.805
23	188.77	400.229
24	263.559	430.825
25	421.442	464.499
26	489.519	449.836
27	604.198	455.512
28	722.666	439.707
29	803.038	404.456
30	316.909	331.28
31	402.73	340.186
32	501.231	356.05
33	608.479	322.976
34	662.102	317.637
35	85.296	215.172
36	215.358	224.948
37	322.277	207.105
38	412.177	242.95
39	523.963	211.737
40	598.876	262.066
41	715.992	266.49
42	775.202	262.034
43	117.206	165.663
44	220.803	161.25
45	305.396	111.908
46	404.572	117.475
47	478.932	150.179
48	616.554	110.891
49	711.359	132.591
50	767.091	155.383
51	221.261	7.65007
52	282.91	39.0579
53	394.495	52.2687
54	474.817	49.8697
55	631.038	0
56	706.721	47.3403
57	773.576	3.97351
58	356.163	745.397
59	509.464	61.5386
60	262.337	286.692
61	638.569	381.983
62	0	305.516
63	116.987	743.059
64	123.995	743.879
65	130.992	744.485
66	137.978	744.876
67	144.953	745.053
68	151.917	745.016
69	158.87	744.764
70	165.811	744.299
71	172.742	743.619
72	179.662	742.724
73	186.57	741.616
74	193.468	740.293
75	200.354	738.756
76	203.562	730.957
77	199.963	724.874
78	196.433	718.755
79	192.97	712.6
80	189.576	706.41
81	186.251	700.184
82	182.993	693.923
83	179.804	687.627
84	176.683	681.294
85	173.631	674.926
86	170.647	668.523
87	167.731	662.084
88	274.446	732.936
89	280.468	728.647
90	286.333	724.236
91	292.042	719.702
92	297.593	715.044
93	302.987	710.264
94	308.225	705.36
95	313.305	700.334
96	318.229	695.185
97	322.996	689.912
98	327.605	684.517
99	332.058	678.998
100	336.354	673.357
101	340.494	667.592
102	344.476	661.705
103	348.301	655.695
104	351.97	649.561
105	355.481	643.305
106	358.836	636.925
107	362.034	630.423
108	365.075	623.797
109	367.959	617.049
110	370.686	610.178
111	472.03	768.281
112	479.2	769.28
113	486.369	770.143
114	493.538	770.871
115	500.707	771.463
116	507.875	771.92
117	515.043	772.241
118	522.211	772.426
119	529.378	772.476
120	536.545	772.39
121	543.712	772.169
122	550.878	771.812
123	558.044	771.32
124	565.21	770.692
125	572.375	769.928
126	579.54	769.029
127	586.705	767.994
128	463.586	759.675
129	462.633	752.256
130	462.003	744.888
131	461.695	737.573
132	461.709	730.309
133	462.045	723.098
134	462.704	715.938
135	463.684	708.831
136	464.987	701.775
137	466.612	694.771
138	468.559	687.819
139	470.828	680.919
140	473.419	674.071
141	476.332	667.275
142	479.568	660.531
143	467.611	760.37
144	470.485	753.688
145	473.481	747.099
146	476.6	740.605
147	479.842	734.204
148	483.207	727.897
149	486.694	721.684
150	490.303	715.565
151	494.036	709.539
152	497.891	703.608
153	501.869	697.77
154	505.97	692.026
155	510.193	686.375
156	514.539	680.819
157	519.007	675.356
158	523.599	669.987
159	528.313	664.712
160	533.149	659.531
161	538.109	654.444
162	543.191	649.45
163	548.395	644.551
164	553.723	639.745
165	559.173	635.033
166	564.746	630.414
167	570.441	625.89
168	599.725	761.902
169	605.42	756.882
170	610.954	751.765
171	616.326	746.55
172	621.536	741.236
173	626.585	735.825
174	631.473	730.316
175	636.199	724.709
176	640.763	719.004
177	645.166	713.201
178	649.408	707.3
179	653.488	701.301
180	657.407	695.205
181	661.164	689.01
182	664.76	682.717
183	668.194	676.327
184	671.467	669.838
185	674.578	663.252
186	677.528	656.567
187	680.316	649.785
188	682.943	642.905
189	685.408	635.926
190	687.712	628.85
191	689.855	621.676
192	691.836	614.404
193	693.655	607.034
194	715.311	728.425
195	717.855	720.81
196	719.968	713.249
197	721.652	705.742
198	722.906	698.288
199	723.73	690.888
200	724.124	683.542
201	724.087	676.249
202	723.621	669.01
203	722.725	661.824
204	721.399	654.692
205	719.643	647.614
206	717.458	640.589
207	714.842	633.618
208	711.796	626.7
209	708.32	619.836
210	704.414	613.026
211	700.079	606.269
212	809.248	740.166
213	809.338	732.938
214	809.254	725.735
215	808.993	718.558
216	808.558	711.408
217	807.946	704.283
218	807.159	697.185
219	806.197	690.113
220	805.059	683.067
221	803.745	676.047
222	802.256	669.053
223	800.591	662.085
224	798.751	655.144
225	796.735	648.228
226	794.544	641.339
227	94.3154	627.465
228	101.119	629.004
229	107.844	630.747
230	114.493	632.694
231	121.063	634.845
232	127.556	637.2
233	133.971	639.759
234	140.309	642.521
235	146.569	645.487
236	152.752	648.658
237	158.856	652.032
238	88.3073	619.256
239	89.3032	612.411
240	90.4221	605.592
241	91.6641	598.801
242	93.0291	592.037
243	94.5171	585.3
244	96.1282	578.59
245	97.8623	571.908
246	99.7194	565.252
247	101.7	558.624
248	166.558	648.723
249	168.189	641.828
250	169.779	634.925
251	171.326	628.014
252	172.831	621.096
253	174.293	614.17
254	175.714	607.235
255	177.092	600.293
256	178.428	593.343
257	179.721	586.385
258	180.973	579.42
259	182.182	572.446
260	183.348	565.465
261	184.473	558.476
262	185.555	551.479
263	186.595	544.474
264	187.593	537.461
265	188.549	530.44
266	380.272	604.963
267	387.219	606.893
268	394.097	608.973
269	400.905	611.203
270	407.645	613.583
271	414.315	616.113
272	420.916	618.793
273	427.448	621.623
274	433.911	624.602
275	440.305	627.732
276	446.63	631.012
277	452.885	634.441
278	459.072	638.021
279	465.189	641.75
280	471.237	645.63
281	477.216	649.659
282	379.715	600.034
283	385.534	596.294
284	390.712	591.963
285	395.249	587.042
286	399.146	581.531
287	402.402	575.428
288	583.365	620.725
289	590.457	619.922
290	597.536	619.05
291	604.603	618.109
292	611.657	617.098
293	618.699	616.018
294	625.727	614.869
295	632.743	613.65
296	639.746	612.362
297	646.737	611.005
298	653.715	609.579
299	660.679	608.083
300	667.632	606.518
301	674.571	604.884
302	681.498	603.181
303	688.412	601.408
304	702.334	601.776
305	709.34	604.029
306	716.33	606.325
307	723.304	608.666
308	730.262	611.05
309	737.204	613.478
310	744.131	615.95
311	751.042	618.465
312	757.937	621.024
313	764.817	623.627
314	771.681	626.273
315	778.528	628.964
316	785.361	631.698
317	787.657	628.793
318	783.094	623.151
319	778.489	617.549
320	773.84	611.988
321	769.148	606.468
322	764.414	600.988
323	759.637	595.549
324	754.817	590.15
325	749.954	584.791
326	745.048	579.473
327	740.1	574.196
328	735.108	568.959
329	730.074	563.763
330	724.996	558.607
331	719.876	553.492
332	714.713	548.418
333	709.507	543.383
334	704.259	538.39
335	698.967	533.437
336	693.633	528.524
337	688.255	523.652
338	110.358	549.719
339	116.918	547.433
340	123.484	545.163
341	130.056	542.911
342	136.634	540.676
343	143.218	538.458
344	149.807	536.257
345	156.402	534.073
346	163.002	531.907
347	169.609	529.757
348	176.221	527.625
349	182.838	525.51
350	196.178	526.144
351	202.913	528.815
352	209.668	531.425
353	216.442	533.974
354	223.235	536.462
355	230.048	538.889
356	236.88	541.255
357	243.731	543.56
358	250.602	545.804
359	257.492	547.987
360	264.401	550.109
361	271.33	552.17
362	278.278	554.17
363	285.245	556.109
364	292.232	557.987
365	299.238	559.803
366	306.263	561.559
367	313.308	563.254
368	187.106	516.179
369	185.039	508.944
370	183.262	501.708
371	181.774	494.47
372	180.575	487.23
373	179.666	479.989
374	179.047	472.746
375	178.717	465.502
376	178.676	458.256
377	178.925	451.008
378	179.463	443.759
379	180.29	436.508
380	181.407	429.255
381	182.814	422.001
382	184.51	414.745
383	186.495	407.488
384	327.296	568.065
385	334.244	570.723
386	341.215	572.861
387	348.21	574.48
388	355.228	575.58
389	362.27	576.16
390	369.336	576.221
391	376.425	575.762
392	383.538	574.785
393	390.675	573.288
394	397.835	571.271
395	314.703	559.383
396	309.332	553.752
397	304.259	547.995
398	299.483	542.112
399	295.005	536.103
400	290.825	529.967
401	286.943	523.706
402	283.358	517.318
403	280.071	510.804
404	277.081	504.164
405	274.389	497.398
406	271.995	490.505
407	269.899	483.487
408	268.1	476.342
409	266.599	469.071
410	265.396	461.674
411	264.49	454.151
412	263.882	446.502
413	263.572	438.726
414	412.594	567.128
415	419.945	565.079
416	427.072	562.586
417	433.976	559.65
418	440.655	556.271
419	447.109	552.449
420	453.34	548.184
421	459.347	543.476
422	472.43	540.02
423	479.713	541.5
424	486.98	542.765
425	494.229	543.815
426	501.462	544.651
427	508.678	545.271
428	515.877	545.677
429	523.059	545.869
430	530.225	545.845
431	537.373	545.607
432	544.504	545.154
433	551.619	544.487
434	558.716	543.604
435	565.797	542.507
436	572.861	541.195
437	579.908	539.668
438	586.938	537.927
439	593.951	535.971
440	600.948	533.8
441	607.927	531.414
442	614.89	528.814
443	768.609	535.912
444	773.608	529.917
445	778.253	523.818
446	782.544	517.618
447	786.481	511.314
448	790.064	504.908
449	793.292	498.4
450	796.167	491.789
451	798.687	485.075
452	800.853	478.259
453	802.665	471.341
454	804.123	464.319
455	805.227	457.195
456	805.977	449.969
457	806.372	442.64
458	806.414	435.208
459	806.101	427.674
460	805.434	420.037
461	804.413	412.298
462	267.057	424.691
463	270.534	418.545
464	273.988	412.388
465	277.421	406.219
466	280.831	400.039
467	284.22	393.846
468	287.587	387.642
469	290.933	381.426
470	294.256	375.199
471	297.558	368.96
472	300.837	362.709
473	304.095	356.447
474	307.332	350.172
475	310.546	343.887
476	313.738	337.589
477	427.628	460.144
478	433.952	456.431
479	440.414	453.36
480	447.014	450.931
481	453.753	449.144
482	460.629	447.998
483	467.645	447.495
484	474.798	447.633
485	482.09	448.413
486	415.008	460.579
487	408.755	456.517
488	402.683	452.313
489	396.792	447.968
490	391.081	443.48
491	385.551	438.851
492	380.201	434.08
493	375.032	429.167
494	370.044	424.113
495	365.237	418.917
496	360.611	413.579
497	356.165	408.099
498	351.899	402.477
499	347.815	396.713
500	343.911	390.808
501	340.188	384.761
502	336.646	378.572
503	333.284	372.241
504	330.103	365.769
505	327.103	359.155
506	324.283	352.399
507	321.644	345.501
508	319.186	338.461
509	422.992	457.203
510	424.237	449.953
511	425.177	442.749
512	425.813	435.59
513	426.144	428.478
514	426.171	421.411
515	425.892	414.39
516	425.31	407.415
517	424.423	400.486
518	423.231	393.602
519	421.734	386.765
520	419.933	379.973
521	417.828	373.227
522	415.417	366.527
523	412.702	359.873
524	409.683	353.265
525	406.359	346.702
526	496.618	451.585
527	503.725	453.149
528	510.842	454.526
529	517.968	455.718
530	525.103	456.723
531	532.248	457.543
532	539.401	458.177
533	546.564	458.625
534	553.736	458.886
535	560.917	458.962
536	568.108	458.852
537	575.307	458.556
538	582.516	458.074
539	589.734	457.406
540	596.962	456.552
541	486.837	442.174
542	484.753	434.587
543	483.265	427.074
544	482.374	419.636
545	482.081	412.273
546	482.385	404.984
547	483.285	397.77
548	484.783	390.63
549	486.879	383.565
550	489.571	376.574
551	492.86	369.658
552	496.747	362.817
553	611.039	453.624
554	617.896	451.856
555	624.769	450.208
556	631.658	448.68
557	638.562	447.271
558	645.483	445.982
559	652.42	444.813
560	659.373	443.764
561	666.341	442.834
562	673.326	442.024
563	680.327	441.334
564	687.343	440.763
565	694.376	440.313
566	701.425	439.982
567	708.489	439.771
568	715.57	439.679
569	730.37	439.064
570	737.891	438.003
571	745.229	436.526
572	752.384	434.631
573	759.356	432.319
574	766.145	429.59
575	772.751	426.444
576	779.175	422.881
577	785.415	418.9
578	791.472	414.503
579	797.347	409.688
580	722.205	431.93
581	721.44	424.303
582	720.373	416.827
583	719.002	409.5
584	717.329	402.324
585	715.353	395.298
586	713.074	388.423
587	710.493	381.697
588	707.608	375.122
589	704.42	368.698
590	700.93	362.423
591	697.136	356.299
592	693.04	350.325
593	688.641	344.501
594	683.939	338.828
595	678.934	333.305
596	673.626	327.932
597	668.016	322.71
598	797.63	399.514
599	792.156	394.677
600	786.617	389.947
601	781.013	385.323
602	775.343	380.805
603	769.608	376.393
604	763.807	372.088
605	757.941	367.888
606	752.01	363.795
607	746.013	359.808
608	739.951	355.927
609	733.823	352.152
610	727.63	348.484
611	721.371	344.921
612	715.048	341.465
613	708.658	338.115
614	702.204	334.871
615	695.684	331.733
616	689.098	328.702
617	682.447	325.776
618	675.731	322.957
619	668.949	320.244
620	323.635	336.128
621	330.438	340.23
622	337.318	343.586
623	344.276	346.194
624	351.312	348.056
625	358.425	349.172
626	365.616	349.541
627	372.884	349.163
628	380.229	348.039
629	387.652	346.168
630	395.152	343.55
631	399.923	332.902
632	397.652	325.671
633	395.917	318.491
634	394.717	311.363
635	394.052	304.288
636	393.923	297.265
637	394.33	290.293
638	395.273	283.374
639	396.751	276.506
640	398.765	269.691
641	401.315	262.928
642	404.4	256.217
643	408.021	249.557
644	503.573	349.024
645	505.787	341.978
646	507.876	334.913
647	509.837	327.827
648	511.671	320.721
649	513.379	313.595
650	514.959	306.45
651	516.413	299.284
652	517.74	292.098
653	518.94	284.893
654	520.013	277.667
655	520.96	270.421
656	521.779	263.156
657	522.472	255.87
658	523.037	248.565
659	523.476	241.239
660	523.788	233.893
661	523.973	226.528
662	524.032	219.142
663	610.875	315.662
664	612.406	308.485
665	613.071	301.444
666	612.869	294.54
667	611.803	287.772
668	609.87	281.141
669	607.071	274.646
670	603.407	268.288
671	92.5898	214.809
672	99.8756	214.552
673	107.153	214.402
674	114.423	214.358
675	121.685	214.422
676	128.939	214.591
677	136.184	214.868
678	143.422	215.251
679	150.652	215.741
680	157.873	216.337
681	165.087	217.04
682	172.293	217.85
683	179.49	218.766
684	186.68	219.789
685	193.861	220.919
686	201.035	222.155
687	208.2	223.498
688	91.1322	210.174
689	96.4406	204.836
690	101.221	199.158
691	105.474	193.139
692	109.199	186.781
693	112.395	180.082
694	115.065	173.043
695	93.163	215.219
696	100.915	214.977
697	108.552	214.447
698	116.074	213.628
699	123.482	212.52
700	130.774	211.123
701	137.952	209.438
702	145.014	207.463
703	151.962	205.2
704	158.795	202.649
705	165.513	199.808
706	172.116	196.679
707	178.604	193.261
708	184.977	189.554
709	191.235	185.559
710	197.379	181.274
711	203.407	176.701
712	209.321	171.84
713	215.12	166.689
714	327.957	202.603
715	333.532	198.005
716	339.002	193.31
717	344.368	188.519
718	349.628	183.632
719	354.783	178.649
720	359.834	173.569
721	364.78	168.393
722	369.621	163.12
723	374.357	157.752
724	378.988	152.287
725	383.514	146.726
726	387.935	141.068
727	392.252	135.314
728	396.463	129.464
729	400.57	123.518
730	420.226	244.803
731	428.133	246.149
732	435.898	246.987
733	443.522	247.319
734	451.004	247.143
735	458.345	246.46
736	465.544	245.27
737	472.602	243.573
738	479.517	241.368
739	486.292	238.657
740	492.924	235.438
741	499.415	231.712
742	505.765	227.479
743	511.972	222.739
744	518.038	217.491
745	530.949	213.787
746	537.732	216.14
747	544.31	218.798
748	550.684	221.758
749	556.855	225.023
750	562.821	228.591
751	568.584	232.462
752	574.143	236.637
753	579.497	241.116
754	584.648	245.898
755	589.595	250.984
756	594.338	256.373
757	516.809	209.108
758	509.802	206.293
759	502.942	203.293
760	496.229	200.106
761	489.663	196.733
762	483.243	193.174
763	476.971	189.43
764	470.845	185.499
765	464.866	181.382
766	459.034	177.08
767	453.348	172.591
768	447.81	167.916
769	442.418	163.056
770	437.173	158.009
771	432.076	152.776
772	427.125	147.358
773	422.32	141.753
774	417.663	135.963
775	413.152	129.986
776	408.789	123.823
777	528.718	206.321
778	533.486	200.917
779	538.268	195.525
780	543.062	190.145
781	547.87	184.777
782	552.691	179.421
783	557.525	174.077
784	562.372	168.745
785	567.232	163.426
786	572.105	158.118
787	576.991	152.822
788	581.891	147.539
789	586.803	142.267
790	591.729	137.008
791	596.668	131.76
792	601.62	126.525
793	606.585	121.301
794	611.563	116.09
795	718.947	259.332
796	721.545	252.186
797	723.789	245.053
798	725.677	237.932
799	727.21	230.823
800	728.387	223.727
801	729.209	216.643
802	729.676	209.571
803	729.787	202.511
804	729.544	195.464
805	728.944	188.429
806	727.99	181.406
807	726.68	174.396
808	725.015	167.397
809	722.994	160.412
810	720.618	153.438
811	717.887	146.477
812	714.801	139.528
813	772.436	255.093
814	769.988	248.128
815	767.858	241.139
816	766.046	234.126
817	764.551	227.088
818	763.375	220.026
819	762.516	212.941
820	761.975	205.831
821	761.752	198.696
822	761.847	191.538
823	762.26	184.355
824	762.991	177.149
825	764.04	169.918
826	765.406	162.663
827	124.097	165.016
828	130.991	164.42
829	137.887	163.874
830	144.785	163.378
831	151.685	162.932
832	158.587	162.537
833	165.491	162.193
834	172.398	161.899
835	179.306	161.655
836	186.217	161.461
837	193.13	161.318
838	200.045	161.226
839	206.962	161.183
840	213.882	161.191
841	228.837	161.138
842	236.563	160.502
843	243.984	159.34
844	251.098	157.654
845	257.906	155.442
846	264.408	152.705
847	270.604	149.443
848	276.493	145.656
849	282.076	141.344
850	287.353	136.507
851	292.323	131.145
852	296.987	125.258
853	301.345	118.845
854	312.416	113.455
855	319.445	114.825
856	326.484	116.019
857	333.534	117.035
858	340.593	117.875
859	347.662	118.538
860	354.741	119.024
861	361.83	119.333
862	368.929	119.466
863	376.037	119.421
864	383.156	119.2
865	390.285	118.802
866	397.423	118.227
867	409.877	123.755
868	415.474	129.374
869	421.361	134.332
870	427.539	138.628
871	434.008	142.263
872	440.768	145.236
873	447.819	147.547
874	455.161	149.198
875	462.794	150.186
876	470.717	150.514
877	623.694	110.834
878	630.777	111.025
879	637.803	111.463
880	644.773	112.148
881	651.686	113.08
882	658.543	114.259
883	665.343	115.686
884	672.086	117.359
885	678.773	119.28
886	685.403	121.448
887	691.977	123.863
888	698.494	126.525
889	704.955	129.435
890	615.823	103.746
891	615.309	96.6303
892	615.014	89.5429
893	614.937	82.4839
894	615.078	75.4534
895	615.438	68.4515
896	616.016	61.478
897	616.812	54.5331
898	617.826	47.6167
899	619.059	40.7288
900	620.51	33.8694
901	622.179	27.0385
902	624.066	20.2361
903	626.172	13.4622
904	628.496	6.71685
905	717.689	136.995
906	724.202	140.955
907	730.896	144.47
908	737.771	147.541
909	744.829	150.168
910	752.068	152.351
911	759.488	154.089
912	707.378	126.764
913	703.429	120.918
914	699.511	115.053
915	695.624	109.169
916	691.769	103.266
917	687.945	97.3436
918	684.153	91.4023
919	680.392	85.4421
920	676.663	79.4628
921	672.965	73.4644
922	669.298	67.4471
923	665.663	61.4107
924	662.059	55.3553
925	658.486	49.2808
926	654.946	43.1873
927	651.436	37.0748
928	647.958	30.9432
929	644.511	24.7927
930	641.096	18.623
931	637.712	12.4344
932	634.359	6.22671
933	707.44	125.679
934	704.163	118.732
935	701.528	111.75
936	699.536	104.733
937	698.186	97.6816
938	697.478	90.5948
939	697.413	83.4731
940	697.99	76.3164
941	699.209	69.1248
942	701.071	61.8983
943	703.575	54.6368
944	769.607	148.268
945	771.903	141.143
946	773.978	134.009
947	775.833	126.865
948	777.466	119.712
949	778.879	112.549
950	780.071	105.377
951	781.042	98.1953
952	781.792	91.0042
953	782.322	83.8036
954	782.631	76.5937
955	782.719	69.3742
956	782.586	62.1453
957	782.233	54.9069
958	781.659	47.6591
959	780.863	40.4018
960	779.848	33.1351
961	778.611	25.8589
962	777.154	18.5732
963	775.475	11.2781
964	227.611	10.4277
965	233.919	13.286
966	240.187	16.225
967	246.414	19.2447
968	252.599	22.3452
969	258.743	25.5263
970	264.847	28.7882
971	270.909	32.1307
972	276.93	35.5539
973	289.648	41.874
974	296.418	44.4247
975	303.219	46.71
976	310.052	48.7299
977	316.916	50.4844
978	323.812	51.9735
979	330.739	53.1973
980	337.697	54.1557
981	344.687	54.8487
982	351.708	55.2763
983	358.761	55.4385
984	365.845	55.3353
985	372.96	54.9667
986	380.107	54.3328
987	387.285	53.4335
988	401.72	49.4762
989	408.961	47.1985
990	416.217	45.4358
991	423.488	44.1879
992	430.775	43.4549
993	438.077	43.2368
994	445.394	43.5336
995	452.727	44.3453
996	460.075	45.6719
997	467.439	47.5133
998	714.572	46.1316
999	722.068	44.3761
1000	729.21	42.0739
1001	735.997	39.2249
1002	742.43	35.8292
1003	748.507	31.8868
1004	754.23	27.3976
1005	759.599	22.3617
1006	764.613	16.7791
1007	769.272	10.6497
