NOMBRE : MTLARP7_10_4_1.dat
VERTICES ORIGINALES : 66
VERTICES TOTALES : 815
DEPOTS : 4
63
64
65
66
LINEAS ORIGINALES : 50
LINE 1 9 136.009 13
	67 10.5759
	68 10.5193
	69 10.4728
	70 10.4364
	71 10.4104
	72 10.3948
	73 10.3895
	74 10.3948
	75 10.4104
	76 10.4364
	77 10.4728
	78 10.5193
	9 10.5759
LINE 2 9 174.928 17
	79 10.5653
	80 10.4632
	81 10.374
	82 10.2979
	83 10.2352
	84 10.1862
	85 10.151
	86 10.1299
	87 10.1228
	88 10.1299
	89 10.151
	90 10.1862
	91 10.2352
	92 10.2979
	93 10.374
	94 10.4632
	9 10.5653
LINE 3 4 95.4422 9
	95 10.7595
	96 10.6439
	97 10.5606
	98 10.5103
	99 10.4935
	100 10.5103
	101 10.5606
	102 10.6439
	4 10.7595
LINE 3 10 218.919 20
	103 11.943
	104 11.6412
	105 11.3661
	106 11.1199
	107 10.9044
	108 10.7215
	109 10.5729
	110 10.4601
	111 10.3842
	112 10.3461
	113 10.3461
	114 10.3842
	115 10.4601
	116 10.5729
	117 10.7215
	118 10.9044
	119 11.1199
	120 11.3661
	121 11.6412
	10 11.943
LINE 4 5 180.279 17
	122 10.6878
	123 10.6567
	124 10.6297
	125 10.6068
	126 10.588
	127 10.5734
	128 10.5629
	129 10.5566
	130 10.5545
	131 10.5566
	132 10.5629
	133 10.5734
	134 10.588
	135 10.6068
	136 10.6297
	137 10.6567
	5 10.6878
LINE 4 11 235.084 22
	138 11.6075
	139 11.3547
	140 11.1222
	141 10.9114
	142 10.7236
	143 10.5599
	144 10.4216
	145 10.3095
	146 10.2247
	147 10.1678
	148 10.1392
	149 10.1392
	150 10.1678
	151 10.2247
	152 10.3095
	153 10.4216
	154 10.5599
	155 10.7236
	156 10.9114
	157 11.1222
	158 11.3547
	11 11.6075
LINE 6 7 142.435 13
	159 12.1325
	160 11.5694
	161 11.0874
	162 10.6975
	163 10.4101
	164 10.2337
	165 10.1743
	166 10.2337
	167 10.4101
	168 10.6975
	169 11.0874
	170 11.5694
	7 12.1325
LINE 8 17 209.769 20
	171 10.5978
	172 10.5634
	173 10.5328
	174 10.5059
	175 10.4828
	176 10.4636
	177 10.4481
	178 10.4365
	179 10.4288
	180 10.4249
	181 10.4249
	182 10.4288
	183 10.4365
	184 10.4481
	185 10.4636
	186 10.4828
	187 10.5059
	188 10.5328
	189 10.5634
	17 10.5978
LINE 10 20 291.9 26
	190 12.6749
	191 12.3483
	192 12.0412
	193 11.755
	194 11.4913
	195 11.2518
	196 11.0379
	197 10.8512
	198 10.6931
	199 10.565
	200 10.4679
	201 10.4026
	202 10.3698
	203 10.3698
	204 10.4026
	205 10.4679
	206 10.565
	207 10.6931
	208 10.8512
	209 11.0379
	210 11.2518
	211 11.4913
	212 11.755
	213 12.0412
	214 12.3483
	20 12.6749
LINE 11 12 117.227 11
	215 10.7753
	216 10.7046
	217 10.6493
	218 10.6097
	219 10.5858
	220 10.5778
	221 10.5858
	222 10.6097
	223 10.6493
	224 10.7046
	12 10.7753
LINE 13 22 186.938 18
	225 10.6272
	226 10.5428
	227 10.4684
	228 10.4042
	229 10.3504
	230 10.3071
	231 10.2745
	232 10.2528
	233 10.2419
	234 10.2419
	235 10.2528
	236 10.2745
	237 10.3071
	238 10.3504
	239 10.4042
	240 10.4684
	241 10.5428
	22 10.6272
LINE 14 23 174.893 17
	242 10.4756
	243 10.4058
	244 10.3449
	245 10.293
	246 10.2504
	247 10.2172
	248 10.1933
	249 10.179
	250 10.1742
	251 10.179
	252 10.1933
	253 10.2172
	254 10.2504
	255 10.293
	256 10.3449
	257 10.4058
	23 10.4756
LINE 15 24 126.235 12
	258 11.1753
	259 10.8262
	260 10.5387
	261 10.3177
	262 10.1677
	263 10.0919
	264 10.0919
	265 10.1677
	266 10.3177
	267 10.5387
	268 10.8262
	24 11.1753
LINE 16 17 144.133 14
	269 10.3804
	270 10.3412
	271 10.3084
	272 10.2821
	273 10.2624
	274 10.2492
	275 10.2425
	276 10.2425
	277 10.2492
	278 10.2624
	279 10.2821
	280 10.3084
	281 10.3412
	17 10.3804
LINE 18 27 149.853 14
	282 11.8065
	283 11.3188
	284 10.8958
	285 10.5452
	286 10.2744
	287 10.0898
	288 9.99621
	289 9.99621
	290 10.0898
	291 10.2744
	292 10.5452
	293 10.8958
	294 11.3188
	27 11.8065
LINE 19 28 228.224 22
	295 10.5245
	296 10.4817
	297 10.4431
	298 10.4087
	299 10.3784
	300 10.3525
	301 10.3308
	302 10.3134
	303 10.3003
	304 10.2916
	305 10.2872
	306 10.2872
	307 10.2916
	308 10.3003
	309 10.3134
	310 10.3308
	311 10.3525
	312 10.3784
	313 10.4087
	314 10.4431
	315 10.4817
	28 10.5245
LINE 20 21 150.617 14
	316 11.1793
	317 10.9882
	318 10.8263
	319 10.6951
	320 10.5956
	321 10.5287
	322 10.4951
	323 10.4951
	324 10.5287
	325 10.5956
	326 10.6951
	327 10.8263
	328 10.9882
	21 11.1793
LINE 20 29 156.968 14
	329 12.2012
	330 11.7611
	331 11.3813
	332 11.0682
	333 10.8273
	334 10.6638
	335 10.581
	336 10.581
	337 10.6638
	338 10.8273
	339 11.0682
	340 11.3813
	341 11.7611
	29 12.2012
LINE 21 30 239.516 23
	342 10.4656
	343 10.4515
	344 10.4387
	345 10.4273
	346 10.4171
	347 10.4084
	348 10.4009
	349 10.3948
	350 10.3901
	351 10.3867
	352 10.3847
	353 10.384
	354 10.3847
	355 10.3867
	356 10.3901
	357 10.3948
	358 10.4009
	359 10.4084
	360 10.4171
	361 10.4273
	362 10.4387
	363 10.4515
	30 10.4656
LINE 23 24 176.812 17
	364 10.6788
	365 10.5758
	366 10.4857
	367 10.4088
	368 10.3455
	369 10.296
	370 10.2604
	371 10.2391
	372 10.2319
	373 10.2391
	374 10.2604
	375 10.296
	376 10.3455
	377 10.4088
	378 10.4857
	379 10.5758
	24 10.6788
LINE 25 26 159.537 15
	380 11.1487
	381 10.9334
	382 10.7479
	383 10.5936
	384 10.4721
	385 10.3844
	386 10.3315
	387 10.3138
	388 10.3315
	389 10.3844
	390 10.4721
	391 10.5936
	392 10.7479
	393 10.9334
	26 11.1487
LINE 26 27 157.941 14
	394 12.3236
	395 11.8607
	396 11.4608
	397 11.1304
	398 10.8761
	399 10.7032
	400 10.6157
	401 10.6157
	402 10.7032
	403 10.8761
	404 11.1304
	405 11.4608
	406 11.8607
	27 12.3236
LINE 27 35 220.051 20
	407 12.0454
	408 11.7302
	409 11.4427
	410 11.1852
	411 10.9596
	412 10.768
	413 10.6122
	414 10.4938
	415 10.4142
	416 10.3741
	417 10.3741
	418 10.4142
	419 10.4938
	420 10.6122
	421 10.768
	422 10.9596
	423 11.1852
	424 11.4427
	425 11.7302
	35 12.0454
LINE 30 37 94.978 9
	426 11.0574
	427 10.685
	428 10.4108
	429 10.2428
	430 10.1862
	431 10.2428
	432 10.4108
	433 10.685
	37 11.0574
LINE 30 39 190.691 18
	434 11.3004
	435 11.0585
	436 10.8424
	437 10.6537
	438 10.4938
	439 10.3642
	440 10.2659
	441 10.1998
	442 10.1666
	443 10.1666
	444 10.1998
	445 10.2659
	446 10.3642
	447 10.4938
	448 10.6537
	449 10.8424
	450 11.0585
	39 11.3004
LINE 31 32 146.154 14
	451 10.5397
	452 10.4937
	453 10.4552
	454 10.4242
	455 10.401
	456 10.3854
	457 10.3777
	458 10.3777
	459 10.3854
	460 10.401
	461 10.4242
	462 10.4552
	463 10.4937
	32 10.5397
LINE 33 42 88.0556 8
	464 11.7197
	465 11.1201
	466 10.7017
	467 10.4863
	468 10.4863
	469 10.7017
	470 11.1201
	42 11.7197
LINE 34 43 125.061 11
	471 12.2831
	472 11.7509
	473 11.3196
	474 11.0013
	475 10.8057
	476 10.7398
	477 10.8057
	478 11.0013
	479 11.3196
	480 11.7509
	43 12.2831
LINE 35 44 163.604 15
	481 11.3908
	482 11.1873
	483 11.0123
	484 10.8669
	485 10.7525
	486 10.6701
	487 10.6203
	488 10.6036
	489 10.6203
	490 10.6701
	491 10.7525
	492 10.8669
	493 11.0123
	494 11.1873
	44 11.3908
LINE 36 46 176.614 16
	495 12.4965
	496 11.9455
	497 11.4523
	498 11.0243
	499 10.6696
	500 10.3957
	501 10.209
	502 10.1143
	503 10.1143
	504 10.209
	505 10.3957
	506 10.6696
	507 11.0243
	508 11.4523
	509 11.9455
	46 12.4965
LINE 37 47 210.596 19
	510 12.5645
	511 12.0999
	512 11.6746
	513 11.2931
	514 10.9599
	515 10.6795
	516 10.4563
	517 10.2939
	518 10.1952
	519 10.1621
	520 10.1952
	521 10.2939
	522 10.4563
	523 10.6795
	524 10.9599
	525 11.2931
	526 11.6746
	527 12.0999
	47 12.5645
LINE 38 39 92.9101 9
	528 10.3558
	529 10.3315
	530 10.3141
	531 10.3036
	532 10.3001
	533 10.3036
	534 10.3141
	535 10.3315
	39 10.3558
LINE 40 41 231.055 22
	536 11.0255
	537 10.8796
	538 10.7466
	539 10.627
	540 10.5212
	541 10.4297
	542 10.3528
	543 10.2909
	544 10.2442
	545 10.213
	546 10.1973
	547 10.1973
	548 10.213
	549 10.2442
	550 10.2909
	551 10.3528
	552 10.4297
	553 10.5212
	554 10.627
	555 10.7466
	556 10.8796
	41 11.0255
LINE 40 50 86.1787 8
	557 11.2598
	558 10.8474
	559 10.5635
	560 10.4187
	561 10.4187
	562 10.5635
	563 10.8474
	50 11.2598
LINE 42 52 207.683 19
	564 12.0439
	565 11.6897
	566 11.368
	567 11.0816
	568 10.8334
	569 10.626
	570 10.4618
	571 10.343
	572 10.271
	573 10.2469
	574 10.271
	575 10.343
	576 10.4618
	577 10.626
	578 10.8334
	579 11.0816
	580 11.368
	581 11.6897
	52 12.0439
LINE 42 53 280.036 25
	582 12.7399
	583 12.3796
	584 12.0413
	585 11.7268
	586 11.4381
	587 11.1772
	588 10.946
	589 10.7465
	590 10.5805
	591 10.4495
	592 10.355
	593 10.2978
	594 10.2787
	595 10.2978
	596 10.355
	597 10.4495
	598 10.5805
	599 10.7465
	600 10.946
	601 11.1772
	602 11.4381
	603 11.7268
	604 12.0413
	605 12.3796
	53 12.7399
LINE 43 44 241.025 21
	606 13.1831
	607 12.7052
	608 12.2618
	609 11.8568
	610 11.4943
	611 11.1784
	612 10.9131
	613 10.7023
	614 10.5491
	615 10.4561
	616 10.4249
	617 10.4561
	618 10.5491
	619 10.7023
	620 10.9131
	621 11.1784
	622 11.4943
	623 11.8568
	624 12.2618
	625 12.7052
	44 13.1831
LINE 43 53 222.983 20
	626 12.3635
	627 11.9988
	628 11.665
	629 11.365
	630 11.1013
	631 10.8767
	632 10.6937
	633 10.5543
	634 10.4603
	635 10.413
	636 10.413
	637 10.4603
	638 10.5543
	639 10.6937
	640 10.8767
	641 11.1013
	642 11.365
	643 11.665
	644 11.9988
	53 12.3635
LINE 45 55 137.876 13
	645 10.638
	646 10.622
	647 10.6088
	648 10.5985
	649 10.5912
	650 10.5868
	651 10.5853
	652 10.5868
	653 10.5912
	654 10.5985
	655 10.6088
	656 10.622
	55 10.638
LINE 45 56 291.682 27
	657 11.8565
	658 11.6248
	659 11.4074
	660 11.2052
	661 11.0191
	662 10.8499
	663 10.6984
	664 10.5653
	665 10.4514
	666 10.3572
	667 10.2834
	668 10.2303
	669 10.1983
	670 10.1877
	671 10.1983
	672 10.2303
	673 10.2834
	674 10.3572
	675 10.4514
	676 10.5653
	677 10.6984
	678 10.8499
	679 11.0191
	680 11.2052
	681 11.4074
	682 11.6248
	56 11.8565
LINE 46 56 152.086 14
	683 11.6324
	684 11.2877
	685 10.9923
	686 10.7501
	687 10.5648
	688 10.4394
	689 10.3762
	690 10.3762
	691 10.4394
	692 10.5648
	693 10.7501
	694 10.9923
	695 11.2877
	56 11.6324
LINE 47 48 131.872 13
	696 10.2174
	697 10.1808
	698 10.1508
	699 10.1273
	700 10.1106
	701 10.1005
	702 10.0971
	703 10.1005
	704 10.1106
	705 10.1273
	706 10.1508
	707 10.1808
	48 10.2174
LINE 49 59 168.191 15
	708 12.8189
	709 12.1709
	710 11.5943
	711 11.1003
	712 10.7004
	713 10.4053
	714 10.2241
	715 10.163
	716 10.2241
	717 10.4053
	718 10.7004
	719 11.1003
	720 11.5943
	721 12.1709
	59 12.8189
LINE 50 60 188.153 17
	722 12.3983
	723 11.9251
	724 11.4993
	725 11.1262
	726 10.8114
	727 10.5601
	728 10.3768
	729 10.2653
	730 10.2279
	731 10.2653
	732 10.3768
	733 10.5601
	734 10.8114
	735 11.1262
	736 11.4993
	737 11.9251
	60 12.3983
LINE 51 60 165.747 16
	738 10.818
	739 10.638
	740 10.4813
	741 10.3489
	742 10.2417
	743 10.1606
	744 10.1062
	745 10.0789
	746 10.0789
	747 10.1062
	748 10.1606
	749 10.2417
	750 10.3489
	751 10.4813
	752 10.638
	60 10.818
LINE 52 53 145.704 14
	753 10.8092
	754 10.6267
	755 10.4723
	756 10.347
	757 10.2521
	758 10.1883
	759 10.1563
	760 10.1563
	761 10.1883
	762 10.2521
	763 10.347
	764 10.4723
	765 10.6267
	53 10.8092
LINE 53 54 100.53 9
	766 12.3028
	767 11.4807
	768 10.8553
	769 10.4622
	770 10.3279
	771 10.4622
	772 10.8553
	773 11.4807
	54 12.3028
LINE 56 57 146.322 13
	774 12.2453
	775 11.7677
	776 11.3619
	777 11.0361
	778 10.7973
	779 10.6514
	780 10.6024
	781 10.6514
	782 10.7973
	783 11.0361
	784 11.3619
	785 11.7677
	57 12.2453
LINE 58 59 192.514 17
	786 13.0236
	787 12.4268
	788 11.8854
	789 11.4073
	790 11.0006
	791 10.6736
	792 10.4338
	793 10.2872
	794 10.2379
	795 10.2872
	796 10.4338
	797 10.6736
	798 11.0006
	799 11.4073
	800 11.8854
	801 12.4268
	59 13.0236
LINE 61 62 155.502 15
	802 10.912
	803 10.6836
	804 10.4864
	805 10.3223
	806 10.1928
	807 10.0993
	808 10.0428
	809 10.0239
	810 10.0428
	811 10.0993
	812 10.1928
	813 10.3223
	814 10.4864
	815 10.6836
	62 10.912
COORDENADAS :
1	67.335	605.644
2	225.934	578.394
3	323.351	595.304
4	376.639	628.838
5	489.478	589.141
6	704.692	617.293
7	792.34	607.648
8	902.575	619.434
9	120.563	533.019
10	204.462	525.467
11	300.33	501.263
12	373.626	526.657
13	499.587	538.359
14	577.728	488.229
15	703.058	523.899
16	801.65	499.594
17	895.34	480.63
18	1012.58	517.847
19	104.154	423.382
20	317.044	385.441
21	401.05	435.744
22	524.536	418.032
23	611.665	378.028
24	707.472	443.36
25	782.778	414.847
26	882.135	387.178
27	968.326	435.836
28	220.313	327.105
29	271.569	297.887
30	366.282	280.365
31	605.596	332.403
32	698.884	306.381
33	789.356	295.915
34	893.317	310.088
35	971.413	297.616
36	212.387	196.975
37	318.595	242.138
38	421.862	225.755
39	481.731	241.083
40	569.634	179.605
41	715.675	211.724
42	803.402	241.931
43	865.786	236.298
44	1006.5	197.552
45	68.0634	110.357
46	176.624	95.3236
47	325.126	113.585
48	407.123	83.0207
49	495.205	101.542
50	595.504	130.538
51	696.376	101.769
52	808.899	112.254
53	903.167	102.666
54	961.14	124.555
55	67.7708	18.6178
56	221.155	9.40825
57	313.041	9.78637
58	387.335	29.9786
59	499.424	0
60	627.628	19.1626
61	773.088	1.2006
62	869.941	27.0327
63	572.405	109.704
64	218.055	278.108
65	0	302.548
66	77.9748	471.956
67	72.4922	600.836
68	77.4723	595.899
69	82.2753	590.832
70	86.9012	585.635
71	91.3499	580.308
72	95.6215	574.851
73	99.716	569.264
74	103.633	563.548
75	107.373	557.702
76	110.937	551.726
77	114.322	545.62
78	117.531	539.384
79	220.533	573.872
80	215.033	569.582
81	209.433	565.523
82	203.733	561.696
83	197.934	558.101
84	192.035	554.737
85	186.036	551.605
86	179.937	548.704
87	173.739	546.035
88	167.441	543.598
89	161.043	541.392
90	154.546	539.417
91	147.949	537.674
92	141.252	536.163
93	134.455	534.883
94	127.559	533.835
95	328.427	600.372
96	333.715	605.104
97	339.214	609.501
98	344.924	613.562
99	350.844	617.288
100	356.976	620.679
101	363.319	623.734
102	369.873	626.454
103	315.389	595.247
104	307.64	594.828
105	300.102	594.047
106	292.778	592.905
107	285.665	591.401
108	278.765	589.536
109	272.078	587.309
110	265.602	584.721
111	259.339	581.772
112	253.289	578.461
113	247.45	574.788
114	241.824	570.754
115	236.411	566.358
116	231.21	561.601
117	226.221	556.482
118	221.444	551.002
119	216.88	545.161
120	212.528	538.958
121	208.389	532.393
122	383.648	627.561
123	390.612	626.152
124	397.529	624.611
125	404.399	622.937
126	411.223	621.131
127	418	619.193
128	424.731	617.122
129	431.415	614.919
130	438.052	612.584
131	444.643	610.117
132	451.188	607.517
133	457.686	604.785
134	464.137	601.921
135	470.542	598.924
136	476.901	595.796
137	483.212	592.535
138	369.933	624.975
139	363.536	620.928
140	357.448	616.696
141	351.667	612.28
142	346.195	607.68
143	341.031	602.895
144	336.175	597.926
145	331.628	592.772
146	327.389	587.434
147	323.458	581.912
148	319.835	576.205
149	316.52	570.314
150	313.514	564.239
151	310.816	557.979
152	308.427	551.535
153	306.345	544.906
154	304.572	538.093
155	303.107	531.096
156	301.951	523.914
157	301.102	516.548
158	300.562	508.997
159	710.953	612.172
160	717.293	607.78
161	723.714	604.118
162	730.215	601.186
163	736.797	598.985
164	743.458	597.513
165	750.201	596.771
166	757.023	596.759
167	763.926	597.477
168	770.909	598.925
169	777.972	601.102
170	785.116	604.01
171	900.943	612.56
172	899.444	605.679
173	898.079	598.791
174	896.847	591.896
175	895.75	584.994
176	894.786	578.086
177	893.956	571.17
178	893.259	564.247
179	892.697	557.317
180	892.268	550.381
181	891.973	543.437
182	891.812	536.486
183	891.785	529.529
184	891.891	522.564
185	892.132	515.593
186	892.506	508.614
187	893.014	501.629
188	893.655	494.636
189	894.431	487.637
190	205.002	517.034
191	205.845	508.845
192	206.992	500.9
193	208.442	493.199
194	210.195	485.741
195	212.251	478.527
196	214.611	471.557
197	217.273	464.831
198	220.239	458.348
199	223.508	452.11
200	227.08	446.115
201	230.955	440.363
202	235.134	434.856
203	239.616	429.592
204	244.4	424.572
205	249.489	419.796
206	254.88	415.264
207	260.574	410.975
208	266.572	406.93
209	272.873	403.129
210	279.477	399.571
211	286.384	396.258
212	293.594	393.188
213	301.108	390.362
214	308.925	387.78
215	306.545	504.865
216	312.85	508.208
217	319.244	511.293
218	325.728	514.119
219	332.302	516.686
220	338.965	518.995
221	345.718	521.044
222	352.561	522.836
223	359.493	524.368
224	366.515	525.642
225	499.118	531.29
226	498.868	524.266
227	498.837	517.287
228	499.023	510.353
229	499.427	503.465
230	500.05	496.622
231	500.891	489.824
232	501.949	483.071
233	503.226	476.364
234	504.722	469.702
235	506.435	463.085
236	508.366	456.513
237	510.516	449.987
238	512.884	443.505
239	515.47	437.069
240	518.274	430.678
241	521.296	424.333
242	581.314	482.236
243	584.701	476.182
244	587.889	470.067
245	590.879	463.89
246	593.67	457.653
247	596.263	451.354
248	598.656	444.994
249	600.851	438.573
250	602.847	432.09
251	604.645	425.547
252	606.244	418.942
253	607.644	412.276
254	608.846	405.549
255	609.849	398.76
256	610.653	391.911
257	611.258	385
258	706.634	517.363
259	709.627	510.795
260	712.037	504.196
261	713.863	497.564
262	715.106	490.901
263	715.766	484.205
264	715.842	477.478
265	715.334	470.718
266	714.244	463.927
267	712.57	457.103
268	710.312	450.248
269	808.566	499.345
270	815.447	498.925
271	822.294	498.336
272	829.107	497.576
273	835.885	496.647
274	842.629	495.547
275	849.338	494.278
276	856.013	492.838
277	862.654	491.229
278	869.26	489.449
279	875.831	487.499
280	882.368	485.38
281	888.871	483.09
282	1005.72	513.984
283	999.433	509.814
284	993.712	505.337
285	988.561	500.553
286	983.978	495.462
287	979.964	490.065
288	976.519	484.361
289	973.642	478.349
290	971.334	472.031
291	969.595	465.406
292	968.425	458.474
293	967.823	451.235
294	967.79	443.689
295	110.38	420.147
296	116.517	416.804
297	122.563	413.353
298	128.519	409.792
299	134.385	406.123
300	140.16	402.345
301	145.846	398.458
302	151.442	394.462
303	156.947	390.358
304	162.362	386.145
305	167.687	381.823
306	172.922	377.393
307	178.067	372.853
308	183.121	368.205
309	188.086	363.448
310	192.96	358.583
311	197.744	353.608
312	202.438	348.525
313	207.042	343.333
314	211.556	338.033
315	215.979	332.623
316	324.368	386.825
317	331.487	388.549
318	338.404	390.612
319	345.116	393.016
320	351.626	395.759
321	357.931	398.843
322	364.033	402.266
323	369.932	406.029
324	375.627	410.132
325	381.119	414.575
326	386.407	419.357
327	391.491	424.48
328	396.372	429.942
329	310.191	381.06
330	303.893	376.39
331	298.149	371.433
332	292.959	366.187
333	288.324	360.653
334	284.244	354.832
335	280.719	348.722
336	277.748	342.324
337	275.331	335.638
338	273.47	328.664
339	272.163	321.402
340	271.41	313.852
341	271.212	306.013
342	400.387	428.799
343	399.647	421.871
344	398.829	414.96
345	397.935	408.066
346	396.963	401.19
347	395.914	394.33
348	394.789	387.488
349	393.585	380.664
350	392.305	373.856
351	390.948	367.066
352	389.513	360.293
353	388.002	353.538
354	386.413	346.799
355	384.747	340.078
356	383.004	333.374
357	381.184	326.688
358	379.286	320.019
359	377.312	313.367
360	375.26	306.732
361	373.131	300.114
362	370.925	293.514
363	368.642	286.931
364	618.449	380.188
365	625.089	382.557
366	631.586	385.138
367	637.939	387.928
368	644.149	390.93
369	650.215	394.141
370	656.138	397.563
371	661.917	401.196
372	667.553	405.039
373	673.045	409.093
374	678.394	413.357
375	683.599	417.831
376	688.661	422.516
377	693.579	427.411
378	698.353	432.517
379	702.984	437.834
380	788.645	410.284
381	794.62	406.109
382	800.703	402.323
383	806.894	398.925
384	813.193	395.915
385	819.601	393.293
386	826.116	391.06
387	832.74	389.216
388	839.472	387.76
389	846.312	386.692
390	853.261	386.012
391	860.317	385.721
392	867.482	385.818
393	874.754	386.304
394	890.349	387.009
395	898.247	387.401
396	905.828	388.353
397	913.092	389.866
398	920.04	391.94
399	926.671	394.575
400	932.986	397.77
401	938.984	401.526
402	944.666	405.843
403	950.031	410.72
404	955.08	416.158
405	959.812	422.157
406	964.227	428.716
407	964.395	428.834
408	960.894	421.841
409	957.823	414.858
410	955.182	407.885
411	952.971	400.921
412	951.191	393.967
413	949.84	387.022
414	948.919	380.087
415	948.428	373.162
416	948.368	366.246
417	948.737	359.34
418	949.536	352.443
419	950.766	345.556
420	952.425	338.679
421	954.515	331.811
422	957.034	324.953
423	959.984	318.104
424	963.364	311.265
425	967.173	304.436
426	359.189	278.356
427	352.546	275.787
428	346.35	272.658
429	340.603	268.97
430	335.305	264.723
431	330.455	259.916
432	326.053	254.549
433	322.1	248.624
434	373.757	281.302
435	381.107	281.872
436	388.333	282.074
437	395.433	281.91
438	402.409	281.379
439	409.26	280.481
440	415.986	279.216
441	422.587	277.584
442	429.063	275.585
443	435.415	273.219
444	441.641	270.487
445	447.743	267.387
446	453.72	263.92
447	459.572	260.087
448	465.299	255.886
449	470.901	251.319
450	476.379	246.384
451	612.59	331.73
452	619.534	330.875
453	626.426	329.837
454	633.267	328.617
455	640.058	327.214
456	646.798	325.629
457	653.487	323.862
458	660.125	321.912
459	666.712	319.779
460	673.248	317.465
461	679.733	314.967
462	686.168	312.288
463	692.551	309.426
464	794.523	290.055
465	798.716	283.941
466	801.934	277.573
467	804.177	270.952
468	805.445	264.077
469	805.739	256.949
470	805.058	249.567
471	887.091	304.769
472	881.609	299.172
473	876.872	293.297
474	872.88	287.144
475	869.633	280.714
476	867.13	274.006
477	865.372	267.02
478	864.359	259.756
479	864.09	252.215
480	864.566	244.395
481	971.135	290.027
482	971.23	282.57
483	971.699	275.243
484	972.542	268.048
485	973.759	260.983
486	975.35	254.05
487	977.315	247.248
488	979.654	240.577
489	982.367	234.037
490	985.454	227.629
491	988.915	221.351
492	992.75	215.205
493	996.958	209.189
494	1001.54	203.305
495	205.526	192.249
496	199.282	187.306
497	193.655	182.147
498	188.644	176.77
499	184.25	171.176
500	180.473	165.366
501	177.313	159.338
502	174.769	153.093
503	172.842	146.631
504	171.532	139.953
505	170.839	133.057
506	170.762	125.944
507	171.303	118.615
508	172.459	111.068
509	174.233	103.304
510	314.019	235.123
511	309.99	228.134
512	306.507	221.174
513	303.571	214.241
514	301.182	207.337
515	299.339	200.46
516	298.043	193.61
517	297.293	186.789
518	297.09	179.995
519	297.434	173.229
520	298.324	166.491
521	299.761	159.78
522	301.745	153.098
523	304.275	146.443
524	307.352	139.816
525	310.976	133.216
526	315.146	126.645
527	319.863	120.101
528	428.691	226.765
529	435.477	227.949
530	442.217	229.306
531	448.914	230.836
532	455.566	232.539
533	462.174	234.415
534	468.737	236.465
535	475.257	238.687
536	576.873	178.332
537	584.055	177.319
538	591.18	176.567
539	598.247	176.075
540	605.258	175.843
541	612.211	175.872
542	619.106	176.161
543	625.945	176.71
544	632.726	177.519
545	639.451	178.589
546	646.117	179.918
547	652.727	181.509
548	659.279	183.359
549	665.775	185.47
550	672.212	187.84
551	678.593	190.472
552	684.917	193.363
553	691.183	196.515
554	697.392	199.927
555	703.543	203.599
556	709.638	207.531
557	570.323	172.13
558	571.74	165.038
559	573.883	158.33
560	576.753	152.005
561	580.351	146.064
562	584.675	140.505
563	589.726	135.33
564	799.476	234.927
565	796.018	227.943
566	793.028	220.979
567	790.507	214.035
568	788.455	207.111
569	786.87	200.206
570	785.754	193.321
571	785.107	186.457
572	784.928	179.612
573	785.217	172.786
574	785.975	165.981
575	787.201	159.196
576	788.895	152.43
577	791.058	145.685
578	793.69	138.959
579	796.789	132.253
580	800.357	125.567
581	804.394	118.9
582	803.313	233.438
583	803.565	225.189
584	804.156	217.183
585	805.087	209.421
586	806.359	201.902
587	807.97	194.627
588	809.921	187.596
589	812.212	180.807
590	814.843	174.263
591	817.813	167.962
592	821.124	161.904
593	824.775	156.09
594	828.765	150.519
595	833.096	145.192
596	837.766	140.109
597	842.777	135.268
598	848.127	130.672
599	853.817	126.319
600	859.847	122.209
601	866.218	118.343
602	872.928	114.721
603	879.978	111.342
604	887.367	108.206
605	895.097	105.315
606	871.059	229.266
607	876.474	222.753
608	882.032	216.759
609	887.733	211.283
610	893.576	206.326
611	899.563	201.888
612	905.692	197.968
613	911.964	194.567
614	918.379	191.685
615	924.937	189.321
616	931.637	187.476
617	938.481	186.15
618	945.467	185.342
619	952.596	185.053
620	959.868	185.283
621	967.282	186.031
622	974.84	187.298
623	982.54	189.083
624	990.383	191.387
625	998.369	194.21
626	871.94	230.815
627	877.643	225.206
628	882.895	219.471
629	887.696	213.609
630	892.046	207.621
631	895.945	201.508
632	899.393	195.268
633	902.39	188.902
634	904.935	182.409
635	907.03	175.791
636	908.673	169.046
637	909.866	162.175
638	910.607	155.178
639	910.897	148.055
640	910.737	140.806
641	910.125	133.43
642	909.062	125.928
643	907.548	118.3
644	905.583	110.546
645	68.7461	103.298
646	69.3113	96.239
647	69.7589	89.1806
648	70.089	82.1226
649	70.3016	75.0651
650	70.3966	68.0078
651	70.3741	60.951
652	70.234	53.8945
653	69.9764	46.8384
654	69.6013	39.7827
655	69.1087	32.7274
656	68.4985	25.6724
657	75.9595	109.994
658	83.6842	109.371
659	91.2378	108.488
660	98.6201	107.346
661	105.831	105.945
662	112.871	104.283
663	119.74	102.362
664	126.437	100.181
665	132.963	97.7407
666	139.318	95.0405
667	145.502	92.0807
668	151.514	88.8612
669	157.356	85.382
670	163.026	81.6432
671	168.525	77.6447
672	173.852	73.3865
673	179.009	68.8687
674	183.994	64.0912
675	188.808	59.054
676	193.45	53.7571
677	197.922	48.2006
678	202.222	42.3844
679	206.351	36.3085
680	210.309	29.9729
681	214.095	23.3777
682	217.711	16.5228
683	182.926	90.8047
684	188.748	86.0369
685	194.09	81.0201
686	198.951	75.7545
687	203.332	70.2399
688	207.234	64.4765
689	210.655	58.4641
690	213.595	52.2028
691	216.056	45.6927
692	218.036	38.9336
693	219.536	31.9256
694	220.556	24.6687
695	221.095	17.1629
696	331.07	110.257
697	337.074	107.092
698	343.139	104.09
699	349.264	101.251
700	355.45	98.5742
701	361.697	96.0604
702	368.005	93.7093
703	374.373	91.521
704	380.802	89.4954
705	387.291	87.6326
706	393.841	85.9326
707	400.452	84.3953
708	490.282	94.5567
709	486.103	87.6019
710	482.667	80.6779
711	479.975	73.7849
712	478.026	66.9227
713	476.82	60.0914
714	476.358	53.291
715	476.64	46.5215
716	477.664	39.7829
717	479.432	33.0752
718	481.944	26.3984
719	485.199	19.7525
720	489.197	13.1374
721	493.939	6.55327
722	601.883	125.282
723	607.7	119.863
724	612.956	114.282
725	617.651	108.54
726	621.786	102.636
727	625.358	96.5699
728	628.37	90.342
729	630.821	83.9524
730	632.711	77.4009
731	634.039	70.6875
732	634.807	63.8123
733	635.013	56.7753
734	634.658	49.5764
735	633.742	42.2157
736	632.265	34.6932
737	630.227	27.0088
738	694.097	94.9263
739	691.55	88.3076
740	688.733	81.9129
741	685.647	75.7422
742	682.292	69.7955
743	678.668	64.0727
744	674.775	58.5739
745	670.613	53.299
746	666.182	48.2481
747	661.481	43.4211
748	656.512	38.8181
749	651.273	34.4391
750	645.765	30.284
751	639.989	26.3529
752	633.943	22.6458
753	815.382	109.108
754	821.904	106.34
755	828.464	103.952
756	835.062	101.942
757	841.7	100.31
758	848.375	99.0574
759	855.089	98.1833
760	861.842	97.6878
761	868.633	97.5709
762	875.463	97.8326
763	882.331	98.473
764	889.238	99.4921
765	896.183	100.89
766	908.034	109.268
767	913.295	114.827
768	918.949	119.344
769	924.997	122.818
770	931.438	125.25
771	938.273	126.64
772	945.502	126.987
773	953.124	126.292
774	228.206	13.5218
775	235.26	16.9547
776	242.317	19.7067
777	249.377	21.7781
778	256.44	23.1687
779	263.505	23.8785
780	270.573	23.9076
781	277.644	23.2559
782	284.718	21.9235
783	291.794	19.9103
784	298.874	17.2164
785	305.956	13.8418
786	395.315	33.3995
787	403.122	36.1724
788	410.755	38.2972
789	418.215	39.7739
790	425.502	40.6027
791	432.615	40.7833
792	439.556	40.316
793	446.322	39.2006
794	452.916	37.4371
795	459.336	35.0256
796	465.583	31.9661
797	471.656	28.2585
798	477.557	23.9029
799	483.284	18.8992
800	488.837	13.2475
801	494.217	6.94779
802	778.804	5.70027
803	784.626	9.80316
804	790.554	13.5092
805	796.587	16.8186
806	802.727	19.7311
807	808.972	22.2468
808	815.323	24.3657
809	821.78	26.0879
810	828.343	27.4132
811	835.011	28.3418
812	841.785	28.8735
813	848.666	29.0085
814	855.652	28.7467
815	862.744	28.0881
