NOMBRE : MTLARP9_10_3_2.dat
VERTICES ORIGINALES : 80
VERTICES TOTALES : 1266
DEPOTS : 3
78
79
80
LINEAS ORIGINALES : 79
LINE 1 2 136.178 13
	81 10.6049
	82 10.5404
	83 10.4873
	84 10.4458
	85 10.4161
	86 10.3982
	87 10.3923
	88 10.3982
	89 10.4161
	90 10.4458
	91 10.4873
	92 10.5404
	2 10.6049
LINE 1 9 125.512 12
	93 10.5649
	94 10.5075
	95 10.4614
	96 10.4267
	97 10.4035
	98 10.3919
	99 10.3919
	100 10.4035
	101 10.4267
	102 10.4614
	103 10.5075
	9 10.5649
LINE 2 3 197.616 19
	104 10.7671
	105 10.647
	106 10.5399
	107 10.4462
	108 10.3662
	109 10.3004
	110 10.2488
	111 10.2118
	112 10.1896
	113 10.1822
	114 10.1896
	115 10.2118
	116 10.2488
	117 10.3004
	118 10.3662
	119 10.4462
	120 10.5399
	121 10.647
	3 10.7671
LINE 2 10 162.837 15
	122 11.7166
	123 11.36
	124 11.0492
	125 10.7883
	126 10.5809
	127 10.4303
	128 10.3388
	129 10.3082
	130 10.3388
	131 10.4303
	132 10.5809
	133 10.7883
	134 11.0492
	135 11.36
	10 11.7166
LINE 3 4 131.777 13
	136 10.2941
	137 10.2159
	138 10.1515
	139 10.1011
	140 10.0649
	141 10.0432
	142 10.0359
	143 10.0432
	144 10.0649
	145 10.1011
	146 10.1515
	147 10.2159
	4 10.2941
LINE 3 12 212.584 20
	148 11.192
	149 11.0186
	150 10.8622
	151 10.7235
	152 10.6031
	153 10.5017
	154 10.4199
	155 10.3582
	156 10.3168
	157 10.296
	158 10.296
	159 10.3168
	160 10.3582
	161 10.4199
	162 10.5017
	163 10.6031
	164 10.7235
	165 10.8622
	166 11.0186
	12 11.192
LINE 5 13 245.462 23
	167 11.4024
	168 11.2097
	169 11.0325
	170 10.8715
	171 10.7274
	172 10.6009
	173 10.4928
	174 10.4034
	175 10.3334
	176 10.283
	177 10.2527
	178 10.2426
	179 10.2527
	180 10.283
	181 10.3334
	182 10.4034
	183 10.4928
	184 10.6009
	185 10.7274
	186 10.8715
	187 11.0325
	188 11.2097
	13 11.4024
LINE 6 7 103.808 10
	189 10.8455
	190 10.5405
	191 10.3059
	192 10.1464
	193 10.0657
	194 10.0657
	195 10.1464
	196 10.3059
	197 10.5405
	7 10.8455
LINE 7 8 226.297 22
	198 10.4602
	199 10.4109
	200 10.3663
	201 10.3266
	202 10.2916
	203 10.2616
	204 10.2365
	205 10.2164
	206 10.2013
	207 10.1912
	208 10.1861
	209 10.1861
	210 10.1912
	211 10.2013
	212 10.2164
	213 10.2365
	214 10.2616
	215 10.2916
	216 10.3266
	217 10.3663
	218 10.4109
	8 10.4602
LINE 7 15 153.23 15
	219 10.588
	220 10.4308
	221 10.2959
	222 10.1842
	223 10.0965
	224 10.0333
	225 9.99526
	226 9.98254
	227 9.99526
	228 10.0333
	229 10.0965
	230 10.1842
	231 10.2959
	232 10.4308
	15 10.588
LINE 7 16 211.263 20
	233 11.029
	234 10.8849
	235 10.7552
	236 10.6404
	237 10.541
	238 10.4575
	239 10.3902
	240 10.3394
	241 10.3054
	242 10.2884
	243 10.2884
	244 10.3054
	245 10.3394
	246 10.3902
	247 10.4575
	248 10.541
	249 10.6404
	250 10.7552
	251 10.8849
	16 11.029
LINE 8 16 185.946 18
	252 10.9586
	253 10.7429
	254 10.5506
	255 10.3829
	256 10.241
	257 10.1261
	258 10.039
	259 9.98058
	260 9.95123
	261 9.95123
	262 9.98058
	263 10.039
	264 10.1261
	265 10.241
	266 10.3829
	267 10.5506
	268 10.7429
	16 10.9586
LINE 9 17 163.189 16
	269 10.415
	270 10.3295
	271 10.2557
	272 10.1938
	273 10.1439
	274 10.1064
	275 10.0813
	276 10.0687
	277 10.0687
	278 10.0813
	279 10.1064
	280 10.1439
	281 10.1938
	282 10.2557
	283 10.3295
	17 10.415
LINE 9 18 117.446 11
	284 10.9611
	285 10.7923
	286 10.6591
	287 10.563
	288 10.5049
	289 10.4855
	290 10.5049
	291 10.563
	292 10.6591
	293 10.7923
	18 10.9611
LINE 10 11 205.865 19
	294 11.4531
	295 11.2524
	296 11.0723
	297 10.9139
	298 10.7779
	299 10.6654
	300 10.5771
	301 10.5136
	302 10.4753
	303 10.4625
	304 10.4753
	305 10.5136
	306 10.5771
	307 10.6654
	308 10.7779
	309 10.9139
	310 11.0723
	311 11.2524
	11 11.4531
LINE 14 21 188.784 18
	312 11.0071
	313 10.828
	314 10.6688
	315 10.5304
	316 10.4137
	317 10.3194
	318 10.2481
	319 10.2002
	320 10.1762
	321 10.1762
	322 10.2002
	323 10.2481
	324 10.3194
	325 10.4137
	326 10.5304
	327 10.6688
	328 10.828
	21 11.0071
LINE 16 22 193.523 18
	329 11.5667
	330 11.2886
	331 11.0396
	332 10.8215
	333 10.6364
	334 10.486
	335 10.3717
	336 10.2949
	337 10.2562
	338 10.2562
	339 10.2949
	340 10.3717
	341 10.486
	342 10.6364
	343 10.8215
	344 11.0396
	345 11.2886
	22 11.5667
LINE 16 23 172.482 16
	346 11.2108
	347 11.0415
	348 10.8944
	349 10.7702
	350 10.6698
	351 10.5939
	352 10.543
	353 10.5174
	354 10.5174
	355 10.543
	356 10.5939
	357 10.6698
	358 10.7702
	359 10.8944
	360 11.0415
	23 11.2108
LINE 17 18 114.905 11
	361 10.4556
	362 10.4498
	363 10.4452
	364 10.442
	365 10.44
	366 10.4394
	367 10.44
	368 10.442
	369 10.4452
	370 10.4498
	18 10.4556
LINE 17 24 135.138 13
	371 10.9884
	372 10.6986
	373 10.4555
	374 10.2625
	375 10.1223
	376 10.0373
	377 10.0088
	378 10.0373
	379 10.1223
	380 10.2625
	381 10.4555
	382 10.6986
	24 10.9884
LINE 18 19 162.444 16
	383 10.1614
	384 10.158
	385 10.155
	386 10.1525
	387 10.1505
	388 10.149
	389 10.148
	390 10.1476
	391 10.1476
	392 10.148
	393 10.149
	394 10.1505
	395 10.1525
	396 10.155
	397 10.158
	19 10.1614
LINE 18 26 260.333 26
	398 10.0153
	399 10.0147
	400 10.0141
	401 10.0136
	402 10.0132
	403 10.0128
	404 10.0125
	405 10.0122
	406 10.0119
	407 10.0117
	408 10.0116
	409 10.0115
	410 10.0114
	411 10.0114
	412 10.0115
	413 10.0116
	414 10.0117
	415 10.0119
	416 10.0122
	417 10.0125
	418 10.0128
	419 10.0132
	420 10.0136
	421 10.0141
	422 10.0147
	26 10.0153
LINE 19 26 142.772 13
	423 11.9081
	424 11.4608
	425 11.0814
	426 10.777
	427 10.5543
	428 10.4183
	429 10.3726
	430 10.4183
	431 10.5543
	432 10.777
	433 11.0814
	434 11.4608
	26 11.9081
LINE 20 21 222.621 21
	435 11.2366
	436 11.0512
	437 10.8827
	438 10.7319
	439 10.5994
	440 10.4859
	441 10.3922
	442 10.3187
	443 10.2659
	444 10.2341
	445 10.2235
	446 10.2341
	447 10.2659
	448 10.3187
	449 10.3922
	450 10.4859
	451 10.5994
	452 10.7319
	453 10.8827
	454 11.0512
	21 11.2366
LINE 21 28 154.002 15
	455 10.7675
	456 10.5574
	457 10.3762
	458 10.2257
	459 10.107
	460 10.0214
	461 9.96966
	462 9.95236
	463 9.96966
	464 10.0214
	465 10.107
	466 10.2257
	467 10.3762
	468 10.5574
	28 10.7675
LINE 23 32 119.639 12
	469 10.1371
	470 10.0465
	471 9.97342
	472 9.91825
	473 9.8813
	474 9.86277
	475 9.86277
	476 9.8813
	477 9.91825
	478 9.97342
	479 10.0465
	32 10.1371
LINE 24 33 139.646 13
	480 11.5979
	481 11.1835
	482 10.8326
	483 10.5517
	484 10.3464
	485 10.2212
	486 10.1791
	487 10.2212
	488 10.3464
	489 10.5517
	490 10.8326
	491 11.1835
	33 11.5979
LINE 24 34 256.671 25
	492 10.4735
	493 10.4224
	494 10.3754
	495 10.3328
	496 10.2945
	497 10.2606
	498 10.2311
	499 10.2061
	500 10.1856
	501 10.1696
	502 10.1582
	503 10.1513
	504 10.149
	505 10.1513
	506 10.1582
	507 10.1696
	508 10.1856
	509 10.2061
	510 10.2311
	511 10.2606
	512 10.2945
	513 10.3328
	514 10.3754
	515 10.4224
	34 10.4735
LINE 25 35 180.857 18
	516 10.1465
	517 10.1118
	518 10.0813
	519 10.055
	520 10.0331
	521 10.0156
	522 10.0024
	523 9.99358
	524 9.98918
	525 9.98918
	526 9.99358
	527 10.0024
	528 10.0156
	529 10.0331
	530 10.055
	531 10.0813
	532 10.1118
	35 10.1465
LINE 26 36 264.957 26
	533 10.4408
	534 10.3815
	535 10.3268
	536 10.2769
	537 10.2317
	538 10.1914
	539 10.156
	540 10.1256
	541 10.1002
	542 10.0798
	543 10.0644
	544 10.0542
	545 10.0491
	546 10.0491
	547 10.0542
	548 10.0644
	549 10.0798
	550 10.1002
	551 10.1256
	552 10.156
	553 10.1914
	554 10.2317
	555 10.2769
	556 10.3268
	557 10.3815
	36 10.4408
LINE 27 28 150.4 14
	558 11.3138
	559 11.0561
	560 10.8367
	561 10.6579
	562 10.5218
	563 10.4301
	564 10.3839
	565 10.3839
	566 10.4301
	567 10.5218
	568 10.6579
	569 10.8367
	570 11.0561
	28 11.3138
LINE 27 37 68.6487 7
	571 9.85312
	572 9.807
	573 9.77923
	574 9.76996
	575 9.77923
	576 9.807
	37 9.85312
LINE 29 38 257.336 24
	577 11.4372
	578 11.2567
	579 11.09
	580 10.9378
	581 10.8007
	582 10.6793
	583 10.5742
	584 10.4857
	585 10.4145
	586 10.3607
	587 10.3247
	588 10.3066
	589 10.3066
	590 10.3247
	591 10.3607
	592 10.4145
	593 10.4857
	594 10.5742
	595 10.6793
	596 10.8007
	597 10.9378
	598 11.09
	599 11.2567
	38 11.4372
LINE 30 39 246.921 23
	600 11.6931
	601 11.4429
	602 11.2117
	603 11.0007
	604 10.8111
	605 10.6441
	606 10.5007
	607 10.3819
	608 10.2885
	609 10.2213
	610 10.1808
	611 10.1673
	612 10.1808
	613 10.2213
	614 10.2885
	615 10.3819
	616 10.5007
	617 10.6441
	618 10.8111
	619 11.0007
	620 11.2117
	621 11.4429
	39 11.6931
LINE 31 32 136.841 13
	622 10.5371
	623 10.5317
	624 10.5273
	625 10.5238
	626 10.5213
	627 10.5198
	628 10.5193
	629 10.5198
	630 10.5213
	631 10.5238
	632 10.5273
	633 10.5317
	32 10.5371
LINE 31 41 215.357 21
	634 10.6105
	635 10.5056
	636 10.4109
	637 10.3266
	638 10.2529
	639 10.1902
	640 10.1386
	641 10.0983
	642 10.0694
	643 10.0521
	644 10.0463
	645 10.0521
	646 10.0694
	647 10.0983
	648 10.1386
	649 10.1902
	650 10.2529
	651 10.3266
	652 10.4109
	653 10.5056
	41 10.6105
LINE 32 42 220.739 21
	654 10.9912
	655 10.8503
	656 10.7227
	657 10.6089
	658 10.5092
	659 10.4241
	660 10.354
	661 10.2991
	662 10.2597
	663 10.236
	664 10.2281
	665 10.236
	666 10.2597
	667 10.2991
	668 10.354
	669 10.4241
	670 10.5092
	671 10.6089
	672 10.7227
	673 10.8503
	42 10.9912
LINE 34 35 126.375 12
	674 10.5312
	675 10.5312
	676 10.5312
	677 10.5312
	678 10.5312
	679 10.5312
	680 10.5312
	681 10.5312
	682 10.5312
	683 10.5312
	684 10.5312
	35 10.5312
LINE 35 36 233.046 22
	685 10.8806
	686 10.7995
	687 10.726
	688 10.6602
	689 10.6023
	690 10.5525
	691 10.5107
	692 10.4772
	693 10.452
	694 10.4352
	695 10.4268
	696 10.4268
	697 10.4352
	698 10.452
	699 10.4772
	700 10.5107
	701 10.5525
	702 10.6023
	703 10.6602
	704 10.726
	705 10.7995
	36 10.8806
LINE 35 44 182.69 18
	706 10.5085
	707 10.3838
	708 10.2735
	709 10.1779
	710 10.0976
	711 10.033
	712 9.98415
	713 9.95149
	714 9.93512
	715 9.93512
	716 9.95149
	717 9.98415
	718 10.033
	719 10.0976
	720 10.1779
	721 10.2735
	722 10.3838
	44 10.5085
LINE 36 37 88.633 9
	723 10.118
	724 9.91735
	725 9.77153
	726 9.68298
	727 9.65328
	728 9.68298
	729 9.77153
	730 9.91735
	37 10.118
LINE 36 45 127.919 13
	731 9.85239
	732 9.84617
	733 9.84107
	734 9.83711
	735 9.83428
	736 9.83258
	737 9.83202
	738 9.83258
	739 9.83428
	740 9.83711
	741 9.84107
	742 9.84617
	45 9.85239
LINE 37 38 242.563 23
	743 11.0881
	744 10.944
	745 10.8119
	746 10.6923
	747 10.5857
	748 10.4924
	749 10.4128
	750 10.3473
	751 10.296
	752 10.2592
	753 10.2371
	754 10.2297
	755 10.2371
	756 10.2592
	757 10.296
	758 10.3473
	759 10.4128
	760 10.4924
	761 10.5857
	762 10.6923
	763 10.8119
	764 10.944
	38 11.0881
LINE 37 46 157.684 15
	765 10.5186
	766 10.5159
	767 10.5136
	768 10.5117
	769 10.5103
	770 10.5092
	771 10.5086
	772 10.5084
	773 10.5086
	774 10.5092
	775 10.5103
	776 10.5117
	777 10.5136
	778 10.5159
	46 10.5186
LINE 38 39 153.312 14
	779 11.5744
	780 11.2934
	781 11.0537
	782 10.8582
	783 10.7092
	784 10.6087
	785 10.5581
	786 10.5581
	787 10.6087
	788 10.7092
	789 10.8582
	790 11.0537
	791 11.2934
	39 11.5744
LINE 38 47 64.7919 6
	792 11.0073
	793 10.7578
	794 10.6309
	795 10.6309
	796 10.7578
	47 11.0073
LINE 38 48 201.971 20
	797 10.1718
	798 10.1487
	799 10.1282
	800 10.1102
	801 10.0948
	802 10.0819
	803 10.0715
	804 10.0638
	805 10.0586
	806 10.056
	807 10.056
	808 10.0586
	809 10.0638
	810 10.0715
	811 10.0819
	812 10.0948
	813 10.1102
	814 10.1282
	815 10.1487
	48 10.1718
LINE 39 48 241.436 23
	816 11.346
	817 11.1233
	818 10.9179
	819 10.7308
	820 10.563
	821 10.4153
	822 10.2887
	823 10.184
	824 10.1018
	825 10.0426
	826 10.007
	827 9.99506
	828 10.007
	829 10.0426
	830 10.1018
	831 10.184
	832 10.2887
	833 10.4153
	834 10.563
	835 10.7308
	836 10.9179
	837 11.1233
	48 11.346
LINE 40 49 127.319 12
	838 10.6504
	839 10.6283
	840 10.6107
	841 10.5974
	842 10.5886
	843 10.5841
	844 10.5841
	845 10.5886
	846 10.5974
	847 10.6107
	848 10.6283
	49 10.6504
LINE 41 50 102.138 10
	849 10.3318
	850 10.2534
	851 10.1943
	852 10.1546
	853 10.1347
	854 10.1347
	855 10.1546
	856 10.1943
	857 10.2534
	50 10.3318
LINE 43 44 162.082 16
	858 10.507
	859 10.3587
	860 10.2299
	861 10.1213
	862 10.0335
	863 9.96723
	864 9.92278
	865 9.90048
	866 9.90048
	867 9.92278
	868 9.96723
	869 10.0335
	870 10.1213
	871 10.2299
	872 10.3587
	44 10.507
LINE 43 52 183.284 17
	873 11.4166
	874 11.1846
	875 10.9796
	876 10.803
	877 10.6564
	878 10.541
	879 10.4578
	880 10.4075
	881 10.3907
	882 10.4075
	883 10.4578
	884 10.541
	885 10.6564
	886 10.803
	887 10.9796
	888 11.1846
	52 11.4166
LINE 45 46 89.7971 8
	889 11.7734
	890 11.3096
	891 10.9896
	892 10.826
	893 10.826
	894 10.9896
	895 11.3096
	46 11.7734
LINE 47 55 209.638 20
	896 10.7995
	897 10.7006
	898 10.612
	899 10.5338
	900 10.4663
	901 10.4097
	902 10.3643
	903 10.33
	904 10.3071
	905 10.2957
	906 10.2957
	907 10.3071
	908 10.33
	909 10.3643
	910 10.4097
	911 10.4663
	912 10.5338
	913 10.612
	914 10.7006
	55 10.7995
LINE 51 52 161.447 16
	915 10.1049
	916 10.0992
	917 10.0942
	918 10.09
	919 10.0867
	920 10.0842
	921 10.0826
	922 10.0817
	923 10.0817
	924 10.0826
	925 10.0842
	926 10.0867
	927 10.09
	928 10.0942
	929 10.0992
	52 10.1049
LINE 51 61 154.598 15
	930 10.33
	931 10.32
	932 10.3114
	933 10.3045
	934 10.299
	935 10.2952
	936 10.2928
	937 10.292
	938 10.2928
	939 10.2952
	940 10.299
	941 10.3045
	942 10.3114
	943 10.32
	61 10.33
LINE 53 54 144.194 14
	944 10.8677
	945 10.6115
	946 10.3931
	947 10.2151
	948 10.0795
	949 9.98805
	950 9.94203
	951 9.94203
	952 9.98805
	953 10.0795
	954 10.2151
	955 10.3931
	956 10.6115
	54 10.8677
LINE 53 62 115.796 11
	957 10.7431
	958 10.6144
	959 10.5132
	960 10.4403
	961 10.3963
	962 10.3816
	963 10.3963
	964 10.4403
	965 10.5132
	966 10.6144
	62 10.7431
LINE 54 63 195.861 19
	967 10.4483
	968 10.402
	969 10.361
	970 10.3253
	971 10.295
	972 10.2701
	973 10.2507
	974 10.2368
	975 10.2285
	976 10.2257
	977 10.2285
	978 10.2368
	979 10.2507
	980 10.2701
	981 10.295
	982 10.3253
	983 10.361
	984 10.402
	63 10.4483
LINE 54 64 93.2213 9
	985 11.0064
	986 10.5298
	987 10.1757
	988 9.95718
	989 9.88328
	990 9.95718
	991 10.1757
	992 10.5298
	64 11.0064
LINE 55 56 183.686 18
	993 10.5323
	994 10.4184
	995 10.3177
	996 10.2306
	997 10.1574
	998 10.0985
	999 10.0541
	1000 10.0244
	1001 10.0095
	1002 10.0095
	1003 10.0244
	1004 10.0541
	1005 10.0985
	1006 10.1574
	1007 10.2306
	1008 10.3177
	1009 10.4184
	56 10.5323
LINE 55 66 225.76 22
	1010 10.6709
	1011 10.5563
	1012 10.452
	1013 10.3584
	1014 10.2758
	1015 10.2045
	1016 10.1447
	1017 10.0966
	1018 10.0604
	1019 10.0362
	1020 10.024
	1021 10.024
	1022 10.0362
	1023 10.0604
	1024 10.0966
	1025 10.1447
	1026 10.2045
	1027 10.2758
	1028 10.3584
	1029 10.452
	1030 10.5563
	66 10.6709
LINE 56 57 117.342 11
	1031 11.1548
	1032 10.8673
	1033 10.6384
	1034 10.4717
	1035 10.3705
	1036 10.3365
	1037 10.3705
	1038 10.4717
	1039 10.6384
	1040 10.8673
	57 11.1548
LINE 56 66 70.5741 7
	1041 10.6895
	1042 10.0909
	1043 9.71404
	1044 9.58512
	1045 9.71404
	1046 10.0909
	66 10.6895
LINE 57 58 190.356 18
	1047 10.8771
	1048 10.772
	1049 10.6792
	1050 10.599
	1051 10.5316
	1052 10.4775
	1053 10.4367
	1054 10.4094
	1055 10.3957
	1056 10.3957
	1057 10.4094
	1058 10.4367
	1059 10.4775
	1060 10.5316
	1061 10.599
	1062 10.6792
	1063 10.772
	58 10.8771
LINE 57 66 156.659 15
	1064 11.0524
	1065 10.7981
	1066 10.5781
	1067 10.3947
	1068 10.2498
	1069 10.145
	1070 10.0816
	1071 10.0603
	1072 10.0816
	1073 10.145
	1074 10.2498
	1075 10.3947
	1076 10.5781
	1077 10.7981
	66 11.0524
LINE 58 59 123.671 12
	1078 10.5663
	1079 10.4257
	1080 10.3118
	1081 10.2255
	1082 10.1676
	1083 10.1386
	1084 10.1386
	1085 10.1676
	1086 10.2255
	1087 10.3118
	1088 10.4257
	59 10.5663
LINE 60 69 164.009 16
	1089 10.3301
	1090 10.2984
	1091 10.2712
	1092 10.2484
	1093 10.2301
	1094 10.2164
	1095 10.2073
	1096 10.2027
	1097 10.2027
	1098 10.2073
	1099 10.2164
	1100 10.2301
	1101 10.2484
	1102 10.2712
	1103 10.2984
	69 10.3301
LINE 60 70 135.062 13
	1104 10.5394
	1105 10.4648
	1106 10.4034
	1107 10.3554
	1108 10.3209
	1109 10.3002
	1110 10.2933
	1111 10.3002
	1112 10.3209
	1113 10.3554
	1114 10.4034
	1115 10.4648
	70 10.5394
LINE 61 62 234.213 23
	1116 10.1832
	1117 10.1832
	1118 10.1832
	1119 10.1832
	1120 10.1832
	1121 10.1832
	1122 10.1832
	1123 10.1832
	1124 10.1832
	1125 10.1832
	1126 10.1832
	1127 10.1832
	1128 10.1832
	1129 10.1832
	1130 10.1832
	1131 10.1832
	1132 10.1832
	1133 10.1832
	1134 10.1832
	1135 10.1832
	1136 10.1832
	1137 10.1832
	62 10.1832
LINE 62 71 150.346 15
	1138 10.2356
	1139 10.1453
	1140 10.0683
	1141 10.0049
	1142 9.95525
	1143 9.91965
	1144 9.89822
	1145 9.89107
	1146 9.89822
	1147 9.91965
	1148 9.95525
	1149 10.0049
	1150 10.0683
	1151 10.1453
	71 10.2356
LINE 63 72 146.515 14
	1152 10.5568
	1153 10.5148
	1154 10.4796
	1155 10.4513
	1156 10.4301
	1157 10.4159
	1158 10.4089
	1159 10.4089
	1160 10.4159
	1161 10.4301
	1162 10.4513
	1163 10.4796
	1164 10.5148
	72 10.5568
LINE 65 73 145.319 14
	1165 10.5957
	1166 10.497
	1167 10.414
	1168 10.3471
	1169 10.2967
	1170 10.263
	1171 10.246
	1172 10.246
	1173 10.263
	1174 10.2967
	1175 10.3471
	1176 10.414
	1177 10.497
	73 10.5957
LINE 66 67 79.5226 8
	1178 9.94577
	1179 9.94111
	1180 9.938
	1181 9.93644
	1182 9.93644
	1183 9.938
	1184 9.94111
	67 9.94577
LINE 67 68 135.194 13
	1185 10.4881
	1186 10.444
	1187 10.4077
	1188 10.3794
	1189 10.3592
	1190 10.347
	1191 10.343
	1192 10.347
	1193 10.3592
	1194 10.3794
	1195 10.4077
	1196 10.444
	68 10.4881
LINE 68 69 228.445 22
	1197 10.3867
	1198 10.3859
	1199 10.3852
	1200 10.3845
	1201 10.3839
	1202 10.3835
	1203 10.3831
	1204 10.3827
	1205 10.3825
	1206 10.3823
	1207 10.3822
	1208 10.3822
	1209 10.3823
	1210 10.3825
	1211 10.3827
	1212 10.3831
	1213 10.3835
	1214 10.3839
	1215 10.3845
	1216 10.3852
	1217 10.3859
	69 10.3867
LINE 68 77 252.918 25
	1218 10.1565
	1219 10.1466
	1220 10.1375
	1221 10.1293
	1222 10.1219
	1223 10.1154
	1224 10.1098
	1225 10.105
	1226 10.1011
	1227 10.0981
	1228 10.0959
	1229 10.0946
	1230 10.0941
	1231 10.0946
	1232 10.0959
	1233 10.0981
	1234 10.1011
	1235 10.105
	1236 10.1098
	1237 10.1154
	1238 10.1219
	1239 10.1293
	1240 10.1375
	1241 10.1466
	77 10.1565
LINE 74 75 176.6 16
	1242 11.8996
	1243 11.5664
	1244 11.2729
	1245 11.0223
	1246 10.8177
	1247 10.6616
	1248 10.5563
	1249 10.5033
	1250 10.5033
	1251 10.5563
	1252 10.6616
	1253 10.8177
	1254 11.0223
	1255 11.2729
	1256 11.5664
	75 11.8996
LINE 76 77 112.152 11
	1257 10.2307
	1258 10.2097
	1259 10.1933
	1260 10.1816
	1261 10.1746
	1262 10.1722
	1263 10.1746
	1264 10.1816
	1265 10.1933
	1266 10.2097
	77 10.2307
COORDENADAS :
1	43.3732	831.317
2	131.775	848.55
3	260.152	860.953
4	347.069	857.702
5	524.711	869.979
6	745.695	883.291
7	807.832	858.129
8	957.195	855.457
9	57.7953	749.454
10	127.765	745.546
11	255.762	779.894
12	306.313	731.703
13	407.718	765.2
14	559.387	757.822
15	796.402	758.96
16	895.924	753.011
17	31.6214	645.309
18	97.8039	683.788
19	202.45	656.13
20	397.033	626.162
21	539.724	637.337
22	815.625	659.817
23	922.245	643.991
24	9.02158	561.562
25	105.159	548.894
26	229.043	570.257
27	423.963	514.382
28	517.272	540.379
29	602.508	571.979
30	744.839	576.446
31	838.541	559.608
32	929.521	565.444
33	45.11	481.062
34	126.116	439.494
35	201.361	477.392
36	350.993	445.901
37	401.115	474.927
38	546.804	416.805
39	622.675	479.595
40	698.25	425.606
41	808.297	422.25
42	934.886	422.351
43	136.787	354.673
44	241.829	365.275
45	357.603	360.947
46	414.403	370.686
47	519.981	383.891
48	647.584	328.375
49	705.448	341.244
50	806.193	354.735
51	7.20145	281.276
52	106.825	240.787
53	214.787	222.524
54	307.379	217.302
55	447.49	267.339
56	555.181	214.19
57	624.911	243.912
58	749.615	246.36
59	828.148	266.523
60	910.203	253.224
61	0	178.608
62	156.076	174.057
63	197.682	148.428
64	337.75	166.371
65	446.432	131.968
66	557.201	169.505
67	607.481	152.765
68	697.095	150.618
69	848.834	163.357
70	895.191	165.288
71	132.243	78.0609
72	254.796	69.8511
73	414.888	41.7118
74	527.24	17.7468
75	639.145	14.1258
76	747.308	66.9991
77	808.889	24.8991
78	860.055	393.745
79	461.636	58.13
80	365.93	678.739
81	49.9038	834.025
82	56.4794	836.503
83	63.0999	838.75
84	69.7653	840.767
85	76.4756	842.553
86	83.2308	844.11
87	90.031	845.435
88	96.876	846.53
89	103.766	847.395
90	110.701	848.03
91	117.681	848.434
92	124.706	848.607
93	43.3197	824.274
94	43.4945	817.271
95	43.8975	810.308
96	44.5287	803.386
97	45.3882	796.503
98	46.4759	789.661
99	47.7919	782.86
100	49.3361	776.098
101	51.1086	769.377
102	53.1092	762.695
103	55.3382	756.054
104	138.307	851.526
105	144.865	854.243
106	151.447	856.703
107	158.054	858.904
108	164.686	860.848
109	171.343	862.533
110	178.024	863.96
111	184.731	865.129
112	191.463	866.04
113	198.22	866.693
114	205.001	867.087
115	211.808	867.224
116	218.639	867.103
117	225.496	866.723
118	232.377	866.085
119	239.283	865.189
120	246.214	864.036
121	253.171	862.624
122	127.798	841.828
123	124.35	835.085
124	121.433	828.321
125	119.045	821.536
126	117.188	814.731
127	115.86	807.906
128	115.063	801.059
129	114.795	794.193
130	115.058	787.305
131	115.851	780.397
132	117.174	773.468
133	119.027	766.519
134	121.41	759.549
135	124.322	752.558
136	266.781	859.177
137	273.419	857.655
138	280.067	856.388
139	286.724	855.375
140	293.391	854.616
141	300.068	854.111
142	306.753	853.861
143	313.449	853.865
144	320.154	854.124
145	326.868	854.637
146	333.592	855.404
147	340.326	856.426
148	265.218	855.476
149	269.994	849.895
150	274.48	844.21
151	278.676	838.422
152	282.581	832.53
153	286.195	826.534
154	289.52	820.434
155	292.554	814.231
156	295.297	807.924
157	297.751	801.514
158	299.914	794.999
159	301.786	788.381
160	303.368	781.659
161	304.66	774.834
162	305.661	767.905
163	306.372	760.872
164	306.793	753.735
165	306.923	746.495
166	306.763	739.151
167	521.852	862.935
168	518.792	856.118
169	515.528	849.526
170	512.062	843.161
171	508.394	837.022
172	504.523	831.109
173	500.449	825.423
174	496.173	819.962
175	491.694	814.728
176	487.013	809.72
177	482.129	804.938
178	477.042	800.383
179	471.753	796.053
180	466.261	791.95
181	460.567	788.073
182	454.67	784.422
183	448.57	780.998
184	442.268	777.799
185	435.763	774.827
186	429.056	772.081
187	422.146	769.561
188	415.034	767.268
189	750.892	878.264
190	756.315	873.795
191	761.964	869.884
192	767.839	866.531
193	773.939	863.736
194	780.266	861.499
195	786.819	859.819
196	793.597	858.698
197	800.601	858.135
198	814.593	856.42
199	821.356	854.863
200	828.122	853.456
201	834.891	852.201
202	841.663	851.097
203	848.437	850.144
204	855.214	849.342
205	861.994	848.692
206	868.777	848.192
207	875.562	847.844
208	882.35	847.647
209	889.14	847.601
210	895.934	847.706
211	902.73	847.963
212	909.528	848.37
213	916.33	848.929
214	923.134	849.639
215	929.941	850.5
216	936.75	851.513
217	943.562	852.676
218	950.377	853.991
219	804.732	851.787
220	801.967	845.407
221	799.536	838.988
222	797.438	832.531
223	795.675	826.035
224	794.245	819.501
225	793.149	812.928
226	792.387	806.317
227	791.959	799.667
228	791.865	792.979
229	792.105	786.252
230	792.678	779.487
231	793.586	772.683
232	794.827	765.841
233	814.269	854.577
234	820.493	850.846
235	826.503	846.935
236	832.298	842.845
237	837.88	838.575
238	843.248	834.126
239	848.401	829.498
240	853.341	824.69
241	858.067	819.703
242	862.578	814.537
243	866.876	809.192
244	870.959	803.667
245	874.829	797.962
246	878.485	792.079
247	881.926	786.016
248	885.154	779.773
249	888.167	773.352
250	890.967	766.751
251	893.552	759.97
252	951.161	851.339
253	945.436	847.035
254	940.02	842.547
255	934.914	837.873
256	930.118	833.015
257	925.63	827.971
258	921.453	822.742
259	917.585	817.329
260	914.026	811.73
261	910.777	805.946
262	907.837	799.977
263	905.207	793.823
264	902.886	787.483
265	900.875	780.959
266	899.173	774.249
267	897.78	767.355
268	896.697	760.275
269	57.8852	742.511
270	57.745	735.626
271	57.3747	728.799
272	56.7743	722.03
273	55.9438	715.318
274	54.8832	708.665
275	53.5924	702.069
276	52.0716	695.531
277	50.3207	689.051
278	48.3397	682.629
279	46.1286	676.264
280	43.6873	669.958
281	41.016	663.709
282	38.1146	657.518
283	34.9831	651.385
284	59.6143	742.376
285	61.7969	735.521
286	64.3431	728.886
287	67.253	722.474
288	70.5265	716.282
289	74.1637	710.313
290	78.1644	704.565
291	82.5288	699.038
292	87.2569	693.733
293	92.3486	688.65
294	133.697	750.354
295	139.718	754.829
296	145.828	758.97
297	152.028	762.778
298	158.318	766.252
299	164.697	769.394
300	171.165	772.201
301	177.723	774.676
302	184.37	776.817
303	191.106	778.625
304	197.933	780.099
305	204.848	781.24
306	211.853	782.048
307	218.948	782.522
308	226.131	782.663
309	233.405	782.471
310	240.768	781.945
311	248.22	781.086
312	555.529	751.579
313	551.997	745.284
314	548.79	738.935
315	545.909	732.534
316	543.352	726.079
317	541.121	719.571
318	539.216	713.01
319	537.635	706.396
320	536.38	699.729
321	535.451	693.009
322	534.846	686.236
323	534.567	679.41
324	534.613	672.53
325	534.985	665.598
326	535.682	658.612
327	536.704	651.573
328	538.052	644.482
329	894.168	745.502
330	892.095	738.268
331	889.703	731.308
332	886.992	724.622
333	883.963	718.21
334	880.616	712.073
335	876.951	706.21
336	872.967	700.621
337	868.666	695.306
338	864.045	690.266
339	859.107	685.5
340	853.85	681.008
341	848.275	676.791
342	842.381	672.847
343	836.17	669.178
344	829.64	665.784
345	822.791	662.663
346	895.048	745.588
347	894.508	738.247
348	894.305	730.987
349	894.437	723.808
350	894.906	716.71
351	895.711	709.694
352	896.852	702.758
353	898.329	695.904
354	900.142	689.131
355	902.291	682.439
356	904.777	675.828
357	907.598	669.298
358	910.756	662.85
359	914.249	656.483
360	918.079	650.196
361	37.8331	648.472
362	44.0058	651.702
363	50.1394	654.998
364	56.234	658.362
365	62.2896	661.793
366	68.3062	665.291
367	74.2838	668.856
368	80.2223	672.489
369	86.1219	676.188
370	91.9824	679.955
371	26.9639	639.655
372	22.7929	633.869
373	19.1084	627.952
374	15.9104	621.904
375	13.1989	615.725
376	10.9739	609.414
377	9.23549	602.972
378	7.98355	596.398
379	7.21813	589.694
380	6.93922	582.858
381	7.14682	575.891
382	7.84094	568.792
383	104.435	682.402
384	111.054	680.971
385	117.661	679.494
386	124.255	677.971
387	130.838	676.402
388	137.409	674.788
389	143.967	673.128
390	150.514	671.422
391	157.048	669.67
392	163.57	667.873
393	170.081	666.03
394	176.579	664.141
395	183.065	662.207
396	189.539	660.227
397	196.001	658.201
398	102.973	679.562
399	108.132	675.324
400	113.282	671.075
401	118.421	666.815
402	123.551	662.544
403	128.672	658.262
404	133.783	653.968
405	138.884	649.663
406	143.975	645.347
407	149.057	641.02
408	154.128	636.681
409	159.191	632.331
410	164.243	627.97
411	169.286	623.598
412	174.319	619.215
413	179.342	614.82
414	184.356	610.414
415	189.36	605.997
416	194.354	601.569
417	199.339	597.129
418	204.314	592.679
419	209.279	588.217
420	214.235	583.744
421	219.18	579.259
422	224.117	574.764
423	208.221	650.678
424	213.37	645.033
425	217.899	639.197
426	221.807	633.168
427	225.095	626.947
428	227.761	620.533
429	229.807	613.928
430	231.231	607.13
431	232.035	600.14
432	232.218	592.958
433	231.781	585.583
434	230.722	578.016
435	403.585	629.793
436	410.161	633.114
437	416.762	636.125
438	423.387	638.827
439	430.036	641.218
440	436.71	643.3
441	443.407	645.072
442	450.129	646.534
443	456.876	647.686
444	463.646	648.528
445	470.441	649.06
446	477.26	649.282
447	484.104	649.194
448	490.971	648.797
449	497.863	648.089
450	504.779	647.072
451	511.72	645.745
452	518.685	644.108
453	525.674	642.161
454	532.687	639.904
455	540.897	630.255
456	541.688	623.261
457	542.097	616.356
458	542.126	609.539
459	541.773	602.81
460	541.039	596.169
461	539.923	589.617
462	538.426	583.153
463	536.548	576.778
464	534.289	570.491
465	531.648	564.292
466	528.626	558.181
467	525.223	552.159
468	521.438	546.225
469	921.29	637.301
470	920.619	630.637
471	920.232	623.999
472	920.128	617.388
473	920.309	610.803
474	920.773	604.244
475	921.522	597.712
476	922.554	591.206
477	923.87	584.726
478	925.47	578.272
479	927.354	571.845
480	15.179	556.886
481	20.7728	551.957
482	25.803	546.775
483	30.2697	541.341
484	34.1729	535.654
485	37.5125	529.714
486	40.2885	523.522
487	42.501	517.077
488	44.1499	510.379
489	45.2353	503.429
490	45.7571	496.226
491	45.7153	488.771
492	14.9499	557.873
493	20.7746	554.085
494	26.4955	550.197
495	32.1127	546.21
496	37.6263	542.123
497	43.036	537.937
498	48.3421	533.651
499	53.5445	529.266
500	58.6431	524.781
501	63.6381	520.197
502	68.5293	515.513
503	73.3168	510.73
504	78.0006	505.847
505	82.5806	500.865
506	87.057	495.783
507	91.4296	490.602
508	95.6985	485.321
509	99.8638	479.941
510	103.925	474.462
511	107.883	468.882
512	111.737	463.204
513	115.487	457.426
514	119.134	451.548
515	122.677	445.571
516	111.213	545.876
517	117.183	542.745
518	123.07	539.503
519	128.873	536.148
520	134.593	532.68
521	140.23	529.101
522	145.783	525.409
523	151.253	521.605
524	156.639	517.689
525	161.942	513.661
526	167.161	509.52
527	172.297	505.267
528	177.35	500.902
529	182.319	496.424
530	187.204	491.835
531	192.007	487.133
532	196.725	482.319
533	235.083	566.797
534	241.015	563.232
535	246.839	559.561
536	252.555	555.784
537	258.163	551.901
538	263.663	547.912
539	269.055	543.817
540	274.339	539.616
541	279.516	535.31
542	284.584	530.898
543	289.544	526.379
544	294.396	521.755
545	299.141	517.025
546	303.777	512.189
547	308.306	507.248
548	312.726	502.2
549	317.039	497.047
550	321.243	491.787
551	325.34	486.422
552	329.329	480.951
553	333.209	475.374
554	336.982	469.691
555	340.647	463.902
556	344.204	458.008
557	347.652	452.007
558	431.434	513.346
559	438.781	512.755
560	446.004	512.609
561	453.103	512.908
562	460.078	513.652
563	466.929	514.841
564	473.656	516.476
565	480.258	518.555
566	486.737	521.08
567	493.092	524.049
568	499.323	527.464
569	505.43	531.324
570	511.413	535.629
571	421.436	508.319
572	418.663	502.398
573	415.645	496.619
574	412.381	490.983
575	408.871	485.489
576	405.116	480.137
577	597.073	566.631
578	591.909	561.186
579	587.015	555.644
580	582.392	550.005
581	578.04	544.268
582	573.959	538.435
583	570.149	532.504
584	566.609	526.475
585	563.341	520.35
586	560.343	514.127
587	557.616	507.808
588	555.159	501.391
589	552.974	494.877
590	551.059	488.265
591	549.415	481.557
592	548.041	474.751
593	546.939	467.848
594	546.107	460.847
595	545.547	453.75
596	545.256	446.555
597	545.237	439.264
598	545.489	431.874
599	546.011	424.388
600	741.919	569.218
601	738.782	562.264
602	735.428	555.584
603	731.856	549.179
604	728.067	543.048
605	724.06	537.192
606	719.836	531.609
607	715.394	526.301
608	710.735	521.268
609	705.858	516.508
610	700.764	512.023
611	695.453	507.812
612	689.924	503.875
613	684.178	500.213
614	678.214	496.825
615	672.032	493.711
616	665.634	490.872
617	659.017	488.306
618	652.184	486.016
619	645.133	483.999
620	637.864	482.257
621	630.378	480.788
622	845.566	559.649
623	852.586	559.759
624	859.602	559.936
625	866.613	560.181
626	873.621	560.494
627	880.623	560.875
628	887.622	561.324
629	894.616	561.841
630	901.606	562.426
631	908.591	563.079
632	915.572	563.799
633	922.549	564.588
634	839.323	552.577
635	839.884	545.596
636	840.222	538.664
637	840.337	531.78
638	840.231	524.946
639	839.902	518.16
640	839.351	511.424
641	838.578	504.736
642	837.582	498.097
643	836.364	491.508
644	834.924	484.967
645	833.261	478.475
646	831.377	472.032
647	829.27	465.638
648	826.941	459.293
649	824.389	452.997
650	821.615	446.75
651	818.619	440.551
652	815.401	434.402
653	811.96	428.302
654	927.096	558.529
655	924.939	551.625
656	923.05	544.731
657	921.429	537.846
658	920.076	530.972
659	918.991	524.108
660	918.174	517.254
661	917.625	510.41
662	917.345	503.576
663	917.332	496.752
664	917.588	489.938
665	918.111	483.134
666	918.903	476.34
667	919.962	469.556
668	921.29	462.782
669	922.886	456.018
670	924.75	449.265
671	926.882	442.521
672	929.282	435.788
673	931.95	429.064
674	132.38	442.665
675	138.646	445.833
676	144.912	448.999
677	151.179	452.163
678	157.448	455.325
679	163.718	458.484
680	169.989	461.641
681	176.261	464.796
682	182.534	467.948
683	188.809	471.099
684	195.084	474.247
685	208.59	477.992
686	215.778	478.398
687	222.925	478.61
688	230.032	478.63
689	237.098	478.456
690	244.124	478.088
691	251.108	477.527
692	258.052	476.773
693	264.955	475.825
694	271.818	474.683
695	278.64	473.349
696	285.421	471.821
697	292.161	470.099
698	298.861	468.184
699	305.52	466.076
700	312.138	463.774
701	318.716	461.279
702	325.253	458.59
703	331.749	455.708
704	338.205	452.632
705	344.619	449.363
706	201.458	470.387
707	201.809	463.474
708	202.413	456.651
709	203.269	449.92
710	204.379	443.281
711	205.742	436.732
712	207.357	430.275
713	209.226	423.91
714	211.348	417.635
715	213.723	411.452
716	216.35	405.36
717	219.231	399.36
718	222.365	393.451
719	225.752	387.633
720	229.391	381.907
721	233.284	376.271
722	237.43	370.728
723	355.55	450.875
724	360.359	455.411
725	365.422	459.511
726	370.738	463.173
727	376.307	466.398
728	382.129	469.186
729	388.205	471.537
730	394.533	473.451
731	351.923	439.399
732	352.782	432.891
733	353.571	426.378
734	354.29	419.86
735	354.938	413.336
736	355.517	406.806
737	356.026	400.271
738	356.464	393.731
739	356.832	387.185
740	357.13	380.634
741	357.358	374.077
742	357.516	367.515
743	408.506	475.049
744	415.801	474.93
745	423	474.57
746	430.103	473.97
747	437.11	473.128
748	444.021	472.046
749	450.835	470.723
750	457.554	469.159
751	464.176	467.355
752	470.703	465.309
753	477.133	463.023
754	483.467	460.496
755	489.706	457.728
756	495.848	454.719
757	501.894	451.47
758	507.844	447.979
759	513.698	444.248
760	519.456	440.276
761	525.118	436.064
762	530.683	431.61
763	536.153	426.916
764	541.527	421.981
765	402.307	468.017
766	403.455	461.101
767	404.56	454.179
768	405.621	447.252
769	406.638	440.319
770	407.611	433.381
771	408.54	426.437
772	409.426	419.488
773	410.268	412.533
774	411.067	405.573
775	411.822	398.606
776	412.532	391.635
777	413.2	384.658
778	413.823	377.675
779	550.202	423.733
780	553.91	430.285
781	557.93	436.461
782	562.26	442.262
783	566.902	447.687
784	571.855	452.735
785	577.118	457.408
786	582.693	461.705
787	588.579	465.627
788	594.776	469.172
789	601.284	472.341
790	608.103	475.135
791	615.233	477.553
792	543.839	410.092
793	540.271	403.871
794	536.102	398.14
795	531.33	392.899
796	525.957	388.15
797	551.169	411.615
798	555.606	406.507
799	560.113	401.479
800	564.691	396.532
801	569.34	391.666
802	574.059	386.881
803	578.85	382.177
804	583.712	377.553
805	588.644	373.011
806	593.648	368.549
807	598.722	364.168
808	603.868	359.867
809	609.084	355.648
810	614.371	351.509
811	619.729	347.451
812	625.158	343.475
813	630.658	339.578
814	636.229	335.763
815	641.871	332.029
816	620.226	472.438
817	618.098	465.334
818	616.291	458.284
819	614.805	451.286
820	613.641	444.341
821	612.797	437.449
822	612.275	430.609
823	612.074	423.823
824	612.193	417.09
825	612.634	410.409
826	613.396	403.781
827	614.479	397.207
828	615.883	390.685
829	617.608	384.216
830	619.655	377.8
831	622.022	371.437
832	624.71	365.126
833	627.72	358.869
834	631.051	352.664
835	634.702	346.513
836	638.675	340.414
837	642.969	334.368
838	698.059	418.509
839	698.012	411.423
840	698.108	404.35
841	698.349	397.289
842	698.733	390.241
843	699.261	383.204
844	699.932	376.18
845	700.748	369.168
846	701.707	362.169
847	702.81	355.182
848	704.057	348.207
849	809.434	415.457
850	810.271	408.672
851	810.808	401.898
852	811.047	395.132
853	810.986	388.376
854	810.626	381.629
855	809.967	374.891
856	809.008	368.163
857	807.75	361.444
858	143.588	352.997
859	150.358	351.632
860	157.096	350.58
861	163.803	349.839
862	170.478	349.41
863	177.122	349.293
864	183.734	349.488
865	190.315	349.995
866	196.864	350.814
867	203.382	351.944
868	209.869	353.386
869	216.324	355.14
870	222.747	357.206
871	229.139	359.584
872	235.5	362.274
873	138.074	347.171
874	138.98	339.77
875	139.505	332.469
876	139.648	325.269
877	139.411	318.168
878	138.792	311.168
879	137.792	304.269
880	136.41	297.469
881	134.648	290.77
882	132.504	284.171
883	129.979	277.672
884	127.073	271.274
885	123.786	264.976
886	120.118	258.778
887	116.068	252.681
888	111.637	246.684
889	364.176	365.236
890	370.9	368.648
891	377.774	371.182
892	384.799	372.838
893	391.974	373.617
894	399.3	373.518
895	406.776	372.541
896	518.204	376.914
897	516.233	370.058
898	514.068	363.323
899	511.708	356.709
900	509.153	350.216
901	506.404	343.843
902	503.46	337.592
903	500.322	331.462
904	496.989	325.453
905	493.462	319.565
906	489.74	313.798
907	485.824	308.152
908	481.713	302.627
909	477.408	297.223
910	472.908	291.94
911	468.213	286.777
912	463.324	281.736
913	458.241	276.816
914	452.962	272.017
915	13.6001	279.169
916	19.9758	277.006
917	26.3286	274.786
918	32.6584	272.509
919	38.9652	270.176
920	45.2491	267.787
921	51.51	265.341
922	57.748	262.839
923	63.963	260.28
924	70.1551	257.665
925	76.3242	254.993
926	82.4704	252.265
927	88.5936	249.48
928	94.6938	246.639
929	100.771	243.741
930	7.30985	274.39
931	7.33417	267.51
932	7.27442	260.636
933	7.1306	253.768
934	6.90272	246.906
935	6.59076	240.049
936	6.19473	233.199
937	5.71464	226.354
938	5.15047	219.516
939	4.50223	212.683
940	3.76993	205.856
941	2.95355	199.035
942	2.0531	192.22
943	1.06859	185.411
944	221.566	225.081
945	228.32	227.187
946	235.048	228.843
947	241.75	230.047
948	248.428	230.802
949	255.079	231.105
950	261.706	230.957
951	268.307	230.359
952	274.882	229.31
953	281.432	227.81
954	287.957	225.859
955	294.456	223.458
956	300.93	220.606
957	210.623	216.697
958	206.224	211.154
959	201.59	205.896
960	196.722	200.921
961	191.619	196.231
962	186.281	191.825
963	180.709	187.703
964	174.903	183.866
965	168.862	180.312
966	162.586	177.043
967	300.845	214.889
968	294.395	212.34
969	288.03	209.658
970	281.75	206.84
971	275.554	203.888
972	269.442	200.801
973	263.415	197.58
974	257.473	194.224
975	251.615	190.734
976	245.841	187.109
977	240.152	183.349
978	234.548	179.455
979	229.028	175.427
980	223.592	171.263
981	218.241	166.966
982	212.975	162.533
983	207.793	157.966
984	202.695	153.264
985	313.527	213.297
986	318.982	208.879
987	323.743	204.047
988	327.811	198.801
989	331.185	193.142
990	333.867	187.069
991	335.855	180.583
992	337.149	173.684
993	454.441	266.349
994	461.279	265.127
995	468.002	263.675
996	474.612	261.993
997	481.107	260.079
998	487.489	257.934
999	493.757	255.559
1000	499.91	252.952
1001	505.95	250.115
1002	511.876	247.047
1003	517.688	243.748
1004	523.386	240.218
1005	528.97	236.457
1006	534.44	232.465
1007	539.796	228.243
1008	545.038	223.789
1009	550.166	219.105
1010	454.102	264.714
1011	460.559	261.916
1012	466.862	258.945
1013	473.01	255.8
1014	479.003	252.481
1015	484.841	248.989
1016	490.525	245.323
1017	496.053	241.483
1018	501.427	237.47
1019	506.646	233.284
1020	511.71	228.924
1021	516.62	224.39
1022	521.375	219.682
1023	525.975	214.802
1024	530.42	209.747
1025	534.71	204.519
1026	538.846	199.117
1027	542.826	193.542
1028	546.652	187.793
1029	550.323	181.871
1030	553.84	175.775
1031	562.616	214.32
1032	569.832	214.965
1033	576.829	216.124
1034	583.607	217.797
1035	590.165	219.984
1036	596.504	222.686
1037	602.624	225.903
1038	608.525	229.634
1039	614.206	233.879
1040	619.668	238.638
1041	552.318	207.664
1042	550.506	201.185
1043	549.744	194.754
1044	550.032	188.371
1045	551.372	182.035
1046	553.761	175.746
1047	631.797	246.185
1048	638.688	248.206
1049	645.584	249.976
1050	652.485	251.495
1051	659.391	252.762
1052	666.302	253.778
1053	673.217	254.542
1054	680.138	255.055
1055	687.064	255.317
1056	693.994	255.327
1057	700.929	255.086
1058	707.87	254.594
1059	714.815	253.85
1060	721.765	252.855
1061	728.72	251.608
1062	735.68	250.11
1063	742.646	248.361
1064	618.141	241.005
1065	611.693	237.805
1066	605.567	234.311
1067	599.763	230.524
1068	594.282	226.443
1069	589.124	222.07
1070	584.287	217.403
1071	579.773	212.442
1072	575.582	207.188
1073	571.712	201.641
1074	568.165	195.801
1075	564.941	189.667
1076	562.039	183.239
1077	559.459	176.519
1078	755.664	249.97
1079	761.803	253.229
1080	768.033	256.137
1081	774.352	258.695
1082	780.761	260.901
1083	787.26	262.757
1084	793.85	264.261
1085	800.529	265.415
1086	807.299	266.218
1087	814.158	266.671
1088	821.108	266.772
1089	905.475	248.217
1090	900.866	243.129
1091	896.376	237.959
1092	892.005	232.708
1093	887.753	227.375
1094	883.619	221.962
1095	879.605	216.467
1096	875.71	210.891
1097	871.934	205.234
1098	868.277	199.495
1099	864.739	193.675
1100	861.32	187.774
1101	858.02	181.792
1102	854.839	175.728
1103	851.777	169.583
1104	907.56	246.714
1105	905.165	240.161
1106	903.018	233.566
1107	901.119	226.929
1108	899.469	220.249
1109	898.066	213.527
1110	896.911	206.763
1111	896.004	199.956
1112	895.346	193.107
1113	894.935	186.216
1114	894.772	179.282
1115	894.858	172.306
1116	6.78601	178.414
1117	13.572	178.219
1118	20.358	178.024
1119	27.144	177.829
1120	33.9299	177.634
1121	40.7159	177.438
1122	47.5018	177.242
1123	54.2878	177.045
1124	61.0737	176.849
1125	67.8596	176.651
1126	74.6455	176.454
1127	81.4314	176.256
1128	88.2173	176.058
1129	95.0032	175.859
1130	101.789	175.661
1131	108.575	175.461
1132	115.361	175.262
1133	122.147	175.062
1134	128.932	174.862
1135	135.718	174.661
1136	142.504	174.46
1137	149.29	174.259
1138	156.191	167.235
1139	156.062	160.472
1140	155.69	153.77
1141	155.075	147.129
1142	154.217	140.548
1143	153.114	134.027
1144	151.769	127.567
1145	150.18	121.167
1146	148.348	114.828
1147	146.272	108.549
1148	143.953	102.331
1149	141.391	96.1725
1150	138.585	90.0748
1151	135.536	84.0376
1152	202.714	143.508
1153	207.6	138.481
1154	212.339	133.348
1155	216.932	128.108
1156	221.378	122.762
1157	225.677	117.309
1158	229.83	111.75
1159	233.836	106.084
1160	237.696	100.311
1161	241.409	94.4323
1162	244.976	88.4468
1163	248.396	82.3547
1164	251.669	76.1562
1165	445.883	124.926
1166	445.072	117.975
1167	443.998	111.116
1168	442.662	104.348
1169	441.065	97.6724
1170	439.205	91.0881
1171	437.082	84.5954
1172	434.698	78.1943
1173	432.052	71.8848
1174	429.143	65.667
1175	425.973	59.5408
1176	422.54	53.5062
1177	418.845	47.5632
1178	563.395	167.137
1179	569.614	164.848
1180	575.86	162.638
1181	582.132	160.506
1182	588.43	158.453
1183	594.754	156.478
1184	601.105	154.582
1185	614.347	151.441
1186	621.217	150.31
1187	628.092	149.373
1188	634.971	148.628
1189	641.855	148.077
1190	648.744	147.718
1191	655.637	147.553
1192	662.535	147.581
1193	669.438	147.802
1194	676.345	148.216
1195	683.257	148.824
1196	690.174	149.624
1197	704.009	150.995
1198	710.921	151.39
1199	717.832	151.806
1200	724.742	152.24
1201	731.65	152.694
1202	738.556	153.167
1203	745.46	153.659
1204	752.363	154.17
1205	759.264	154.701
1206	766.164	155.251
1207	773.062	155.821
1208	779.958	156.409
1209	786.853	157.017
1210	793.746	157.645
1211	800.638	158.291
1212	807.528	158.957
1213	814.416	159.642
1214	821.303	160.346
1215	828.188	161.07
1216	835.072	161.813
1217	841.953	162.575
1218	701.006	145.091
1219	704.965	139.606
1220	708.97	134.162
1221	713.022	128.76
1222	717.12	123.399
1223	721.265	118.08
1224	725.457	112.802
1225	729.695	107.566
1226	733.98	102.371
1227	738.312	97.2178
1228	742.691	92.1061
1229	747.116	87.0358
1230	751.587	82.0071
1231	756.106	77.0198
1232	760.671	72.0741
1233	765.283	67.1698
1234	769.941	62.3071
1235	774.646	57.4858
1236	779.398	52.7061
1237	784.197	47.9678
1238	789.042	43.2711
1239	793.934	38.6159
1240	798.872	34.0021
1241	803.857	29.4299
1242	534.113	13.7854
1243	541.002	10.3221
1244	547.908	7.35669
1245	554.83	4.88934
1246	561.767	2.91999
1247	568.721	1.44865
1248	575.691	0.475319
1249	582.677	0
1250	589.679	0.0226912
1251	596.697	0.543392
1252	603.732	1.5621
1253	610.782	3.07882
1254	617.849	5.09356
1255	624.932	7.6063
1256	632.031	10.617
1257	753.317	63.773
1258	759.245	60.4266
1259	765.089	56.96
1260	770.852	53.3732
1261	776.532	49.6662
1262	782.131	45.8389
1263	787.647	41.8914
1264	793.081	37.8237
1265	798.432	33.6357
1266	803.702	29.3276
