NOMBRE : MTLARP9_9_4_2.dat
VERTICES ORIGINALES : 75
VERTICES TOTALES : 1227
DEPOTS : 4
72
73
74
75
LINEAS ORIGINALES : 77
LINE 1 2 168.687 16
	76 10.5521
	77 10.5484
	78 10.5453
	79 10.5427
	80 10.5406
	81 10.539
	82 10.538
	83 10.5374
	84 10.5374
	85 10.538
	86 10.539
	87 10.5406
	88 10.5427
	89 10.5453
	90 10.5484
	2 10.5521
LINE 1 8 223.057 20
	91 11.7922
	92 11.5956
	93 11.4181
	94 11.2604
	95 11.1235
	96 11.0081
	97 10.9149
	98 10.8445
	99 10.7973
	100 10.7736
	101 10.7736
	102 10.7973
	103 10.8445
	104 10.9149
	105 11.0081
	106 11.1235
	107 11.2604
	108 11.4181
	109 11.5956
	8 11.7922
LINE 2 3 163.852 15
	110 11.7585
	111 11.4121
	112 11.1106
	113 10.8577
	114 10.6569
	115 10.5111
	116 10.4226
	117 10.3929
	118 10.4226
	119 10.5111
	120 10.6569
	121 10.8577
	122 11.1106
	123 11.4121
	3 11.7585
LINE 4 5 158.719 14
	124 12.0801
	125 11.7465
	126 11.461
	127 11.2274
	128 11.0489
	129 10.9283
	130 10.8675
	131 10.8675
	132 10.9283
	133 11.0489
	134 11.2274
	135 11.461
	136 11.7465
	5 12.0801
LINE 4 10 326.534 30
	137 11.447
	138 11.3337
	139 11.2274
	140 11.1283
	141 11.0368
	142 10.9529
	143 10.8768
	144 10.8088
	145 10.7488
	146 10.6972
	147 10.654
	148 10.6193
	149 10.5933
	150 10.5758
	151 10.5671
	152 10.5671
	153 10.5758
	154 10.5933
	155 10.6193
	156 10.654
	157 10.6972
	158 10.7488
	159 10.8088
	160 10.8768
	161 10.9529
	162 11.0368
	163 11.1283
	164 11.2274
	165 11.3337
	10 11.447
LINE 4 11 161.703 15
	166 11.3768
	167 11.1271
	168 10.9114
	169 10.7316
	170 10.5897
	171 10.4872
	172 10.4252
	173 10.4044
	174 10.4252
	175 10.4872
	176 10.5897
	177 10.7316
	178 10.9114
	179 11.1271
	11 11.3768
LINE 6 7 124.216 11
	180 11.8366
	181 11.5158
	182 11.2601
	183 11.0738
	184 10.9605
	185 10.9225
	186 10.9605
	187 11.0738
	188 11.2601
	189 11.5158
	7 11.8366
LINE 6 14 269.066 25
	190 10.7921
	191 10.7847
	192 10.778
	193 10.7719
	194 10.7665
	195 10.7617
	196 10.7575
	197 10.754
	198 10.7511
	199 10.7489
	200 10.7473
	201 10.7463
	202 10.746
	203 10.7463
	204 10.7473
	205 10.7489
	206 10.7511
	207 10.754
	208 10.7575
	209 10.7617
	210 10.7665
	211 10.7719
	212 10.778
	213 10.7847
	14 10.7921
LINE 7 14 184.895 17
	214 11.107
	215 11.0213
	216 10.9464
	217 10.8827
	218 10.8303
	219 10.7893
	220 10.76
	221 10.7423
	222 10.7365
	223 10.7423
	224 10.76
	225 10.7893
	226 10.8303
	227 10.8827
	228 10.9464
	229 11.0213
	14 11.107
LINE 8 9 227.006 21
	230 10.9533
	231 10.9105
	232 10.8721
	233 10.8381
	234 10.8086
	235 10.7835
	236 10.7629
	237 10.7469
	238 10.7354
	239 10.7286
	240 10.7263
	241 10.7286
	242 10.7354
	243 10.7469
	244 10.7629
	245 10.7835
	246 10.8086
	247 10.8381
	248 10.8721
	249 10.9105
	9 10.9533
LINE 8 16 191.214 18
	250 11.0195
	251 10.8819
	252 10.7601
	253 10.6546
	254 10.5658
	255 10.4943
	256 10.4403
	257 10.4042
	258 10.3861
	259 10.3861
	260 10.4042
	261 10.4403
	262 10.4943
	263 10.5658
	264 10.6546
	265 10.7601
	266 10.8819
	16 11.0195
LINE 9 10 98.1868 9
	267 11.7037
	268 11.122
	269 10.6871
	270 10.4175
	271 10.326
	272 10.4175
	273 10.6871
	274 11.122
	10 11.7037
LINE 9 16 283.993 26
	275 11.3284
	276 11.2328
	277 11.1445
	278 11.0636
	279 10.9903
	280 10.9247
	281 10.867
	282 10.8173
	283 10.7757
	284 10.7423
	285 10.7172
	286 10.7004
	287 10.692
	288 10.692
	289 10.7004
	290 10.7172
	291 10.7423
	292 10.7757
	293 10.8173
	294 10.867
	295 10.9247
	296 10.9903
	297 11.0636
	298 11.1445
	299 11.2328
	16 11.3284
LINE 9 17 128.364 12
	300 10.7496
	301 10.721
	302 10.698
	303 10.6808
	304 10.6692
	305 10.6635
	306 10.6635
	307 10.6692
	308 10.6808
	309 10.698
	310 10.721
	17 10.7496
LINE 10 11 217.31 21
	311 10.3782
	312 10.3692
	313 10.3611
	314 10.354
	315 10.3478
	316 10.3425
	317 10.3382
	318 10.3349
	319 10.3325
	320 10.3311
	321 10.3306
	322 10.3311
	323 10.3325
	324 10.3349
	325 10.3382
	326 10.3425
	327 10.3478
	328 10.354
	329 10.3611
	330 10.3692
	11 10.3782
LINE 11 12 119.151 11
	331 11.6065
	332 11.1539
	333 10.7888
	334 10.5203
	335 10.3558
	336 10.3004
	337 10.3558
	338 10.5203
	339 10.7888
	340 11.1539
	12 11.6065
LINE 11 18 253.549 24
	341 10.6308
	342 10.6135
	343 10.5979
	344 10.5837
	345 10.5711
	346 10.5601
	347 10.5507
	348 10.5428
	349 10.5365
	350 10.5317
	351 10.5286
	352 10.527
	353 10.527
	354 10.5286
	355 10.5317
	356 10.5365
	357 10.5428
	358 10.5507
	359 10.5601
	360 10.5711
	361 10.5837
	362 10.5979
	363 10.6135
	18 10.6308
LINE 11 19 192.286 18
	364 11.266
	365 11.0652
	366 10.8864
	367 10.7308
	368 10.5993
	369 10.493
	370 10.4125
	371 10.3585
	372 10.3314
	373 10.3314
	374 10.3585
	375 10.4125
	376 10.493
	377 10.5993
	378 10.7308
	379 10.8864
	380 11.0652
	19 11.266
LINE 13 14 212.304 19
	381 12.0558
	382 11.7723
	383 11.5164
	384 11.2899
	385 11.0946
	386 10.9322
	387 10.8042
	388 10.7119
	389 10.6561
	390 10.6374
	391 10.6561
	392 10.7119
	393 10.8042
	394 10.9322
	395 11.0946
	396 11.2899
	397 11.5164
	398 11.7723
	14 12.0558
LINE 14 22 166.577 15
	399 11.4021
	400 11.2763
	401 11.1687
	402 11.0799
	403 11.0104
	404 10.9604
	405 10.9304
	406 10.9203
	407 10.9304
	408 10.9604
	409 11.0104
	410 11.0799
	411 11.1687
	412 11.2763
	22 11.4021
LINE 15 22 184.626 16
	413 12.6161
	414 12.2025
	415 11.8364
	416 11.5225
	417 11.2651
	418 11.0681
	419 10.9348
	420 10.8675
	421 10.8675
	422 10.9348
	423 11.0681
	424 11.2651
	425 11.5225
	426 11.8364
	427 12.2025
	22 12.6161
LINE 17 25 169.562 16
	428 10.6202
	429 10.6112
	430 10.6035
	431 10.597
	432 10.5918
	433 10.588
	434 10.5854
	435 10.5841
	436 10.5841
	437 10.5854
	438 10.588
	439 10.5918
	440 10.597
	441 10.6035
	442 10.6112
	25 10.6202
LINE 18 19 217.371 21
	443 10.3578
	444 10.3558
	445 10.354
	446 10.3523
	447 10.3509
	448 10.3498
	449 10.3488
	450 10.348
	451 10.3475
	452 10.3472
	453 10.3471
	454 10.3472
	455 10.3475
	456 10.348
	457 10.3488
	458 10.3498
	459 10.3509
	460 10.3523
	461 10.354
	462 10.3558
	19 10.3578
LINE 18 26 218.24 20
	463 11.1801
	464 11.0964
	465 11.0215
	466 10.9555
	467 10.8986
	468 10.851
	469 10.8128
	470 10.784
	471 10.7648
	472 10.7552
	473 10.7552
	474 10.7648
	475 10.784
	476 10.8128
	477 10.851
	478 10.8986
	479 10.9555
	480 11.0215
	481 11.0964
	26 11.1801
LINE 19 26 254.392 24
	482 10.6162
	483 10.6119
	484 10.608
	485 10.6044
	486 10.6013
	487 10.5986
	488 10.5962
	489 10.5942
	490 10.5927
	491 10.5915
	492 10.5907
	493 10.5903
	494 10.5903
	495 10.5907
	496 10.5915
	497 10.5927
	498 10.5942
	499 10.5962
	500 10.5986
	501 10.6013
	502 10.6044
	503 10.608
	504 10.6119
	26 10.6162
LINE 19 27 167.489 15
	505 11.9449
	506 11.6209
	507 11.3395
	508 11.104
	509 10.9172
	510 10.7819
	511 10.6999
	512 10.6724
	513 10.6999
	514 10.7819
	515 10.9172
	516 11.104
	517 11.3395
	518 11.6209
	27 11.9449
LINE 20 21 200.26 18
	519 11.7149
	520 11.5118
	521 11.3312
	522 11.1741
	523 11.0414
	524 10.9341
	525 10.8529
	526 10.7985
	527 10.7711
	528 10.7711
	529 10.7985
	530 10.8529
	531 10.9341
	532 11.0414
	533 11.1741
	534 11.3312
	535 11.5118
	21 11.7149
LINE 20 28 121.615 11
	536 11.0563
	537 11.0561
	538 11.0559
	539 11.0558
	540 11.0557
	541 11.0557
	542 11.0557
	543 11.0558
	544 11.0559
	545 11.0561
	28 11.0563
LINE 21 22 205.073 19
	546 11.055
	547 10.9688
	548 10.8921
	549 10.8252
	550 10.7683
	551 10.7215
	552 10.6849
	553 10.6588
	554 10.643
	555 10.6378
	556 10.643
	557 10.6588
	558 10.6849
	559 10.7215
	560 10.7683
	561 10.8252
	562 10.8921
	563 10.9688
	22 11.055
LINE 21 29 120.997 11
	564 11.2367
	565 11.0956
	566 10.9847
	567 10.9047
	568 10.8564
	569 10.8403
	570 10.8564
	571 10.9047
	572 10.9847
	573 11.0956
	29 11.2367
LINE 23 30 152.241 14
	574 11.2535
	575 11.0811
	576 10.9353
	577 10.8172
	578 10.7279
	579 10.6679
	580 10.6377
	581 10.6377
	582 10.6679
	583 10.7279
	584 10.8172
	585 10.9353
	586 11.0811
	30 11.2535
LINE 24 32 226.908 21
	587 10.8184
	588 10.8144
	589 10.8109
	590 10.8077
	591 10.805
	592 10.8027
	593 10.8008
	594 10.7993
	595 10.7983
	596 10.7976
	597 10.7974
	598 10.7976
	599 10.7983
	600 10.7993
	601 10.8008
	602 10.8027
	603 10.805
	604 10.8077
	605 10.8109
	606 10.8144
	32 10.8184
LINE 26 27 209.649 20
	607 10.4849
	608 10.4841
	609 10.4834
	610 10.4828
	611 10.4823
	612 10.4819
	613 10.4815
	614 10.4813
	615 10.4811
	616 10.481
	617 10.481
	618 10.4811
	619 10.4813
	620 10.4815
	621 10.4819
	622 10.4823
	623 10.4828
	624 10.4834
	625 10.4841
	27 10.4849
LINE 26 33 125.987 12
	626 10.6651
	627 10.575
	628 10.5024
	629 10.4475
	630 10.4108
	631 10.3924
	632 10.3924
	633 10.4108
	634 10.4475
	635 10.5024
	636 10.575
	33 10.6651
LINE 26 34 255.549 24
	637 10.9227
	638 10.8519
	639 10.7871
	640 10.7285
	641 10.6762
	642 10.6301
	643 10.5905
	644 10.5574
	645 10.5308
	646 10.5108
	647 10.4975
	648 10.4908
	649 10.4908
	650 10.4975
	651 10.5108
	652 10.5308
	653 10.5574
	654 10.5905
	655 10.6301
	656 10.6762
	657 10.7285
	658 10.7871
	659 10.8519
	34 10.9227
LINE 27 28 126.383 11
	660 12.1304
	661 11.7537
	662 11.4522
	663 11.2318
	664 11.0975
	665 11.0523
	666 11.0975
	667 11.2318
	668 11.4522
	669 11.7537
	28 12.1304
LINE 27 35 163.808 15
	670 11.3121
	671 11.1469
	672 11.0051
	673 10.8877
	674 10.7956
	675 10.7292
	676 10.6892
	677 10.6759
	678 10.6892
	679 10.7292
	680 10.7956
	681 10.8877
	682 11.0051
	683 11.1469
	35 11.3121
LINE 28 29 117.483 11
	684 10.7233
	685 10.6975
	686 10.6775
	687 10.6631
	688 10.6545
	689 10.6516
	690 10.6545
	691 10.6631
	692 10.6775
	693 10.6975
	29 10.7233
LINE 28 35 162.739 15
	694 11.6021
	695 11.2889
	696 11.017
	697 10.7894
	698 10.609
	699 10.4782
	700 10.3989
	701 10.3724
	702 10.3989
	703 10.4782
	704 10.609
	705 10.7894
	706 11.017
	707 11.2889
	35 11.6021
LINE 31 38 183.241 16
	708 12.4439
	709 12.0621
	710 11.7249
	711 11.4363
	712 11.2001
	713 11.0196
	714 10.8976
	715 10.8361
	716 10.8361
	717 10.8976
	718 11.0196
	719 11.2001
	720 11.4363
	721 11.7249
	722 12.0621
	38 12.4439
LINE 33 40 152.781 14
	723 11.1897
	724 11.0633
	725 10.9569
	726 10.871
	727 10.8061
	728 10.7626
	729 10.7408
	730 10.7408
	731 10.7626
	732 10.8061
	733 10.871
	734 10.9569
	735 11.0633
	40 11.1897
LINE 34 35 84.4649 8
	736 10.9504
	737 10.6177
	738 10.39
	739 10.2743
	740 10.2743
	741 10.39
	742 10.6177
	35 10.9504
LINE 34 40 232.385 22
	743 10.7081
	744 10.6669
	745 10.6297
	746 10.5965
	747 10.5674
	748 10.5424
	749 10.5215
	750 10.5047
	751 10.4921
	752 10.4837
	753 10.4795
	754 10.4795
	755 10.4837
	756 10.4921
	757 10.5047
	758 10.5215
	759 10.5424
	760 10.5674
	761 10.5965
	762 10.6297
	763 10.6669
	40 10.7081
LINE 34 41 149.007 14
	764 10.7553
	765 10.7039
	766 10.6608
	767 10.6263
	768 10.6003
	769 10.5829
	770 10.5742
	771 10.5742
	772 10.5829
	773 10.6003
	774 10.6263
	775 10.6608
	776 10.7039
	41 10.7553
LINE 35 36 153.29 14
	777 11.3118
	778 11.1468
	779 11.0074
	780 10.8946
	781 10.8092
	782 10.7519
	783 10.7232
	784 10.7232
	785 10.7519
	786 10.8092
	787 10.8946
	788 11.0074
	789 11.1468
	36 11.3118
LINE 35 42 122.183 11
	790 11.9209
	791 11.446
	792 11.0626
	793 10.7803
	794 10.6074
	795 10.5491
	796 10.6074
	797 10.7803
	798 11.0626
	799 11.446
	42 11.9209
LINE 36 43 143.179 13
	800 11.1848
	801 11.0998
	802 11.0298
	803 10.9751
	804 10.9358
	805 10.9122
	806 10.9043
	807 10.9122
	808 10.9358
	809 10.9751
	810 11.0298
	811 11.0998
	43 11.1848
LINE 37 38 139.492 13
	812 11.2506
	813 10.9955
	814 10.7822
	815 10.6134
	816 10.4911
	817 10.417
	818 10.3923
	819 10.417
	820 10.4911
	821 10.6134
	822 10.7822
	823 10.9955
	38 11.2506
LINE 39 47 126.852 12
	824 11.207
	825 10.8681
	826 10.5892
	827 10.3751
	828 10.2299
	829 10.1565
	830 10.1565
	831 10.2299
	832 10.3751
	833 10.5892
	834 10.8681
	47 11.207
LINE 41 42 188.513 17
	835 11.659
	836 11.4501
	837 11.266
	838 11.1078
	839 10.9766
	840 10.8735
	841 10.7993
	842 10.7545
	843 10.7396
	844 10.7545
	845 10.7993
	846 10.8735
	847 10.9766
	848 11.1078
	849 11.266
	850 11.4501
	42 11.659
LINE 42 43 101.543 10
	851 10.297
	852 10.2023
	853 10.1307
	854 10.0827
	855 10.0586
	856 10.0586
	857 10.0827
	858 10.1307
	859 10.2023
	43 10.297
LINE 42 51 205.304 19
	860 11.2181
	861 11.083
	862 10.9624
	863 10.8568
	864 10.7666
	865 10.6923
	866 10.6341
	867 10.5924
	868 10.5672
	869 10.5588
	870 10.5672
	871 10.5924
	872 10.6341
	873 10.6923
	874 10.7666
	875 10.8568
	876 10.9624
	877 11.083
	51 11.2181
LINE 44 45 155.228 14
	878 11.5438
	879 11.3369
	880 11.1616
	881 11.0193
	882 10.9113
	883 10.8388
	884 10.8023
	885 10.8023
	886 10.8388
	887 10.9113
	888 11.0193
	889 11.1616
	890 11.3369
	45 11.5438
LINE 45 46 109.138 10
	891 11.4863
	892 11.1115
	893 10.822
	894 10.6245
	895 10.5244
	896 10.5244
	897 10.6245
	898 10.822
	899 11.1115
	46 11.4863
LINE 46 55 141.223 13
	900 11.0822
	901 10.9736
	902 10.884
	903 10.8138
	904 10.7634
	905 10.733
	906 10.7228
	907 10.733
	908 10.7634
	909 10.8138
	910 10.884
	911 10.9736
	55 11.0822
LINE 47 48 106.671 10
	912 10.942
	913 10.7604
	914 10.6221
	915 10.5289
	916 10.482
	917 10.482
	918 10.5289
	919 10.6221
	920 10.7604
	48 10.942
LINE 49 50 235.887 22
	921 11.3478
	922 11.174
	923 11.0152
	924 10.8721
	925 10.7453
	926 10.6354
	927 10.543
	928 10.4684
	929 10.4122
	930 10.3745
	931 10.3556
	932 10.3556
	933 10.3745
	934 10.4122
	935 10.4684
	936 10.543
	937 10.6354
	938 10.7453
	939 10.8721
	940 11.0152
	941 11.174
	50 11.3478
LINE 50 51 57.2083 5
	942 11.7705
	943 11.2787
	944 11.1099
	945 11.2787
	51 11.7705
LINE 51 52 156.828 14
	946 12.0095
	947 11.6478
	948 11.3377
	949 11.0833
	950 10.8886
	951 10.7569
	952 10.6904
	953 10.6904
	954 10.7569
	955 10.8886
	956 11.0833
	957 11.3377
	958 11.6478
	52 12.0095
LINE 51 59 210.411 19
	959 11.531
	960 11.3817
	961 11.2482
	962 11.1313
	963 11.0314
	964 10.9489
	965 10.8844
	966 10.8381
	967 10.8102
	968 10.8008
	969 10.8102
	970 10.8381
	971 10.8844
	972 10.9489
	973 11.0314
	974 11.1313
	975 11.2482
	976 11.3817
	59 11.531
LINE 51 60 147.41 14
	977 10.5398
	978 10.5349
	979 10.5309
	980 10.5277
	981 10.5252
	982 10.5236
	983 10.5228
	984 10.5228
	985 10.5236
	986 10.5252
	987 10.5277
	988 10.5309
	989 10.5349
	60 10.5398
LINE 53 54 119.257 11
	990 11.4317
	991 11.0847
	992 10.8071
	993 10.6044
	994 10.4809
	995 10.4394
	996 10.4809
	997 10.6044
	998 10.8071
	999 11.0847
	54 11.4317
LINE 53 63 240.447 23
	1000 10.4637
	1001 10.4611
	1002 10.4588
	1003 10.4567
	1004 10.4549
	1005 10.4533
	1006 10.4519
	1007 10.4508
	1008 10.4499
	1009 10.4493
	1010 10.4489
	1011 10.4488
	1012 10.4489
	1013 10.4493
	1014 10.4499
	1015 10.4508
	1016 10.4519
	1017 10.4533
	1018 10.4549
	1019 10.4567
	1020 10.4588
	1021 10.4611
	63 10.4637
LINE 54 63 257.157 24
	1022 10.7175
	1023 10.7168
	1024 10.7162
	1025 10.7156
	1026 10.7151
	1027 10.7147
	1028 10.7143
	1029 10.714
	1030 10.7137
	1031 10.7136
	1032 10.7134
	1033 10.7134
	1034 10.7134
	1035 10.7134
	1036 10.7136
	1037 10.7137
	1038 10.714
	1039 10.7143
	1040 10.7147
	1041 10.7151
	1042 10.7156
	1043 10.7162
	1044 10.7168
	63 10.7175
LINE 54 64 296.506 26
	1045 12.4887
	1046 12.2402
	1047 12.0079
	1048 11.7927
	1049 11.5956
	1050 11.4176
	1051 11.2595
	1052 11.1222
	1053 11.0065
	1054 10.9131
	1055 10.8424
	1056 10.7951
	1057 10.7713
	1058 10.7713
	1059 10.7951
	1060 10.8424
	1061 10.9131
	1062 11.0065
	1063 11.1222
	1064 11.2595
	1065 11.4176
	1066 11.5956
	1067 11.7927
	1068 12.0079
	1069 12.2402
	64 12.4887
LINE 56 57 222.619 20
	1070 11.7933
	1071 11.5899
	1072 11.406
	1073 11.2427
	1074 11.1008
	1075 10.9811
	1076 10.8844
	1077 10.8113
	1078 10.7623
	1079 10.7377
	1080 10.7377
	1081 10.7623
	1082 10.8113
	1083 10.8844
	1084 10.9811
	1085 11.1008
	1086 11.2427
	1087 11.406
	1088 11.5899
	57 11.7933
LINE 56 65 84.2418 8
	1089 10.9495
	1090 10.5942
	1091 10.3506
	1092 10.2266
	1093 10.2266
	1094 10.3506
	1095 10.5942
	65 10.9495
LINE 57 65 230.523 22
	1096 10.6777
	1097 10.6212
	1098 10.5702
	1099 10.5246
	1100 10.4845
	1101 10.4501
	1102 10.4213
	1103 10.3982
	1104 10.3808
	1105 10.3693
	1106 10.3635
	1107 10.3635
	1108 10.3693
	1109 10.3808
	1110 10.3982
	1111 10.4213
	1112 10.4501
	1113 10.4845
	1114 10.5246
	1115 10.5702
	1116 10.6212
	65 10.6777
LINE 57 66 96.6963 9
	1117 11.5063
	1118 10.9476
	1119 10.5303
	1120 10.2718
	1121 10.1842
	1122 10.2718
	1123 10.5303
	1124 10.9476
	66 11.5063
LINE 58 59 163.555 15
	1125 11.1049
	1126 11.0193
	1127 10.9464
	1128 10.8864
	1129 10.8395
	1130 10.8058
	1131 10.7856
	1132 10.7788
	1133 10.7856
	1134 10.8058
	1135 10.8395
	1136 10.8864
	1137 10.9464
	1138 11.0193
	59 11.1049
LINE 58 67 155.104 15
	1139 10.4384
	1140 10.3965
	1141 10.3609
	1142 10.3317
	1143 10.309
	1144 10.2927
	1145 10.2829
	1146 10.2796
	1147 10.2829
	1148 10.2927
	1149 10.309
	1150 10.3317
	1151 10.3609
	1152 10.3965
	67 10.4384
LINE 59 68 119.989 11
	1153 11.133
	1154 10.9991
	1155 10.8938
	1156 10.8179
	1157 10.7722
	1158 10.7569
	1159 10.7722
	1160 10.8179
	1161 10.8938
	1162 10.9991
	68 11.133
LINE 61 62 195.208 18
	1163 11.4516
	1164 11.2429
	1165 11.057
	1166 10.8951
	1167 10.7584
	1168 10.6477
	1169 10.564
	1170 10.5078
	1171 10.4796
	1172 10.4796
	1173 10.5078
	1174 10.564
	1175 10.6477
	1176 10.7584
	1177 10.8951
	1178 11.057
	1179 11.2429
	62 11.4516
LINE 62 69 184.422 17
	1180 10.9175
	1181 10.8917
	1182 10.8692
	1183 10.8501
	1184 10.8345
	1185 10.8224
	1186 10.8137
	1187 10.8085
	1188 10.8067
	1189 10.8085
	1190 10.8137
	1191 10.8224
	1192 10.8345
	1193 10.8501
	1194 10.8692
	1195 10.8917
	69 10.9175
LINE 64 71 101.362 9
	1196 11.8589
	1197 11.4191
	1198 11.0943
	1199 10.8948
	1200 10.8275
	1201 10.8948
	1202 11.0943
	1203 11.4191
	71 11.8589
LINE 66 67 150.76 13
	1204 12.5272
	1205 12.0769
	1206 11.6956
	1207 11.3901
	1208 11.1669
	1209 11.0307
	1210 10.985
	1211 11.0307
	1212 11.1669
	1213 11.3901
	1214 11.6956
	1215 12.0769
	67 12.5272
LINE 69 70 136.663 13
	1216 10.5234
	1217 10.518
	1218 10.5136
	1219 10.5101
	1220 10.5076
	1221 10.5061
	1222 10.5056
	1223 10.5061
	1224 10.5076
	1225 10.5101
	1226 10.5136
	1227 10.518
	70 10.5234
COORDENADAS :
1	112.681	835.067
2	217.727	795.082
3	318.695	819.716
4	410.468	832.576
5	511.782	835.606
6	621.771	838.449
7	694.725	805.383
8	65.723	699.353
9	215.802	704.512
10	270.077	674.631
11	404.21	728.72
12	462.649	680.859
13	585.185	722.444
14	714.721	685.358
15	768.188	677.964
16	82.4181	575.871
17	226.678	619.906
18	261.944	638.562
19	402.811	604.792
20	459.662	591.553
21	585.625	620.352
22	712.92	576.17
23	816.011	584.262
24	102.587	513.1
25	227.033	507.011
26	273.224	495.621
27	412.939	498.549
28	491.831	517.133
29	565.364	543.482
30	811.096	485.134
31	890.137	524.386
32	228.101	428.857
33	303.104	418.056
34	424.416	422.743
35	478.475	414.273
36	578.515	412.948
37	808.054	391.822
38	896.456	409.056
39	124.832	321.459
40	311.749	318.208
41	389.391	330.485
42	510.376	343.796
43	572.512	318.635
44	721.876	315.962
45	822.476	309.959
46	892.446	306.052
47	120.442	240.399
48	170.993	192.209
49	272.399	225.706
50	424.067	218.327
51	461.083	219.466
52	560.604	213.516
53	696.302	205.815
54	762.484	244.294
55	867.131	216.635
56	61.7132	86.6674
57	204.405	97.8423
58	280.305	120.323
59	386.926	104.497
60	473.702	122.068
61	569.84	109.4
62	693.723	130.763
63	788.643	74.8878
64	881.952	100.884
65	67.1885	32.4845
66	209.519	36.9515
67	303.221	20.1132
68	394.202	25.9496
69	609.79	41.568
70	690.797	0
71	866.041	37.8979
72	0	215.324
73	369.811	150.503
74	22.0832	703.627
75	885.8	791.987
76	119.114	832.221
77	125.565	829.422
78	132.034	826.668
79	138.52	823.961
80	145.024	821.3
81	151.545	818.686
82	158.084	816.117
83	164.641	813.595
84	171.215	811.119
85	177.807	808.689
86	184.416	806.306
87	191.043	803.969
88	197.687	801.678
89	204.35	799.433
90	211.029	797.234
91	107.308	829.328
92	102.254	823.479
93	97.5184	817.519
94	93.101	811.45
95	89.002	805.27
96	85.2214	798.98
97	81.7592	792.58
98	78.6153	786.069
99	75.7898	779.449
100	73.2827	772.718
101	71.094	765.877
102	69.2237	758.926
103	67.6718	751.865
104	66.4382	744.694
105	65.5231	737.412
106	64.9263	730.021
107	64.6479	722.519
108	64.6879	714.907
109	65.0462	707.185
110	225.327	793.162
111	232.803	791.751
112	240.155	790.849
113	247.383	790.456
114	254.487	790.572
115	261.466	791.196
116	268.321	792.329
117	275.053	793.972
118	281.66	796.123
119	288.142	798.783
120	294.501	801.952
121	300.736	805.629
122	306.846	809.816
123	312.832	814.512
124	417.599	836.318
125	424.746	839.518
126	431.91	842.175
127	439.09	844.29
128	446.286	845.862
129	453.499	846.892
130	460.727	847.38
131	467.972	847.325
132	475.233	846.728
133	482.51	845.588
134	489.804	843.906
135	497.114	841.682
136	504.439	838.915
137	407.982	825.361
138	405.346	818.28
139	402.558	811.334
140	399.618	804.522
141	396.528	797.845
142	393.286	791.302
143	389.892	784.894
144	386.348	778.62
145	382.652	772.481
146	378.804	766.477
147	374.806	760.606
148	370.656	754.871
149	366.354	749.27
150	361.901	743.803
151	357.297	738.471
152	352.542	733.273
153	347.635	728.21
154	342.577	723.282
155	337.368	718.488
156	332.007	713.828
157	326.495	709.303
158	320.832	704.913
159	315.017	700.657
160	309.051	696.535
161	302.934	692.548
162	296.665	688.696
163	290.245	684.978
164	283.674	681.395
165	276.951	677.946
166	413.113	825.468
167	415.321	818.386
168	417.091	811.331
169	418.424	804.302
170	419.32	797.299
171	419.778	790.322
172	419.798	783.372
173	419.381	776.448
174	418.526	769.551
175	417.234	762.68
176	415.504	755.835
177	413.337	749.017
178	410.732	742.225
179	407.69	735.46
180	627.148	832.674
181	632.776	827.452
182	638.655	822.784
183	644.785	818.67
184	651.166	815.111
185	657.798	812.105
186	664.682	809.653
187	671.816	807.754
188	679.201	806.41
189	686.838	805.62
190	626.057	832.67
191	630.295	826.863
192	634.487	821.026
193	638.63	815.161
194	642.727	809.267
195	646.776	803.345
196	650.778	797.394
197	654.733	791.414
198	658.64	785.405
199	662.5	779.368
200	666.313	773.301
201	670.078	767.206
202	673.796	761.083
203	677.467	754.93
204	681.09	748.749
205	684.666	742.539
206	688.195	736.301
207	691.676	730.034
208	695.11	723.738
209	698.497	717.413
210	701.837	711.059
211	705.129	704.677
212	708.374	698.266
213	711.571	691.826
214	697.772	798.635
215	700.586	791.847
216	703.165	785.021
217	705.51	778.155
218	707.622	771.251
219	709.5	764.307
220	711.144	757.325
221	712.554	750.303
222	713.73	743.243
223	714.672	736.144
224	715.381	729.005
225	715.856	721.828
226	716.096	714.612
227	716.103	707.357
228	715.876	700.063
229	715.416	692.73
230	72.8188	701.077
231	79.9197	702.653
232	87.0256	704.081
233	94.1367	705.361
234	101.253	706.494
235	108.374	707.479
236	115.5	708.316
237	122.632	709.005
238	129.768	709.546
239	136.91	709.94
240	144.056	710.185
241	151.208	710.283
242	158.365	710.233
243	165.527	710.035
244	172.694	709.69
245	179.866	709.196
246	187.043	708.555
247	194.225	707.766
248	201.412	706.829
249	208.605	705.744
250	69.0875	692.822
251	72.1652	686.253
252	74.9563	679.645
253	77.4607	672.998
254	79.6783	666.312
255	81.6093	659.587
256	83.2536	652.824
257	84.6111	646.022
258	85.682	639.182
259	86.4661	632.302
260	86.9636	625.384
261	87.1744	618.427
262	87.0984	611.431
263	86.7358	604.396
264	86.0864	597.323
265	85.1503	590.211
266	83.9276	583.06
267	223.604	704.409
268	230.963	703.502
269	237.879	701.791
270	244.352	699.275
271	250.383	695.955
272	255.971	691.831
273	261.115	686.902
274	265.818	681.169
275	212.406	697.766
276	208.871	691.165
277	205.197	684.707
278	201.385	678.393
279	197.433	672.223
280	193.344	666.196
281	189.115	660.314
282	184.748	654.575
283	180.242	648.98
284	175.597	643.529
285	170.814	638.221
286	165.892	633.058
287	160.831	628.038
288	155.631	623.162
289	150.293	618.43
290	144.816	613.842
291	139.201	609.398
292	133.446	605.097
293	127.553	600.941
294	121.521	596.928
295	115.351	593.059
296	109.042	589.333
297	102.594	585.752
298	96.0074	582.314
299	89.2821	579.021
300	215.806	697.345
301	215.975	690.2
302	216.307	683.076
303	216.804	675.973
304	217.464	668.891
305	218.288	661.83
306	219.277	654.79
307	220.429	647.771
308	221.745	640.773
309	223.226	633.796
310	224.87	626.841
311	276.217	677.821
312	282.381	680.949
313	288.571	684.015
314	294.785	687.02
315	301.024	689.964
316	307.287	692.847
317	313.576	695.668
318	319.889	698.427
319	326.227	701.126
320	332.589	703.763
321	338.976	706.339
322	345.388	708.853
323	351.825	711.306
324	358.287	713.697
325	364.773	716.028
326	371.284	718.296
327	377.82	720.504
328	384.38	722.65
329	390.966	724.735
330	397.576	726.758
331	411.783	727.128
332	418.903	724.984
333	425.571	722.288
334	431.787	719.041
335	437.552	715.241
336	442.864	710.89
337	447.725	705.988
338	452.134	700.533
339	456.091	694.527
340	459.596	687.969
341	398.812	724.129
342	393.367	719.61
343	387.877	715.163
344	382.34	710.789
345	376.758	706.488
346	371.129	702.259
347	365.454	698.103
348	359.734	694.02
349	353.967	690.009
350	348.154	686.071
351	342.295	682.206
352	336.391	678.413
353	330.44	674.692
354	324.443	671.045
355	318.4	667.47
356	312.311	663.967
357	306.177	660.538
358	299.996	657.18
359	293.769	653.896
360	287.496	650.684
361	281.177	647.545
362	274.812	644.478
363	268.401	641.484
364	407.133	721.802
365	409.702	714.887
366	411.919	707.976
367	413.782	701.069
368	415.293	694.166
369	416.451	687.267
370	417.255	680.372
371	417.707	673.482
372	417.806	666.595
373	417.552	659.712
374	416.944	652.833
375	415.984	645.958
376	414.671	639.087
377	413.005	632.22
378	410.986	625.357
379	408.614	618.498
380	405.889	611.643
381	590.961	716.856
382	596.854	711.672
383	602.862	706.892
384	608.985	702.516
385	615.225	698.543
386	621.58	694.975
387	628.05	691.812
388	634.637	689.052
389	641.339	686.696
390	648.156	684.744
391	655.09	683.196
392	662.139	682.052
393	669.304	681.312
394	676.584	680.976
395	683.98	681.045
396	691.492	681.517
397	699.119	682.393
398	706.862	683.673
399	712.415	678.115
400	710.421	670.866
401	708.74	663.613
402	707.37	656.354
403	706.313	649.091
404	705.569	641.822
405	705.136	634.548
406	705.016	627.268
407	705.209	619.984
408	705.713	612.694
409	706.53	605.4
410	707.659	598.1
411	709.1	590.795
412	710.854	583.485
413	768.497	669.559
414	768.303	661.426
415	767.609	653.566
416	766.412	645.978
417	764.714	638.663
418	762.514	631.619
419	759.812	624.849
420	756.608	618.35
421	752.903	612.124
422	748.697	606.171
423	743.988	600.49
424	738.778	595.081
425	733.066	589.944
426	726.852	585.08
427	720.137	580.489
428	226.115	612.848
429	225.63	605.791
430	225.223	598.733
431	224.895	591.676
432	224.644	584.62
433	224.471	577.563
434	224.376	570.507
435	224.359	563.451
436	224.42	556.395
437	224.56	549.339
438	224.777	542.284
439	225.072	535.229
440	225.445	528.174
441	225.896	521.12
442	226.425	514.065
443	268.578	636.648
444	275.22	634.764
445	281.869	632.911
446	288.526	631.088
447	295.19	629.296
448	301.861	627.535
449	308.54	625.804
450	315.226	624.104
451	321.919	622.435
452	328.62	620.796
453	335.328	619.188
454	342.043	617.611
455	348.766	616.064
456	355.496	614.547
457	362.233	613.062
458	368.978	611.607
459	375.73	610.183
460	382.489	608.789
461	389.256	607.426
462	396.03	606.093
463	264.54	631.576
464	266.922	624.572
465	269.09	617.551
466	271.044	610.514
467	272.784	603.46
468	274.311	596.389
469	275.623	589.301
470	276.722	582.196
471	277.607	575.074
472	278.278	567.935
473	278.735	560.78
474	278.978	553.607
475	279.007	546.418
476	278.823	539.212
477	278.424	531.989
478	277.812	524.749
479	276.986	517.492
480	275.945	510.219
481	274.691	502.928
482	397.093	600.621
483	391.403	596.418
484	385.74	592.181
485	380.105	587.912
486	374.498	583.61
487	368.918	579.275
488	363.366	574.907
489	357.842	570.506
490	352.346	566.072
491	346.877	561.606
492	341.436	557.106
493	336.023	552.574
494	330.637	548.009
495	325.279	543.41
496	319.949	538.779
497	314.646	534.116
498	309.372	529.419
499	304.124	524.689
500	298.905	519.927
501	293.713	515.131
502	288.549	510.303
503	283.413	505.442
504	278.304	500.548
505	407.047	598.048
506	410.774	591.256
507	413.992	584.416
508	416.702	577.527
509	418.903	570.59
510	420.595	563.604
511	421.779	556.57
512	422.455	549.487
513	422.621	542.356
514	422.279	535.176
515	421.428	527.947
516	420.069	520.671
517	418.201	513.345
518	415.825	505.972
519	465.975	596.152
520	472.367	600.398
521	478.841	604.291
522	485.395	607.832
523	492.03	611.02
524	498.746	613.854
525	505.542	616.336
526	512.419	618.466
527	519.377	620.242
528	526.415	621.666
529	533.534	622.736
530	540.733	623.454
531	548.013	623.819
532	555.374	623.832
533	562.816	623.491
534	570.338	622.798
535	577.941	621.751
536	462.514	584.756
537	465.381	577.966
538	468.262	571.182
539	471.158	564.404
540	474.067	557.632
541	476.992	550.867
542	479.931	544.107
543	482.884	537.354
544	485.852	530.608
545	488.834	523.867
546	592.982	619.922
547	600.267	619.281
548	607.478	618.429
549	614.616	617.367
550	621.681	616.094
551	628.673	614.611
552	635.592	612.917
553	642.438	611.013
554	649.211	608.898
555	655.911	606.572
556	662.537	604.037
557	669.091	601.29
558	675.572	598.333
559	681.979	595.165
560	688.313	591.787
561	694.575	588.199
562	700.763	584.4
563	706.878	580.39
564	585.69	612.862
565	585.374	605.471
566	584.676	598.181
567	583.597	590.992
568	582.137	583.903
569	580.295	576.915
570	578.071	570.028
571	575.467	563.24
572	572.481	556.554
573	569.113	549.968
574	813.208	577.303
575	810.782	570.325
576	808.734	563.329
577	807.062	556.314
578	805.768	549.28
579	804.851	542.227
580	804.311	535.156
581	804.149	528.066
582	804.364	520.957
583	804.956	513.83
584	805.925	506.684
585	807.271	499.519
586	808.995	492.336
587	108.814	509.461
588	115.016	505.785
589	121.194	502.072
590	127.346	498.322
591	133.473	494.534
592	139.575	490.709
593	145.652	486.847
594	151.704	482.947
595	157.731	479.01
596	163.733	475.036
597	169.709	471.025
598	175.661	466.976
599	181.588	462.889
600	187.49	458.766
601	193.366	454.605
602	199.218	450.407
603	205.045	446.172
604	210.846	441.899
605	216.623	437.589
606	222.374	433.242
607	280.205	495.957
608	287.188	496.274
609	294.17	496.571
610	301.153	496.848
611	308.137	497.104
612	315.121	497.341
613	322.105	497.557
614	329.09	497.754
615	336.075	497.931
616	343.06	498.087
617	350.046	498.223
618	357.033	498.34
619	364.02	498.436
620	371.007	498.512
621	377.995	498.569
622	384.983	498.605
623	391.971	498.621
624	398.96	498.617
625	405.95	498.593
626	277.211	489.734
627	280.925	483.742
628	284.368	477.645
629	287.539	471.443
630	290.437	465.137
631	293.063	458.726
632	295.417	452.209
633	297.499	445.588
634	299.308	438.863
635	300.846	432.032
636	302.111	425.096
637	280.404	494.412
638	287.508	493.044
639	294.536	491.518
640	301.487	489.832
641	308.361	487.988
642	315.159	485.985
643	321.88	483.822
644	328.524	481.501
645	335.092	479.021
646	341.583	476.382
647	347.998	473.583
648	354.336	470.626
649	360.597	467.51
650	366.782	464.235
651	372.89	460.801
652	378.922	457.209
653	384.877	453.457
654	390.755	449.546
655	396.557	445.476
656	402.282	441.247
657	407.93	436.86
658	413.502	432.313
659	418.997	427.608
660	419.347	503.483
661	425.908	507.768
662	432.621	511.404
663	439.487	514.391
664	446.507	516.729
665	453.678	518.418
666	461.003	519.459
667	468.481	519.851
668	476.111	519.594
669	483.895	518.688
670	419.277	494.462
671	425.333	490.155
672	431.108	485.63
673	436.602	480.886
674	441.815	475.924
675	446.746	470.743
676	451.396	465.343
677	455.765	459.725
678	459.853	453.887
679	463.66	447.832
680	467.185	441.557
681	470.429	435.064
682	473.392	428.352
683	476.074	421.422
684	498.794	518.752
685	505.701	520.526
686	512.553	522.455
687	519.349	524.54
688	526.09	526.78
689	532.775	529.175
690	539.404	531.726
691	545.978	534.432
692	552.495	537.293
693	558.958	540.31
694	494.377	509.829
695	496.432	502.59
696	497.997	495.414
697	499.07	488.301
698	499.652	481.253
699	499.744	474.268
700	499.345	467.347
701	498.454	460.489
702	497.073	453.696
703	495.2	446.966
704	492.837	440.3
705	489.983	433.697
706	486.638	427.159
707	482.802	420.684
708	886.45	516.954
709	883.308	509.552
710	880.709	502.18
711	878.655	494.838
712	877.146	487.525
713	876.18	480.242
714	875.759	472.99
715	875.881	465.767
716	876.548	458.573
717	877.76	451.41
718	879.515	444.276
719	881.815	437.173
720	884.659	430.099
721	888.047	423.055
722	891.979	416.04
723	305.812	411.105
724	308.198	404.126
725	310.262	397.119
726	312.006	390.085
727	313.427	383.022
728	314.527	375.932
729	315.305	368.814
730	315.762	361.668
731	315.897	354.494
732	315.711	347.293
733	315.203	340.063
734	314.373	332.806
735	313.222	325.521
736	430.778	419.163
737	437.253	416.304
738	443.841	414.165
739	450.542	412.746
740	457.356	412.047
741	464.283	412.069
742	471.322	412.811
743	418.295	419.068
744	412.27	415.291
745	406.34	411.411
746	400.506	407.428
747	394.766	403.343
748	389.122	399.156
749	383.572	394.865
750	378.118	390.473
751	372.759	385.977
752	367.495	381.38
753	362.326	376.679
754	357.253	371.876
755	352.274	366.971
756	347.391	361.963
757	342.603	356.853
758	337.91	351.639
759	333.312	346.324
760	328.809	340.906
761	324.401	335.385
762	320.089	329.762
763	315.872	324.036
764	423.142	415.687
765	421.68	408.702
766	420.028	401.79
767	418.188	394.949
768	416.159	388.179
769	413.941	381.482
770	411.533	374.856
771	408.937	368.302
772	406.152	361.82
773	403.178	355.41
774	400.014	349.071
775	396.662	342.804
776	393.121	336.608
777	485.652	416.586
778	492.825	418.529
779	499.993	420.101
780	507.156	421.303
781	514.314	422.135
782	521.467	422.596
783	528.615	422.686
784	535.758	422.407
785	542.897	421.756
786	550.03	420.736
787	557.159	419.344
788	564.282	417.583
789	571.401	415.451
790	484.747	409.392
791	490.344	404.206
792	495.267	398.715
793	499.516	392.918
794	503.091	386.817
795	505.991	380.41
796	508.217	373.698
797	509.768	366.68
798	510.645	359.357
799	510.848	351.729
800	579.709	405.588
801	580.628	398.245
802	581.27	390.92
803	581.636	383.612
804	581.726	376.322
805	581.54	369.05
806	581.079	361.795
807	580.341	354.558
808	579.327	347.338
809	578.037	340.136
810	576.472	332.951
811	574.63	325.784
812	814.304	395.968
813	820.646	399.644
814	827.08	402.85
815	833.605	405.586
816	840.222	407.852
817	846.93	409.647
818	853.73	410.973
819	860.622	411.829
820	867.606	412.214
821	874.681	412.13
822	881.847	411.575
823	889.106	410.55
824	127.633	314.533
825	129.858	307.637
826	131.507	300.773
827	132.581	293.94
828	133.079	287.139
829	133.001	280.368
830	132.347	273.629
831	131.117	266.92
832	129.312	260.243
833	126.931	253.598
834	123.975	246.983
835	396.839	328.261
836	404.245	326.412
837	411.61	324.94
838	418.933	323.844
839	426.216	323.123
840	433.456	322.778
841	440.656	322.81
842	447.814	323.217
843	454.931	324
844	462.006	325.159
845	469.04	326.693
846	476.033	328.604
847	482.984	330.891
848	489.894	333.553
849	496.763	336.592
850	503.59	340.006
851	516.035	339.91
852	521.817	336.329
853	527.723	333.052
854	533.751	330.079
855	539.903	327.411
856	546.179	325.047
857	552.577	322.987
858	559.099	321.232
859	565.744	319.781
860	505.433	338.183
861	500.752	332.467
862	496.331	326.648
863	492.171	320.725
864	488.272	314.698
865	484.634	308.568
866	481.257	302.335
867	478.141	295.998
868	475.286	289.558
869	472.692	283.014
870	470.358	276.367
871	468.285	269.616
872	466.474	262.762
873	464.923	255.805
874	463.633	248.744
875	462.604	241.58
876	461.836	234.312
877	461.329	226.941
878	729.223	318.25
879	736.546	320.121
880	743.844	321.573
881	751.117	322.607
882	758.365	323.223
883	765.589	323.421
884	772.787	323.201
885	779.96	322.564
886	787.108	321.508
887	794.232	320.034
888	801.33	318.142
889	808.404	315.833
890	815.452	313.105
891	829.645	312.65
892	836.776	314.657
893	843.868	315.978
894	850.923	316.614
895	857.939	316.566
896	864.917	315.833
897	871.856	314.415
898	878.758	312.312
899	885.621	309.525
900	892.294	298.666
901	891.843	291.364
902	891.093	284.147
903	890.043	277.014
904	888.695	269.967
905	887.047	263.004
906	885.099	256.125
907	882.853	249.332
908	880.307	242.623
909	877.462	235.999
910	874.317	229.46
911	870.874	223.005
912	124.044	234.056
913	127.969	228.052
914	132.217	222.386
915	136.788	217.059
916	141.681	212.07
917	146.898	207.42
918	152.437	203.11
919	158.3	199.137
920	164.485	195.504
921	279.443	228.464
922	286.474	230.928
923	293.489	233.097
924	300.491	234.971
925	307.478	236.55
926	314.451	237.835
927	321.41	238.826
928	328.354	239.522
929	335.284	239.923
930	342.199	240.029
931	349.1	239.841
932	355.987	239.358
933	362.86	238.581
934	369.718	237.509
935	376.562	236.143
936	383.391	234.481
937	390.206	232.526
938	397.007	230.275
939	403.794	227.73
940	410.566	224.89
941	417.324	221.756
942	431.391	221.146
943	438.754	222.669
944	446.157	222.896
945	453.6	221.829
946	467.973	215.389
947	474.897	211.873
948	481.855	208.92
949	488.846	206.528
950	495.871	204.698
951	502.929	203.431
952	510.021	202.725
953	517.146	202.581
954	524.305	202.999
955	531.498	203.978
956	538.724	205.52
957	545.984	207.624
958	553.277	210.289
959	459.442	211.956
960	457.55	204.608
961	455.407	197.422
962	453.012	190.398
963	450.366	183.536
964	447.468	176.837
965	444.319	170.299
966	440.919	163.924
967	437.267	157.711
968	433.364	151.66
969	429.21	145.771
970	424.804	140.044
971	420.147	134.48
972	415.239	129.077
973	410.079	123.837
974	404.668	118.759
975	399.005	113.843
976	393.091	109.089
977	461.588	212.458
978	462.154	205.457
979	462.781	198.465
980	463.469	191.48
981	464.218	184.503
982	465.028	177.534
983	465.899	170.573
984	466.831	163.62
985	467.823	156.675
986	468.877	149.738
987	469.992	142.809
988	471.168	135.887
989	472.404	128.974
990	700.757	211.998
991	705.525	217.644
992	710.605	222.753
993	715.997	227.325
994	721.702	231.36
995	727.718	234.858
996	734.047	237.82
997	740.688	240.244
998	747.641	242.131
999	754.907	243.481
1000	700.621	200.337
1001	704.913	194.84
1002	709.177	189.323
1003	713.413	183.787
1004	717.622	178.231
1005	721.803	172.656
1006	725.956	167.061
1007	730.081	161.446
1008	734.179	155.812
1009	738.249	150.159
1010	742.292	144.486
1011	746.307	138.794
1012	750.294	133.082
1013	754.253	127.35
1014	758.185	121.599
1015	762.089	115.828
1016	765.966	110.038
1017	769.815	104.229
1018	773.636	98.3996
1019	777.429	92.5509
1020	781.195	86.6828
1021	784.933	80.7951
1022	763.77	237.266
1023	765.038	230.234
1024	766.289	223.201
1025	767.524	216.165
1026	768.741	209.126
1027	769.941	202.084
1028	771.125	195.04
1029	772.291	187.993
1030	773.441	180.944
1031	774.573	173.892
1032	775.689	166.837
1033	776.787	159.78
1034	777.868	152.72
1035	778.933	145.657
1036	779.98	138.592
1037	781.011	131.524
1038	782.024	124.454
1039	783.021	117.381
1040	784	110.305
1041	784.963	103.227
1042	785.909	96.1462
1043	786.837	89.0627
1044	787.749	81.9766
1045	770.319	241.477
1046	777.895	238.445
1047	785.211	235.196
1048	792.269	231.732
1049	799.067	228.051
1050	805.606	224.155
1051	811.885	220.043
1052	817.906	215.714
1053	823.667	211.17
1054	829.169	206.41
1055	834.412	201.434
1056	839.396	196.243
1057	844.12	190.835
1058	848.586	185.211
1059	852.792	179.371
1060	856.739	173.316
1061	860.427	167.044
1062	863.855	160.557
1063	867.024	153.854
1064	869.935	146.934
1065	872.586	139.799
1066	874.977	132.448
1067	877.11	124.881
1068	878.983	117.098
1069	880.597	109.099
1070	68.5935	90.472
1071	75.5007	93.9349
1072	82.4346	97.0561
1073	89.3953	99.8357
1074	96.3827	102.274
1075	103.397	104.37
1076	110.438	106.124
1077	117.505	107.537
1078	124.6	108.609
1079	131.721	109.338
1080	138.869	109.726
1081	146.044	109.772
1082	153.245	109.477
1083	160.474	108.84
1084	167.729	107.861
1085	175.01	106.541
1086	182.319	104.879
1087	189.654	102.875
1088	197.016	100.529
1089	59.7756	79.6296
1090	58.5872	72.6675
1091	58.148	65.781
1092	58.4578	58.9703
1093	59.5168	52.2353
1094	61.3249	45.576
1095	63.8821	38.9924
1096	198.906	93.3222
1097	193.336	88.9496
1098	187.697	84.7246
1099	181.987	80.6471
1100	176.206	76.7172
1101	170.356	72.9349
1102	164.435	69.3001
1103	158.444	65.8128
1104	152.382	62.4731
1105	146.251	59.281
1106	140.049	56.2364
1107	133.776	53.3394
1108	127.434	50.5899
1109	121.021	47.988
1110	114.538	45.5336
1111	107.985	43.2268
1112	101.361	41.0675
1113	94.6671	39.0558
1114	87.9028	37.1916
1115	81.0683	35.475
1116	74.1636	33.906
1117	208.531	91.3755
1118	211.767	84.834
1119	214.114	78.2177
1120	215.572	71.5268
1121	216.14	64.7611
1122	215.819	57.9208
1123	214.608	51.0057
1124	212.509	44.016
1125	287.675	121.029
1126	295.007	121.484
1127	302.302	121.687
1128	309.559	121.638
1129	316.779	121.338
1130	323.962	120.787
1131	331.107	119.983
1132	338.215	118.928
1133	345.286	117.621
1134	352.319	116.063
1135	359.315	114.253
1136	366.274	112.192
1137	373.195	109.878
1138	380.079	107.313
1139	283.012	113.911
1140	285.55	107.462
1141	287.919	100.974
1142	290.12	94.4472
1143	292.153	87.882
1144	294.018	81.2784
1145	295.714	74.6363
1146	297.242	67.9557
1147	298.601	61.2366
1148	299.792	54.4789
1149	300.815	47.6828
1150	301.669	40.8482
1151	302.355	33.975
1152	302.872	27.0634
1153	389.492	97.5327
1154	391.677	90.5332
1155	393.482	83.4984
1156	394.905	76.4283
1157	395.948	69.3229
1158	396.609	62.1823
1159	396.89	55.0063
1160	396.789	47.7951
1161	396.308	40.5485
1162	395.445	33.2667
1163	577.246	107.548
1164	584.591	106.054
1165	591.874	104.917
1166	599.095	104.138
1167	606.255	103.716
1168	613.353	103.651
1169	620.39	103.944
1170	627.365	104.595
1171	634.278	105.603
1172	641.13	106.969
1173	647.92	108.692
1174	654.648	110.772
1175	661.315	113.21
1176	667.92	116.006
1177	674.463	119.159
1178	680.945	122.669
1179	687.365	126.537
1180	689.539	124.807
1181	685.261	118.94
1182	680.889	113.162
1183	676.423	107.472
1184	671.862	101.871
1185	667.207	96.3582
1186	662.458	90.9343
1187	657.615	85.5989
1188	652.678	80.3522
1189	647.647	75.194
1190	642.521	70.1245
1191	637.301	65.1436
1192	631.988	60.2513
1193	626.58	55.4476
1194	621.077	50.7324
1195	615.481	46.1059
1196	877.058	94.6757
1197	872.945	88.2696
1198	869.614	81.6659
1199	867.065	74.8649
1200	865.297	67.8664
1201	864.31	60.6704
1202	864.106	53.277
1203	864.683	45.6862
1204	216.017	31.705
1205	222.633	27.1171
1206	229.368	23.1877
1207	236.221	19.9168
1208	243.192	17.3045
1209	250.281	15.3507
1210	257.489	14.0555
1211	264.815	13.4188
1212	272.26	13.4406
1213	279.823	14.1209
1214	287.504	15.4598
1215	295.303	17.4573
1216	615.836	38.0078
1217	621.912	34.508
1218	628.019	31.0686
1219	634.157	27.6898
1220	640.326	24.3713
1221	646.527	21.1133
1222	652.758	17.9158
1223	659.02	14.7787
1224	665.313	11.702
1225	671.638	8.68586
1226	677.993	5.73012
1227	684.379	2.83483
