NOMBRE : MTLARP9_10_4_2.dat
VERTICES ORIGINALES : 80
VERTICES TOTALES : 1186
DEPOTS : 4
77
78
79
80
LINEAS ORIGINALES : 74
LINE 1 2 231.39 20
	81 12.182
	82 11.9934
	83 11.8231
	84 11.6721
	85 11.5411
	86 11.4308
	87 11.3417
	88 11.2745
	89 11.2295
	90 11.2069
	91 11.2069
	92 11.2295
	93 11.2745
	94 11.3417
	95 11.4308
	96 11.5411
	97 11.6721
	98 11.8231
	99 11.9934
	2 12.182
LINE 3 4 109.485 9
	100 12.83
	101 12.34
	102 11.9777
	103 11.755
	104 11.6799
	105 11.755
	106 11.9777
	107 12.34
	4 12.83
LINE 4 10 151.557 13
	108 12.2229
	109 11.9461
	110 11.7147
	111 11.5315
	112 11.3989
	113 11.3185
	114 11.2916
	115 11.3185
	116 11.3989
	117 11.5315
	118 11.7147
	119 11.9461
	10 12.2229
LINE 5 6 105.787 9
	120 11.9128
	121 11.7943
	122 11.7089
	123 11.6574
	124 11.6401
	125 11.6574
	126 11.7089
	127 11.7943
	6 11.9128
LINE 5 11 209.888 18
	128 12.1015
	129 11.9485
	130 11.813
	131 11.6956
	132 11.5969
	133 11.5173
	134 11.4573
	135 11.417
	136 11.3969
	137 11.3969
	138 11.417
	139 11.4573
	140 11.5173
	141 11.5969
	142 11.6956
	143 11.813
	144 11.9485
	11 12.1015
LINE 6 7 164.494 14
	145 12.2329
	146 12.0136
	147 11.8278
	148 11.677
	149 11.5627
	150 11.4858
	151 11.4472
	152 11.4472
	153 11.4858
	154 11.5627
	155 11.677
	156 11.8278
	157 12.0136
	7 12.2329
LINE 7 8 236.541 20
	158 12.5592
	159 12.3346
	160 12.1314
	161 11.9509
	162 11.7939
	163 11.6615
	164 11.5544
	165 11.4735
	166 11.4192
	167 11.392
	168 11.392
	169 11.4192
	170 11.4735
	171 11.5544
	172 11.6615
	173 11.7939
	174 11.9509
	175 12.1314
	176 12.3346
	8 12.5592
LINE 7 12 207.867 18
	177 11.798
	178 11.7107
	179 11.6338
	180 11.5674
	181 11.5118
	182 11.4672
	183 11.4336
	184 11.4111
	185 11.3999
	186 11.3999
	187 11.4111
	188 11.4336
	189 11.4672
	190 11.5118
	191 11.5674
	192 11.6338
	193 11.7107
	12 11.798
LINE 7 13 166.798 15
	194 11.4412
	195 11.3052
	196 11.1888
	197 11.0927
	198 11.0174
	199 10.9633
	200 10.9307
	201 10.9198
	202 10.9307
	203 10.9633
	204 11.0174
	205 11.0927
	206 11.1888
	207 11.3052
	13 11.4412
LINE 9 17 212.521 18
	208 12.474
	209 12.2445
	210 12.04
	211 11.862
	212 11.7116
	213 11.5898
	214 11.4977
	215 11.4358
	216 11.4048
	217 11.4048
	218 11.4358
	219 11.4977
	220 11.5898
	221 11.7116
	222 11.862
	223 12.04
	224 12.2445
	17 12.474
LINE 11 12 118.363 10
	225 12.3411
	226 12.0095
	227 11.7547
	228 11.5818
	229 11.4943
	230 11.4943
	231 11.5818
	232 11.7547
	233 12.0095
	12 12.3411
LINE 11 19 157.266 13
	234 12.9538
	235 12.5377
	236 12.1867
	237 11.9065
	238 11.7022
	239 11.578
	240 11.5362
	241 11.578
	242 11.7022
	243 11.9065
	244 12.1867
	245 12.5377
	19 12.9538
LINE 12 13 166.461 14
	246 12.3513
	247 12.1418
	248 11.9645
	249 11.8207
	250 11.7118
	251 11.6385
	252 11.6017
	253 11.6017
	254 11.6385
	255 11.7118
	256 11.8207
	257 11.9645
	258 12.1418
	13 12.3513
LINE 12 20 176.736 16
	259 11.0574
	260 11.0528
	261 11.0489
	262 11.0457
	263 11.0431
	264 11.0412
	265 11.0399
	266 11.0392
	267 11.0392
	268 11.0399
	269 11.0412
	270 11.0431
	271 11.0457
	272 11.0489
	273 11.0528
	20 11.0574
LINE 13 14 154.571 13
	274 12.5685
	275 12.237
	276 11.959
	277 11.7382
	278 11.5779
	279 11.4807
	280 11.448
	281 11.4807
	282 11.5779
	283 11.7382
	284 11.959
	285 12.237
	14 12.5685
LINE 14 15 214.804 19
	286 11.3155
	287 11.3121
	288 11.3092
	289 11.3067
	290 11.3045
	291 11.3028
	292 11.3014
	293 11.3004
	294 11.2998
	295 11.2996
	296 11.2998
	297 11.3004
	298 11.3014
	299 11.3028
	300 11.3045
	301 11.3067
	302 11.3092
	303 11.3121
	15 11.3155
LINE 14 23 177.892 16
	304 11.1208
	305 11.1198
	306 11.1189
	307 11.1182
	308 11.1176
	309 11.1172
	310 11.1169
	311 11.1167
	312 11.1167
	313 11.1169
	314 11.1172
	315 11.1176
	316 11.1182
	317 11.1189
	318 11.1198
	23 11.1208
LINE 16 25 251.915 21
	319 13.1054
	320 12.7867
	321 12.4946
	322 12.2311
	323 11.9981
	324 11.7973
	325 11.6304
	326 11.499
	327 11.4042
	328 11.3469
	329 11.3277
	330 11.3469
	331 11.4042
	332 11.499
	333 11.6304
	334 11.7973
	335 11.9981
	336 12.2311
	337 12.4946
	338 12.7867
	25 13.1054
LINE 18 26 152.845 13
	339 12.3986
	340 12.085
	341 11.8222
	342 11.6137
	343 11.4625
	344 11.3707
	345 11.34
	346 11.3707
	347 11.4625
	348 11.6137
	349 11.8222
	350 12.085
	26 12.3986
LINE 19 29 110.78 10
	351 11.5605
	352 11.2437
	353 11.0001
	354 10.8346
	355 10.7509
	356 10.7509
	357 10.8346
	358 11.0001
	359 11.2437
	29 11.5605
LINE 20 29 239.463 21
	360 11.6184
	361 11.5544
	362 11.4968
	363 11.4457
	364 11.4013
	365 11.3635
	366 11.3325
	367 11.3084
	368 11.2911
	369 11.2807
	370 11.2773
	371 11.2807
	372 11.2911
	373 11.3084
	374 11.3325
	375 11.3635
	376 11.4013
	377 11.4457
	378 11.4968
	379 11.5544
	29 11.6184
LINE 20 30 199.914 17
	380 12.7528
	381 12.3941
	382 12.0746
	383 11.7975
	384 11.5659
	385 11.3825
	386 11.2496
	387 11.1692
	388 11.1422
	389 11.1692
	390 11.2496
	391 11.3825
	392 11.5659
	393 11.7975
	394 12.0746
	395 12.3941
	30 12.7528
LINE 21 31 69.1634 6
	396 11.674
	397 11.4983
	398 11.4094
	399 11.4094
	400 11.4983
	31 11.674
LINE 22 33 183.587 16
	401 11.5846
	402 11.5406
	403 11.5028
	404 11.4712
	405 11.4458
	406 11.4268
	407 11.414
	408 11.4077
	409 11.4077
	410 11.414
	411 11.4268
	412 11.4458
	413 11.4712
	414 11.5028
	415 11.5406
	33 11.5846
LINE 24 34 240.154 21
	416 11.7085
	417 11.6277
	418 11.5548
	419 11.4902
	420 11.4339
	421 11.386
	422 11.3467
	423 11.316
	424 11.2941
	425 11.2809
	426 11.2765
	427 11.2809
	428 11.2941
	429 11.316
	430 11.3467
	431 11.386
	432 11.4339
	433 11.4902
	434 11.5548
	435 11.6277
	34 11.7085
LINE 25 26 141.549 12
	436 12.3982
	437 12.0761
	438 11.8121
	439 11.6101
	440 11.4735
	441 11.4046
	442 11.4046
	443 11.4735
	444 11.6101
	445 11.8121
	446 12.0761
	26 12.3982
LINE 26 35 282.51 25
	447 11.377
	448 11.3579
	449 11.3405
	450 11.3246
	451 11.3105
	452 11.298
	453 11.2871
	454 11.2779
	455 11.2704
	456 11.2645
	457 11.2603
	458 11.2578
	459 11.257
	460 11.2578
	461 11.2603
	462 11.2645
	463 11.2704
	464 11.2779
	465 11.2871
	466 11.298
	467 11.3105
	468 11.3246
	469 11.3405
	470 11.3579
	35 11.377
LINE 27 36 301.61 26
	471 12.3815
	472 12.2002
	473 12.0315
	474 11.8761
	475 11.7345
	476 11.6072
	477 11.4946
	478 11.3973
	479 11.3155
	480 11.2496
	481 11.2
	482 11.1668
	483 11.1501
	484 11.1501
	485 11.1668
	486 11.2
	487 11.2496
	488 11.3155
	489 11.3973
	490 11.4946
	491 11.6072
	492 11.7345
	493 11.8761
	494 12.0315
	495 12.2002
	36 12.3815
LINE 28 38 120.112 10
	496 12.903
	497 12.3237
	498 11.8707
	499 11.5588
	500 11.3997
	501 11.3997
	502 11.5588
	503 11.8707
	504 12.3237
	38 12.903
LINE 28 39 229.894 20
	505 11.5077
	506 11.5036
	507 11.5
	508 11.4968
	509 11.494
	510 11.4917
	511 11.4899
	512 11.4885
	513 11.4876
	514 11.4872
	515 11.4872
	516 11.4876
	517 11.4885
	518 11.4899
	519 11.4917
	520 11.494
	521 11.4968
	522 11.5
	523 11.5036
	39 11.5077
LINE 29 30 234.132 20
	524 12.1092
	525 11.9841
	526 11.8718
	527 11.7727
	528 11.687
	529 11.6152
	530 11.5574
	531 11.5138
	532 11.4847
	533 11.4701
	534 11.4701
	535 11.4847
	536 11.5138
	537 11.5574
	538 11.6152
	539 11.687
	540 11.7727
	541 11.8718
	542 11.9841
	30 12.1092
LINE 30 40 128.919 11
	543 12.1835
	544 11.9094
	545 11.6918
	546 11.5338
	547 11.438
	548 11.4058
	549 11.438
	550 11.5338
	551 11.6918
	552 11.9094
	40 12.1835
LINE 31 32 235.283 21
	553 11.2039
	554 11.2039
	555 11.2039
	556 11.2039
	557 11.2039
	558 11.2039
	559 11.2039
	560 11.2039
	561 11.2039
	562 11.2039
	563 11.2039
	564 11.2039
	565 11.2039
	566 11.2039
	567 11.2039
	568 11.2039
	569 11.2039
	570 11.2039
	571 11.2039
	572 11.2039
	32 11.2039
LINE 31 42 315.786 28
	573 11.5938
	574 11.5247
	575 11.4604
	576 11.4012
	577 11.3472
	578 11.2983
	579 11.2546
	580 11.2163
	581 11.1833
	582 11.1558
	583 11.1337
	584 11.1171
	585 11.1061
	586 11.1005
	587 11.1005
	588 11.1061
	589 11.1171
	590 11.1337
	591 11.1558
	592 11.1833
	593 11.2163
	594 11.2546
	595 11.2983
	596 11.3472
	597 11.4012
	598 11.4604
	599 11.5247
	42 11.5938
LINE 32 33 150.934 13
	600 11.993
	601 11.8042
	602 11.6474
	603 11.5241
	604 11.4351
	605 11.3814
	606 11.3634
	607 11.3814
	608 11.4351
	609 11.5241
	610 11.6474
	611 11.8042
	33 11.993
LINE 33 42 258.419 23
	612 11.6227
	613 11.5189
	614 11.4242
	615 11.3387
	616 11.2628
	617 11.1966
	618 11.1402
	619 11.0939
	620 11.0578
	621 11.0319
	622 11.0163
	623 11.0111
	624 11.0163
	625 11.0319
	626 11.0578
	627 11.0939
	628 11.1402
	629 11.1966
	630 11.2628
	631 11.3387
	632 11.4242
	633 11.5189
	42 11.6227
LINE 33 43 209.298 19
	634 11.0308
	635 11.0258
	636 11.0213
	637 11.0175
	638 11.0142
	639 11.0115
	640 11.0094
	641 11.008
	642 11.0071
	643 11.0068
	644 11.0071
	645 11.008
	646 11.0094
	647 11.0115
	648 11.0142
	649 11.0175
	650 11.0213
	651 11.0258
	43 11.0308
LINE 34 44 110.258 10
	652 11.4956
	653 11.187
	654 10.9499
	655 10.7889
	656 10.7075
	657 10.7075
	658 10.7889
	659 10.9499
	660 11.187
	44 11.4956
LINE 34 45 176.502 16
	661 11.0381
	662 11.0354
	663 11.0331
	664 11.0312
	665 11.0296
	666 11.0285
	667 11.0277
	668 11.0273
	669 11.0273
	670 11.0277
	671 11.0285
	672 11.0296
	673 11.0312
	674 11.0331
	675 11.0354
	45 11.0381
LINE 35 36 197.075 17
	676 12.2804
	677 12.0292
	678 11.8073
	679 11.6161
	680 11.4574
	681 11.3323
	682 11.2422
	683 11.1878
	684 11.1696
	685 11.1878
	686 11.2422
	687 11.3323
	688 11.4574
	689 11.6161
	690 11.8073
	691 12.0292
	36 12.2804
LINE 35 45 62.5346 5
	692 12.7161
	693 12.4028
	694 12.2966
	695 12.4028
	45 12.7161
LINE 36 46 129.932 12
	696 10.8979
	697 10.8597
	698 10.829
	699 10.806
	700 10.7906
	701 10.7829
	702 10.7829
	703 10.7906
	704 10.806
	705 10.829
	706 10.8597
	46 10.8979
LINE 37 47 211.036 18
	707 12.6372
	708 12.3261
	709 12.0474
	710 11.8032
	711 11.5958
	712 11.4271
	713 11.299
	714 11.2128
	715 11.1694
	716 11.1694
	717 11.2128
	718 11.299
	719 11.4271
	720 11.5958
	721 11.8032
	722 12.0474
	723 12.3261
	47 12.6372
LINE 38 48 228.464 20
	724 11.4719
	725 11.4566
	726 11.4429
	727 11.4309
	728 11.4207
	729 11.4121
	730 11.4053
	731 11.4001
	732 11.3967
	733 11.395
	734 11.395
	735 11.3967
	736 11.4001
	737 11.4053
	738 11.4121
	739 11.4207
	740 11.4309
	741 11.4429
	742 11.4566
	48 11.4719
LINE 40 50 244.55 22
	743 11.2705
	744 11.2266
	745 11.187
	746 11.1517
	747 11.1206
	748 11.094
	749 11.0717
	750 11.0539
	751 11.0405
	752 11.0315
	753 11.027
	754 11.027
	755 11.0315
	756 11.0405
	757 11.0539
	758 11.0717
	759 11.094
	760 11.1206
	761 11.1517
	762 11.187
	763 11.2266
	50 11.2705
LINE 41 51 215.037 19
	764 11.7525
	765 11.6102
	766 11.4831
	767 11.3718
	768 11.2768
	769 11.1984
	770 11.1371
	771 11.0931
	772 11.0666
	773 11.0578
	774 11.0666
	775 11.0931
	776 11.1371
	777 11.1984
	778 11.2768
	779 11.3718
	780 11.4831
	781 11.6102
	51 11.7525
LINE 43 53 121.518 10
	782 12.7757
	783 12.3671
	784 12.0517
	785 11.8367
	786 11.7277
	787 11.7277
	788 11.8367
	789 12.0517
	790 12.3671
	53 12.7757
LINE 46 47 170.683 15
	791 12.0594
	792 11.7751
	793 11.5291
	794 11.3239
	795 11.1617
	796 11.0444
	797 10.9734
	798 10.9496
	799 10.9734
	800 11.0444
	801 11.1617
	802 11.3239
	803 11.5291
	804 11.7751
	47 12.0594
LINE 49 59 206.762 18
	805 11.8286
	806 11.7096
	807 11.6045
	808 11.5136
	809 11.4373
	810 11.3759
	811 11.3296
	812 11.2987
	813 11.2832
	814 11.2832
	815 11.2987
	816 11.3296
	817 11.3759
	818 11.4373
	819 11.5136
	820 11.6045
	821 11.7096
	59 11.8286
LINE 49 60 220.688 20
	822 11.0509
	823 11.0457
	824 11.0411
	825 11.037
	826 11.0335
	827 11.0306
	828 11.0283
	829 11.0266
	830 11.0254
	831 11.0248
	832 11.0248
	833 11.0254
	834 11.0266
	835 11.0283
	836 11.0306
	837 11.0335
	838 11.037
	839 11.0411
	840 11.0457
	60 11.0509
LINE 51 52 187.356 17
	841 11.0467
	842 11.037
	843 11.0287
	844 11.0216
	845 11.0158
	846 11.0112
	847 11.008
	848 11.0061
	849 11.0054
	850 11.0061
	851 11.008
	852 11.0112
	853 11.0158
	854 11.0216
	855 11.0287
	856 11.037
	52 11.0467
LINE 51 61 144.279 12
	857 12.6607
	858 12.3201
	859 12.0407
	860 11.8268
	861 11.6821
	862 11.609
	863 11.609
	864 11.6821
	865 11.8268
	866 12.0407
	867 12.3201
	61 12.6607
LINE 52 62 166.104 15
	868 11.3206
	869 11.2158
	870 11.1263
	871 11.0525
	872 10.9948
	873 10.9534
	874 10.9285
	875 10.9202
	876 10.9285
	877 10.9534
	878 10.9948
	879 11.0525
	880 11.1263
	881 11.2158
	62 11.3206
LINE 53 63 159.103 14
	882 11.5094
	883 11.4429
	884 11.3872
	885 11.3424
	886 11.3087
	887 11.2862
	888 11.2749
	889 11.2749
	890 11.2862
	891 11.3087
	892 11.3424
	893 11.3872
	894 11.4429
	63 11.5094
LINE 54 55 146.729 12
	895 13.0696
	896 12.6224
	897 12.2529
	898 11.9683
	899 11.7748
	900 11.6768
	901 11.6768
	902 11.7748
	903 11.9683
	904 12.2529
	905 12.6224
	55 13.0696
LINE 55 65 161.499 14
	906 11.887
	907 11.7269
	908 11.5918
	909 11.4826
	910 11.3999
	911 11.3445
	912 11.3167
	913 11.3167
	914 11.3445
	915 11.3999
	916 11.4826
	917 11.5918
	918 11.7269
	65 11.887
LINE 56 57 75.0194 7
	919 11.0209
	920 10.7191
	921 10.5339
	922 10.4714
	923 10.5339
	924 10.7191
	57 11.0209
LINE 56 65 242.593 21
	925 12.1607
	926 11.9826
	927 11.821
	928 11.6765
	929 11.5499
	930 11.4416
	931 11.3523
	932 11.2823
	933 11.2321
	934 11.2018
	935 11.1917
	936 11.2018
	937 11.2321
	938 11.2823
	939 11.3523
	940 11.4416
	941 11.5499
	942 11.6765
	943 11.821
	944 11.9826
	65 12.1607
LINE 56 66 164.54 14
	945 12.6624
	946 12.2559
	947 11.9066
	948 11.6196
	949 11.3996
	950 11.2505
	951 11.1753
	952 11.1753
	953 11.2505
	954 11.3996
	955 11.6196
	956 11.9066
	957 12.2559
	66 12.6624
LINE 57 58 215.516 19
	958 11.6697
	959 11.5622
	960 11.4666
	961 11.383
	962 11.3118
	963 11.2533
	964 11.2075
	965 11.1747
	966 11.155
	967 11.1484
	968 11.155
	969 11.1747
	970 11.2075
	971 11.2533
	972 11.3118
	973 11.383
	974 11.4666
	975 11.5622
	58 11.6697
LINE 58 68 232.031 20
	976 12.3144
	977 12.0957
	978 11.8979
	979 11.722
	980 11.5692
	981 11.4403
	982 11.3361
	983 11.2573
	984 11.2045
	985 11.178
	986 11.178
	987 11.2045
	988 11.2573
	989 11.3361
	990 11.4403
	991 11.5692
	992 11.722
	993 11.8979
	994 12.0957
	68 12.3144
LINE 60 61 80.8135 7
	995 11.7794
	996 11.5459
	997 11.4036
	998 11.3557
	999 11.4036
	1000 11.5459
	61 11.7794
LINE 60 69 294.105 26
	1001 11.4066
	1002 11.384
	1003 11.3631
	1004 11.3441
	1005 11.327
	1006 11.3118
	1007 11.2985
	1008 11.287
	1009 11.2775
	1010 11.2698
	1011 11.2641
	1012 11.2603
	1013 11.2584
	1014 11.2584
	1015 11.2603
	1016 11.2641
	1017 11.2698
	1018 11.2775
	1019 11.287
	1020 11.2985
	1021 11.3118
	1022 11.327
	1023 11.3441
	1024 11.3631
	1025 11.384
	69 11.4066
LINE 60 70 155.916 14
	1026 11.3008
	1027 11.2256
	1028 11.1626
	1029 11.1119
	1030 11.0737
	1031 11.0482
	1032 11.0354
	1033 11.0354
	1034 11.0482
	1035 11.0737
	1036 11.1119
	1037 11.1626
	1038 11.2256
	70 11.3008
LINE 61 71 191.81 17
	1039 11.283
	1040 11.283
	1041 11.283
	1042 11.283
	1043 11.283
	1044 11.283
	1045 11.283
	1046 11.283
	1047 11.283
	1048 11.283
	1049 11.283
	1050 11.283
	1051 11.283
	1052 11.283
	1053 11.283
	1054 11.283
	71 11.283
LINE 62 72 136.204 12
	1055 11.5779
	1056 11.4547
	1057 11.3553
	1058 11.2801
	1059 11.2297
	1060 11.2044
	1061 11.2044
	1062 11.2297
	1063 11.2801
	1064 11.3553
	1065 11.4547
	72 11.5779
LINE 64 74 264.49 23
	1066 11.6098
	1067 11.5799
	1068 11.5528
	1069 11.5284
	1070 11.5069
	1071 11.4882
	1072 11.4724
	1073 11.4594
	1074 11.4493
	1075 11.4421
	1076 11.4378
	1077 11.4363
	1078 11.4378
	1079 11.4421
	1080 11.4493
	1081 11.4594
	1082 11.4724
	1083 11.4882
	1084 11.5069
	1085 11.5284
	1086 11.5528
	1087 11.5799
	74 11.6098
LINE 65 66 186.69 16
	1088 11.918
	1089 11.819
	1090 11.7335
	1091 11.6617
	1092 11.604
	1093 11.5605
	1094 11.5315
	1095 11.5169
	1096 11.5169
	1097 11.5315
	1098 11.5605
	1099 11.604
	1100 11.6617
	1101 11.7335
	1102 11.819
	66 11.918
LINE 65 75 198.542 18
	1103 11.0379
	1104 11.0351
	1105 11.0328
	1106 11.0307
	1107 11.029
	1108 11.0276
	1109 11.0266
	1110 11.0259
	1111 11.0256
	1112 11.0256
	1113 11.0259
	1114 11.0266
	1115 11.0276
	1116 11.029
	1117 11.0307
	1118 11.0328
	1119 11.0351
	75 11.0379
LINE 67 68 173.263 15
	1120 11.6527
	1121 11.6092
	1122 11.5723
	1123 11.542
	1124 11.5184
	1125 11.5015
	1126 11.4913
	1127 11.488
	1128 11.4913
	1129 11.5015
	1130 11.5184
	1131 11.542
	1132 11.5723
	1133 11.6092
	68 11.6527
LINE 68 69 167.973 15
	1134 11.201
	1135 11.1998
	1136 11.1988
	1137 11.1979
	1138 11.1973
	1139 11.1968
	1140 11.1965
	1141 11.1964
	1142 11.1965
	1143 11.1968
	1144 11.1973
	1145 11.1979
	1146 11.1988
	1147 11.1998
	69 11.201
LINE 71 72 143.897 13
	1148 11.1075
	1149 11.0883
	1150 11.0725
	1151 11.0602
	1152 11.0514
	1153 11.0462
	1154 11.0444
	1155 11.0462
	1156 11.0514
	1157 11.0602
	1158 11.0725
	1159 11.0883
	72 11.1075
LINE 72 73 159.066 13
	1160 13.148
	1161 12.7054
	1162 12.3316
	1163 12.0327
	1164 11.8147
	1165 11.6819
	1166 11.6373
	1167 11.6819
	1168 11.8147
	1169 12.0327
	1170 12.3316
	1171 12.7054
	73 13.148
LINE 73 76 178.282 16
	1172 11.1849
	1173 11.168
	1174 11.1535
	1175 11.1414
	1176 11.1317
	1177 11.1245
	1178 11.1196
	1179 11.1172
	1180 11.1172
	1181 11.1196
	1182 11.1245
	1183 11.1317
	1184 11.1414
	1185 11.1535
	1186 11.168
	76 11.1849
COORDENADAS :
1	112.64	823.392
2	262.004	820.72
3	362.604	814.717
4	432.574	810.81
5	560.57	845.157
6	611.122	796.966
7	712.527	830.464
8	864.196	823.085
9	201.211	724.223
10	400.733	718.274
11	536.43	710.573
12	602.613	749.051
13	707.259	721.393
14	801.841	691.425
15	944.533	702.6
16	20.4337	625.08
17	127.054	609.254
18	213.83	626.825
19	509.968	614.157
20	633.852	635.52
21	728.772	579.645
22	822.081	605.642
23	907.317	637.242
24	49.6475	541.709
25	143.35	524.871
26	234.33	530.707
27	349.919	546.326
28	430.925	504.758
29	506.17	542.655
30	655.802	511.164
31	705.924	540.19
32	851.613	482.068
33	927.483	544.858
34	3.05918	390.869
35	113.106	387.513
36	239.695	387.614
37	341.596	419.936
38	446.637	430.538
39	562.412	426.21
40	619.212	435.95
41	724.79	449.154
42	852.393	393.638
43	910.256	406.507
44	11.0019	319.998
45	112.01	346.539
46	211.634	306.05
47	319.596	287.787
48	412.188	282.566
49	552.299	332.602
50	659.989	279.453
51	729.72	309.175
52	854.424	311.624
53	932.957	331.786
54	15.0117	218.488
55	104.809	243.871
56	260.884	239.321
57	302.491	213.692
58	442.559	231.634
59	551.241	197.231
60	662.01	234.768
61	712.29	218.028
62	801.903	215.881
63	953.642	228.62
64	0	130.551
65	137.052	143.324
66	259.605	135.114
67	319.697	106.975
68	432.049	83.01
69	543.954	79.389
70	652.117	132.262
71	713.698	90.1624
72	802.344	126.272
73	900.605	103.54
74	147.167	35.1997
75	228.855	48.0496
76	842.805	0
77	864.864	359.008
78	466.444	23.3932
79	907.559	793.009
80	370.738	644.002
81	120.166	826.447
82	127.685	829.165
83	135.198	831.548
84	142.705	833.596
85	150.206	835.308
86	157.702	836.684
87	165.191	837.725
88	172.674	838.43
89	180.151	838.8
90	187.622	838.834
91	195.088	838.532
92	202.547	837.896
93	210	836.923
94	217.447	835.615
95	224.888	833.971
96	232.323	831.992
97	239.752	829.677
98	247.176	827.027
99	254.593	824.041
100	370.181	810.749
101	377.808	807.664
102	385.483	805.463
103	393.209	804.145
104	400.983	803.711
105	408.807	804.16
106	416.68	805.493
107	424.602	807.71
108	433.075	802.676
109	433.084	794.712
110	432.601	786.918
111	431.627	779.292
112	430.161	771.835
113	428.203	764.548
114	425.754	757.43
115	422.813	750.481
116	419.38	743.701
117	415.456	737.091
118	411.04	730.649
119	406.132	724.377
120	565.021	838.58
121	569.764	832.308
122	574.798	826.342
123	580.123	820.682
124	585.74	815.327
125	591.648	810.278
126	597.848	805.535
127	604.339	801.098
128	556.555	838.16
129	552.853	831.106
130	549.467	823.996
131	546.395	816.83
132	543.638	809.607
133	541.195	802.327
134	539.068	794.992
135	537.254	787.599
136	535.756	780.151
137	534.572	772.646
138	533.703	765.084
139	533.149	757.466
140	532.909	749.791
141	532.984	742.061
142	533.373	734.273
143	534.078	726.429
144	535.097	718.529
145	617.46	802.098
146	623.938	806.808
147	630.555	811.096
148	637.311	814.964
149	644.206	818.409
150	651.241	821.434
151	658.415	824.037
152	665.727	826.219
153	673.179	827.98
154	680.771	829.319
155	688.501	830.237
156	696.371	830.734
157	704.379	830.81
158	720.282	833.62
159	728.019	836.406
160	735.738	838.82
161	743.439	840.863
162	751.121	842.536
163	758.786	843.837
164	766.433	844.767
165	774.061	845.325
166	781.672	845.513
167	789.264	845.33
168	796.839	844.775
169	804.395	843.85
170	811.933	842.553
171	819.453	840.885
172	826.956	838.846
173	834.44	836.436
174	841.906	833.655
175	849.354	830.503
176	856.784	826.979
177	707.629	824.31
178	702.588	818.348
179	697.406	812.578
180	692.081	806.999
181	686.614	801.613
182	681.006	796.418
183	675.254	791.416
184	669.361	786.605
185	663.326	781.986
186	657.149	777.559
187	650.829	773.324
188	644.367	769.281
189	637.764	765.43
190	631.018	761.77
191	624.13	758.303
192	617.099	755.027
193	609.927	751.943
194	714.45	823.082
195	716.047	815.717
196	717.32	808.367
197	718.268	801.033
198	718.892	793.714
199	719.19	786.412
200	719.164	779.125
201	718.812	771.853
202	718.136	764.598
203	717.136	757.358
204	715.81	750.133
205	714.159	742.925
206	712.184	735.732
207	709.884	728.554
208	194.256	719.665
209	187.634	714.892
210	181.345	709.904
211	175.391	704.7
212	169.77	699.281
213	164.482	693.647
214	159.528	687.798
215	154.908	681.734
216	150.621	675.454
217	146.668	668.959
218	143.049	662.249
219	139.763	655.324
220	136.811	648.184
221	134.192	640.828
222	131.907	633.258
223	129.956	625.472
224	128.338	617.471
225	541.534	717.026
226	546.974	722.9
227	552.75	728.195
228	558.864	732.912
229	565.314	737.049
230	572.1	740.608
231	579.223	743.587
232	586.683	745.987
233	594.48	747.809
234	538.183	702.116
235	539.304	693.833
236	539.793	685.724
237	539.652	677.787
238	538.879	670.024
239	537.475	662.434
240	535.439	655.018
241	532.772	647.775
242	529.474	640.705
243	525.545	633.808
244	520.984	627.084
245	515.791	620.534
246	609.363	744.337
247	616.226	740.043
248	623.199	736.171
249	630.284	732.721
250	637.48	729.692
251	644.788	727.084
252	652.207	724.898
253	659.738	723.133
254	667.379	721.789
255	675.133	720.867
256	682.997	720.367
257	690.973	720.287
258	699.06	720.629
259	604.157	741.843
260	605.756	734.65
261	607.409	727.472
262	609.117	720.309
263	610.879	713.161
264	612.695	706.028
265	614.566	698.91
266	616.491	691.807
267	618.471	684.719
268	620.505	677.645
269	622.593	670.587
270	624.736	663.544
271	626.933	656.515
272	629.185	649.502
273	631.491	642.504
274	715.579	722.384
275	723.725	722.826
276	731.697	722.719
277	739.495	722.062
278	747.119	720.856
279	754.568	719.1
280	761.844	716.795
281	768.946	713.94
282	775.873	710.536
283	782.626	706.582
284	789.205	702.079
285	795.61	697.027
286	809.32	692.411
287	816.803	693.353
288	824.289	694.25
289	831.778	695.104
290	839.271	695.913
291	846.767	696.678
292	854.267	697.399
293	861.77	698.075
294	869.277	698.707
295	876.787	699.296
296	884.3	699.84
297	891.817	700.339
298	899.338	700.795
299	906.862	701.206
300	914.389	701.573
301	921.92	701.896
302	929.454	702.175
303	936.992	702.41
304	808.525	688.217
305	815.197	684.985
306	821.857	681.73
307	828.504	678.45
308	835.139	675.147
309	841.761	671.82
310	848.372	668.47
311	854.97	665.095
312	861.556	661.697
313	868.13	658.275
314	874.692	654.829
315	881.241	651.359
316	887.779	647.865
317	894.304	644.348
318	900.816	640.807
319	29.0631	623.714
320	37.4149	622.007
321	45.4891	619.959
322	53.2856	617.571
323	60.8046	614.842
324	68.0459	611.773
325	75.0095	608.363
326	81.6955	604.613
327	88.1039	600.522
328	94.2347	596.091
329	100.088	591.319
330	105.663	586.207
331	110.961	580.754
332	115.982	574.96
333	120.724	568.826
334	125.189	562.352
335	129.377	555.537
336	133.286	548.381
337	136.918	540.885
338	140.273	533.048
339	218.676	620.129
340	222.976	613.316
341	226.732	606.387
342	229.943	599.342
343	232.61	592.18
344	234.731	584.903
345	236.308	577.509
346	237.34	569.999
347	237.828	562.373
348	237.771	554.631
349	237.168	546.773
350	236.022	538.798
351	512.435	606.856
352	514.27	599.588
353	515.472	592.354
354	516.041	585.153
355	515.977	577.986
356	515.281	570.853
357	513.952	563.753
358	511.991	556.687
359	509.397	549.654
360	628.868	629.591
361	623.774	623.813
362	618.571	618.185
363	613.258	612.708
364	607.835	607.382
365	602.303	602.206
366	596.661	597.181
367	590.91	592.307
368	585.049	587.584
369	579.079	583.011
370	572.999	578.589
371	566.809	574.317
372	560.51	570.197
373	554.101	566.227
374	547.582	562.407
375	540.954	558.739
376	534.216	555.221
377	527.369	551.853
378	520.412	548.637
379	513.346	545.571
380	639.216	628.924
381	644.071	622.238
382	648.416	615.462
383	652.253	608.596
384	655.581	601.641
385	658.399	594.595
386	660.708	587.46
387	662.509	580.235
388	663.8	572.92
389	664.582	565.515
390	664.855	558.02
391	664.619	550.435
392	663.874	542.761
393	662.62	534.997
394	660.856	527.142
395	658.584	519.198
396	723.509	573.912
397	718.828	567.842
398	714.729	561.434
399	711.212	554.69
400	708.277	547.609
401	829.342	603.01
402	836.513	600.223
403	843.594	597.28
404	850.586	594.182
405	857.488	590.927
406	864.3	587.518
407	871.022	583.952
408	877.654	580.231
409	884.197	576.354
410	890.65	572.322
411	897.014	568.133
412	903.287	563.79
413	909.471	559.29
414	915.565	554.635
415	921.569	549.824
416	45.4217	535.146
417	41.3966	528.521
418	37.5722	521.835
419	33.9486	515.086
420	30.5257	508.275
421	27.3035	501.402
422	24.2821	494.467
423	21.4614	487.47
424	18.8414	480.411
425	16.4222	473.291
426	14.2037	466.108
427	12.1859	458.863
428	10.3689	451.556
429	8.75261	444.187
430	7.33706	436.756
431	6.12224	429.264
432	5.10816	421.709
433	4.29481	414.092
434	3.6822	406.413
435	3.27032	398.672
436	151.14	522.108
437	158.892	519.936
438	166.606	518.355
439	174.283	517.365
440	181.921	516.965
441	189.522	517.156
442	197.085	517.938
443	204.61	519.31
444	212.097	521.273
445	219.546	523.827
446	226.957	526.972
447	230.32	524.269
448	226.24	517.891
449	222.09	511.571
450	217.87	505.311
451	213.58	499.11
452	209.221	492.968
453	204.791	486.885
454	200.292	480.861
455	195.722	474.897
456	191.083	468.992
457	186.374	463.145
458	181.595	457.358
459	176.746	451.631
460	171.827	445.962
461	166.838	440.353
462	161.78	434.803
463	156.651	429.311
464	151.453	423.88
465	146.184	418.507
466	140.846	413.193
467	135.438	407.939
468	129.96	402.744
469	124.412	397.608
470	118.794	392.531
471	342.73	542.27
472	335.776	538.05
473	329.059	533.667
474	322.578	529.12
475	316.332	524.409
476	310.323	519.534
477	304.55	514.495
478	299.012	509.292
479	293.711	503.925
480	288.645	498.394
481	283.816	492.7
482	279.223	486.841
483	274.865	480.819
484	270.744	474.633
485	266.858	468.282
486	263.209	461.768
487	259.796	455.09
488	256.618	448.249
489	253.677	441.243
490	250.971	434.073
491	248.502	426.74
492	246.268	419.242
493	244.271	411.581
494	242.509	403.756
495	240.984	395.767
496	428.529	496.496
497	427.015	488.421
498	426.383	480.532
499	426.632	472.83
500	427.762	465.315
501	429.774	457.987
502	432.668	450.845
503	436.443	443.889
504	441.099	437.12
505	437.264	500.436
506	443.628	496.157
507	450.017	491.918
508	456.43	487.721
509	462.868	483.566
510	469.331	479.452
511	475.819	475.38
512	482.331	471.349
513	488.868	467.359
514	495.43	463.411
515	502.017	459.504
516	508.628	455.639
517	515.265	451.815
518	521.926	448.033
519	528.611	444.292
520	535.322	440.593
521	542.057	436.935
522	548.817	433.319
523	555.602	429.744
524	513.118	538.545
525	520.122	534.701
526	527.182	531.124
527	534.298	527.815
528	541.471	524.772
529	548.7	521.996
530	555.985	519.487
531	563.326	517.245
532	570.723	515.27
533	578.177	513.562
534	585.687	512.121
535	593.252	510.947
536	600.875	510.04
537	608.553	509.4
538	616.287	509.026
539	624.078	508.92
540	631.925	509.081
541	639.828	509.508
542	647.787	510.203
543	655.044	503.077
544	653.771	495.24
545	651.986	487.653
546	649.686	480.316
547	646.873	473.228
548	643.547	466.391
549	639.707	459.803
550	635.354	453.465
551	630.486	447.377
552	625.106	441.538
553	712.867	537.437
554	719.81	534.682
555	726.752	531.926
556	733.694	529.168
557	740.635	526.409
558	747.575	523.648
559	754.515	520.886
560	761.454	518.123
561	768.393	515.358
562	775.331	512.592
563	782.269	509.824
564	789.206	507.055
565	796.142	504.284
566	803.078	501.512
567	810.013	498.739
568	816.948	495.964
569	823.882	493.188
570	830.816	490.41
571	837.749	487.631
572	844.681	484.85
573	712.734	536.534
574	719.427	532.761
575	726.003	528.871
576	732.462	524.865
577	738.804	520.741
578	745.029	516.5
579	751.137	512.143
580	757.128	507.669
581	763.002	503.078
582	768.76	498.37
583	774.4	493.545
584	779.923	488.603
585	785.33	483.544
586	790.619	478.369
587	795.792	473.076
588	800.848	467.667
589	805.786	462.141
590	810.608	456.498
591	815.313	450.738
592	819.9	444.861
593	824.371	438.867
594	828.725	432.756
595	832.962	426.529
596	837.082	420.185
597	841.085	413.723
598	844.971	407.145
599	848.74	400.45
600	859.079	484.928
601	866.273	488.117
602	873.196	491.634
603	879.847	495.48
604	886.227	499.653
605	892.335	504.155
606	898.171	508.985
607	903.736	514.143
608	909.028	519.63
609	914.05	525.444
610	918.799	531.587
611	923.277	538.058
612	921.997	539.386
613	916.713	533.814
614	911.63	528.142
615	906.75	522.37
616	902.071	516.497
617	897.595	510.524
618	893.32	504.451
619	889.247	498.277
620	885.377	492.003
621	881.708	485.629
622	878.241	479.154
623	874.976	472.58
624	871.914	465.904
625	869.053	459.129
626	866.394	452.253
627	863.937	445.278
628	861.682	438.201
629	859.629	431.025
630	857.778	423.748
631	856.128	416.371
632	854.681	408.894
633	853.436	401.316
634	926.095	537.636
635	924.761	530.408
636	923.48	523.173
637	922.252	515.931
638	921.078	508.683
639	919.958	501.428
640	918.891	494.166
641	917.877	486.898
642	916.917	479.623
643	916.01	472.341
644	915.157	465.053
645	914.357	457.758
646	913.611	450.457
647	912.918	443.148
648	912.279	435.833
649	911.693	428.512
650	911.161	421.184
651	910.682	413.849
652	6.64207	384.095
653	9.60527	377.251
654	11.9488	370.337
655	13.6726	363.354
656	14.7767	356.302
657	15.2611	349.18
658	15.1259	341.989
659	14.3709	334.728
660	12.9963	327.398
661	9.9912	388.4
662	16.9069	385.891
663	23.8062	383.341
664	30.6892	380.751
665	37.5559	378.121
666	44.4062	375.451
667	51.2401	372.74
668	58.0577	369.99
669	64.859	367.199
670	71.6439	364.368
671	78.4125	361.497
672	85.1648	358.586
673	91.9006	355.634
674	98.6202	352.643
675	105.323	349.611
676	120.55	390.922
677	127.994	393.905
678	135.438	396.463
679	142.883	398.595
680	150.328	400.302
681	157.773	401.584
682	165.219	402.441
683	172.665	402.872
684	180.111	402.878
685	187.558	402.458
686	195.005	401.614
687	202.453	400.344
688	209.9	398.648
689	217.348	396.528
690	224.797	393.982
691	232.245	391.01
692	115.046	379.261
693	115.906	371.037
694	115.687	362.842
695	114.388	354.676
696	238.356	380.473
697	236.835	373.395
698	235.132	366.379
699	233.248	359.426
700	231.183	352.535
701	228.935	345.707
702	226.506	338.941
703	223.895	332.238
704	221.102	325.597
705	218.128	319.019
706	214.972	312.503
707	344.268	411.946
708	346.481	404.032
709	348.237	396.195
710	349.535	388.434
711	350.374	380.749
712	350.755	373.141
713	350.678	365.608
714	350.143	358.152
715	349.15	350.773
716	347.699	343.469
717	345.79	336.242
718	343.422	329.091
719	340.596	322.016
720	337.313	315.018
721	333.571	308.096
722	329.371	301.25
723	324.713	294.48
724	445.778	422.939
725	444.827	415.361
726	443.785	407.803
727	442.653	400.267
728	441.43	392.752
729	440.116	385.259
730	438.711	377.786
731	437.216	370.335
732	435.629	362.904
733	433.952	355.495
734	432.185	348.107
735	430.326	340.74
736	428.376	333.394
737	426.336	326.07
738	424.205	318.766
739	421.983	311.484
740	419.67	304.223
741	417.267	296.982
742	414.773	289.764
743	619.56	428.444
744	620.052	420.976
745	620.688	413.545
746	621.466	406.151
747	622.388	398.795
748	623.454	391.476
749	624.662	384.195
750	626.014	376.951
751	627.51	369.744
752	629.148	362.574
753	630.93	355.442
754	632.855	348.347
755	634.924	341.29
756	637.135	334.27
757	639.491	327.287
758	641.989	320.342
759	644.631	313.433
760	647.416	306.563
761	650.344	299.729
762	653.416	292.933
763	656.631	286.174
764	722.397	441.693
765	720.299	434.243
766	718.495	426.803
767	716.987	419.373
768	715.773	411.954
769	714.854	404.545
770	714.229	397.147
771	713.899	389.759
772	713.864	382.381
773	714.123	375.014
774	714.678	367.657
775	715.527	360.31
776	716.67	352.974
777	718.108	345.649
778	719.841	338.333
779	721.869	331.028
780	724.191	323.734
781	726.808	316.449
782	909.274	398.047
783	909.014	389.806
784	909.477	381.785
785	910.663	373.984
786	912.572	366.402
787	915.203	359.039
788	918.557	351.897
789	922.634	344.974
790	927.434	338.27
791	219.394	308.154
792	227.073	309.784
793	234.672	310.939
794	242.19	311.619
795	249.628	311.825
796	256.986	311.557
797	264.264	310.814
798	271.462	309.596
799	278.579	307.904
800	285.616	305.737
801	292.572	303.096
802	299.449	299.981
803	306.245	296.391
804	312.961	292.326
805	554.611	325.063
806	556.644	317.526
807	558.399	309.991
808	559.874	302.459
809	561.071	294.928
810	561.988	287.4
811	562.627	279.874
812	562.987	272.35
813	563.067	264.828
814	562.869	257.309
815	562.392	249.792
816	561.636	242.276
817	560.601	234.763
818	559.287	227.253
819	557.694	219.744
820	555.822	212.238
821	553.671	204.733
822	558.121	328.088
823	563.909	323.535
824	569.661	318.942
825	575.377	314.309
826	581.058	309.636
827	586.703	304.924
828	592.313	300.171
829	597.887	295.379
830	603.426	290.547
831	608.929	285.675
832	614.397	280.764
833	619.829	275.812
834	625.226	270.821
835	630.588	265.79
836	635.913	260.719
837	641.204	255.609
838	646.459	250.458
839	651.678	245.268
840	656.862	240.038
841	737.068	308.683
842	744.415	308.271
843	751.76	307.938
844	759.103	307.684
845	766.445	307.51
846	773.785	307.416
847	781.124	307.401
848	788.461	307.465
849	795.796	307.609
850	803.13	307.833
851	810.463	308.136
852	817.793	308.519
853	825.123	308.981
854	832.45	309.522
855	839.777	310.143
856	847.101	310.844
857	724.946	302.215
858	720.775	295.139
859	717.209	287.948
860	714.246	280.641
861	711.888	273.219
862	710.133	265.681
863	708.983	258.027
864	708.436	250.259
865	708.494	242.374
866	709.155	234.374
867	710.421	226.259
868	852.667	304.284
869	850.661	297.081
870	848.406	290.015
871	845.901	283.085
872	843.147	276.292
873	840.144	269.636
874	836.892	263.116
875	833.39	256.733
876	829.64	250.487
877	825.64	244.378
878	821.391	238.405
879	816.893	232.569
880	812.146	226.87
881	807.149	221.307
882	935.949	324.721
883	938.709	317.609
884	941.236	310.45
885	943.529	303.245
886	945.59	295.993
887	947.417	288.694
888	949.011	281.348
889	950.372	273.956
890	951.5	266.517
891	952.395	259.031
892	953.056	251.498
893	953.485	243.919
894	953.68	236.293
895	21.4258	224.385
896	28.0342	229.594
897	34.8369	234.116
898	41.8341	237.951
899	49.0256	241.097
900	56.4115	243.557
901	63.9918	245.328
902	71.7664	246.412
903	79.7355	246.808
904	87.8989	246.517
905	96.2566	245.538
906	109.428	237.432
907	113.691	230.878
908	117.598	224.211
909	121.148	217.429
910	124.342	210.532
911	127.179	203.522
912	129.661	196.397
913	131.786	189.158
914	133.554	181.805
915	134.966	174.337
916	136.022	166.755
917	136.722	159.059
918	137.065	151.249
919	268.03	237.61
920	274.775	235.249
921	281.119	232.238
922	287.063	228.577
923	292.606	224.265
924	297.749	219.303
925	256.931	232.243
926	252.782	225.416
927	248.44	218.84
928	243.903	212.514
929	239.172	206.439
930	234.247	200.615
931	229.127	195.041
932	223.813	189.718
933	218.305	184.645
934	212.603	179.823
935	206.706	175.252
936	200.615	170.931
937	194.329	166.861
938	187.85	163.042
939	181.176	159.473
940	174.308	156.155
941	167.245	153.088
942	159.988	150.271
943	152.537	147.705
944	144.892	145.389
945	264.774	231.828
946	268.051	224.344
947	270.715	216.867
948	272.768	209.397
949	274.207	201.935
950	275.034	194.48
951	275.249	187.033
952	274.852	179.594
953	273.842	172.162
954	272.219	164.737
955	269.984	157.32
956	267.137	149.911
957	263.677	142.509
958	309.571	216.917
959	316.683	219.888
960	323.828	222.606
961	331.005	225.071
962	338.215	227.282
963	345.457	229.24
964	352.732	230.945
965	360.039	232.396
966	367.378	233.594
967	374.75	234.538
968	382.155	235.229
969	389.592	235.667
970	397.061	235.851
971	404.563	235.782
972	412.097	235.459
973	419.664	234.883
974	427.263	234.053
975	434.895	232.971
976	438.593	224.446
977	434.989	217.233
978	431.747	209.994
979	428.867	202.729
980	426.349	195.439
981	424.194	188.123
982	422.401	180.781
983	420.97	173.414
984	419.901	166.021
985	419.194	158.603
986	418.85	151.159
987	418.868	143.689
988	419.248	136.194
989	419.99	128.673
990	421.094	121.127
991	422.561	113.555
992	424.389	105.957
993	426.58	98.3335
994	429.133	90.6846
995	669.852	234.357
996	677.475	233.286
997	684.877	231.555
998	692.06	229.163
999	699.023	226.112
1000	705.767	222.4
1001	656.496	229.532
1002	651.059	224.237
1003	645.7	218.882
1004	640.419	213.469
1005	635.217	207.996
1006	630.092	202.463
1007	625.045	196.872
1008	620.075	191.222
1009	615.184	185.512
1010	610.371	179.743
1011	605.635	173.915
1012	600.978	168.028
1013	596.398	162.081
1014	591.897	156.075
1015	587.473	150.01
1016	583.127	143.886
1017	578.859	137.703
1018	574.669	131.46
1019	570.557	125.159
1020	566.523	118.798
1021	562.567	112.378
1022	558.688	105.898
1023	554.888	99.3598
1024	551.166	92.7621
1025	547.521	86.1051
1026	659.683	227.603
1027	657.605	220.413
1028	655.777	213.2
1029	654.198	205.962
1030	652.868	198.7
1031	651.787	191.415
1032	650.956	184.105
1033	650.374	176.771
1034	650.041	169.413
1035	649.958	162.031
1036	650.124	154.625
1037	650.539	147.195
1038	651.203	139.741
1039	712.377	210.507
1040	712.463	202.985
1041	712.549	195.464
1042	712.635	187.942
1043	712.719	180.421
1044	712.804	172.899
1045	712.888	165.378
1046	712.971	157.856
1047	713.054	150.335
1048	713.136	142.813
1049	713.218	135.292
1050	713.299	127.77
1051	713.38	120.249
1052	713.46	112.727
1053	713.54	105.205
1054	713.619	97.6839
1055	799.988	208.404
1056	798.427	200.929
1057	797.221	193.455
1058	796.37	185.984
1059	795.874	178.514
1060	795.733	171.045
1061	795.947	163.579
1062	796.517	156.114
1063	797.441	148.651
1064	798.72	141.19
1065	800.354	133.73
1066	7.12342	127.524
1067	14.1809	124.396
1068	21.1726	121.165
1069	28.0983	117.833
1070	34.9582	114.399
1071	41.7521	110.864
1072	48.4802	107.227
1073	55.1423	103.488
1074	61.7386	99.6471
1075	68.2689	95.7048
1076	74.7334	91.6607
1077	81.132	87.515
1078	87.4647	83.2676
1079	93.7315	78.9185
1080	99.9324	74.4677
1081	106.067	69.9151
1082	112.136	65.2609
1083	118.14	60.505
1084	124.077	55.6473
1085	129.948	50.688
1086	135.754	45.6269
1087	141.494	40.4642
1088	144.575	140.767
1089	152.115	138.483
1090	159.675	136.471
1091	167.252	134.731
1092	174.848	133.264
1093	182.462	132.07
1094	190.094	131.148
1095	197.744	130.499
1096	205.413	130.122
1097	213.1	130.018
1098	220.805	130.186
1099	228.528	130.626
1100	236.27	131.34
1101	244.03	132.325
1102	251.808	133.584
1103	141.902	137.79
1104	146.781	132.284
1105	151.69	126.807
1106	156.628	121.358
1107	161.596	115.937
1108	166.593	110.545
1109	171.62	105.181
1110	176.676	99.8452
1111	181.761	94.538
1112	186.876	89.2592
1113	192.02	84.0087
1114	197.194	78.7866
1115	202.397	73.5928
1116	207.63	68.4274
1117	212.892	63.2904
1118	218.184	58.1818
1119	223.505	53.1015
1120	326.915	104.104
1121	334.173	101.415
1122	341.469	98.9083
1123	348.804	96.5831
1124	356.177	94.4398
1125	363.59	92.4784
1126	371.041	90.6989
1127	378.532	89.1012
1128	386.06	87.6854
1129	393.628	86.4515
1130	401.235	85.3995
1131	408.88	84.5293
1132	416.564	83.841
1133	424.287	83.3346
1134	439.502	82.5545
1135	446.957	82.1296
1136	454.412	81.7352
1137	461.868	81.3714
1138	469.326	81.0382
1139	476.784	80.7357
1140	484.244	80.4637
1141	491.704	80.2223
1142	499.165	80.0115
1143	506.628	79.8312
1144	514.091	79.6816
1145	521.555	79.5626
1146	529.021	79.4741
1147	536.487	79.4163
1148	720.814	92.2098
1149	727.881	94.379
1150	734.898	96.6699
1151	741.866	99.0824
1152	748.784	101.617
1153	755.652	104.273
1154	762.471	107.05
1155	769.241	109.95
1156	775.96	112.971
1157	782.63	116.114
1158	789.251	119.378
1159	795.822	122.764
1160	808.983	120.549
1161	815.775	115.488
1162	822.72	111.09
1163	829.819	107.354
1164	837.071	104.281
1165	844.477	101.87
1166	852.035	100.121
1167	859.747	99.035
1168	867.612	98.6112
1169	875.63	98.8497
1170	883.802	99.7507
1171	892.127	101.314
1172	896.276	97.4686
1173	892.042	91.3441
1174	887.904	85.1662
1175	883.862	78.935
1176	879.915	72.6504
1177	876.063	66.3125
1178	872.308	59.9213
1179	868.647	53.4767
1180	865.083	46.9788
1181	861.613	40.4275
1182	858.24	33.823
1183	854.962	27.165
1184	851.779	20.4538
1185	848.692	13.6892
1186	845.701	6.87127
