NOMBRE : MTLARP8_10_3_2.dat
VERTICES ORIGINALES : 74
VERTICES TOTALES : 1256
DEPOTS : 3
72
73
74
LINEAS ORIGINALES : 79
LINE 1 2 142.858 13
	75 11.2234
	76 11.1073
	77 11.0113
	78 10.9361
	79 10.8821
	80 10.8496
	81 10.8387
	82 10.8496
	83 10.8821
	84 10.9361
	85 11.0113
	86 11.1073
	2 11.2234
LINE 1 11 163.501 15
	87 10.9961
	88 10.9551
	89 10.9203
	90 10.8917
	91 10.8695
	92 10.8535
	93 10.844
	94 10.8408
	95 10.844
	96 10.8535
	97 10.8695
	98 10.8917
	99 10.9203
	100 10.9551
	11 10.9961
LINE 1 12 226.421 21
	101 10.7829
	102 10.7826
	103 10.7823
	104 10.7821
	105 10.7819
	106 10.7818
	107 10.7816
	108 10.7815
	109 10.7814
	110 10.7814
	111 10.7814
	112 10.7814
	113 10.7814
	114 10.7815
	115 10.7816
	116 10.7818
	117 10.7819
	118 10.7821
	119 10.7823
	120 10.7826
	12 10.7829
LINE 3 14 271.108 25
	121 11.1038
	122 11.0397
	123 10.9808
	124 10.9273
	125 10.8792
	126 10.8366
	127 10.7995
	128 10.768
	129 10.7422
	130 10.722
	131 10.7076
	132 10.699
	133 10.6961
	134 10.699
	135 10.7076
	136 10.722
	137 10.7422
	138 10.768
	139 10.7995
	140 10.8366
	141 10.8792
	142 10.9273
	143 10.9808
	144 11.0397
	14 11.1038
LINE 4 5 213.514 20
	145 10.6817
	146 10.6798
	147 10.6781
	148 10.6766
	149 10.6754
	150 10.6743
	151 10.6735
	152 10.6729
	153 10.6724
	154 10.6722
	155 10.6722
	156 10.6724
	157 10.6729
	158 10.6735
	159 10.6743
	160 10.6754
	161 10.6766
	162 10.6781
	163 10.6798
	5 10.6817
LINE 5 6 71.4181 6
	164 12.3514
	165 11.817
	166 11.5406
	167 11.5406
	168 11.817
	6 12.3514
LINE 5 15 129.96 12
	169 11.2628
	170 11.0304
	171 10.8409
	172 10.6965
	173 10.5992
	174 10.5502
	175 10.5502
	176 10.5992
	177 10.6965
	178 10.8409
	179 11.0304
	15 11.2628
LINE 6 7 224.165 20
	180 11.8526
	181 11.6546
	182 11.4756
	183 11.3167
	184 11.1787
	185 11.0624
	186 10.9685
	187 10.8975
	188 10.8499
	189 10.8261
	190 10.8261
	191 10.8499
	192 10.8975
	193 10.9685
	194 11.0624
	195 11.1787
	196 11.3167
	197 11.4756
	198 11.6546
	7 11.8526
LINE 7 18 279.137 25
	199 11.5069
	200 11.4228
	201 11.3455
	202 11.2751
	203 11.2118
	204 11.1556
	205 11.1066
	206 11.0651
	207 11.0309
	208 11.0043
	209 10.9852
	210 10.9738
	211 10.97
	212 10.9738
	213 10.9852
	214 11.0043
	215 11.0309
	216 11.0651
	217 11.1066
	218 11.1556
	219 11.2118
	220 11.2751
	221 11.3455
	222 11.4228
	18 11.5069
LINE 8 9 90.207 8
	223 11.3047
	224 11.28
	225 11.2635
	226 11.2553
	227 11.2553
	228 11.2635
	229 11.28
	9 11.3047
LINE 8 18 244.313 21
	230 12.5487
	231 12.2843
	232 12.0427
	233 11.8255
	234 11.6339
	235 11.4694
	236 11.333
	237 11.2257
	238 11.1485
	239 11.1018
	240 11.0863
	241 11.1018
	242 11.1485
	243 11.2257
	244 11.333
	245 11.4694
	246 11.6339
	247 11.8255
	248 12.0427
	249 12.2843
	18 12.5487
LINE 10 20 146.724 13
	250 11.6499
	251 11.4705
	252 11.3217
	253 11.2046
	254 11.1202
	255 11.0692
	256 11.0522
	257 11.0692
	258 11.1202
	259 11.2046
	260 11.3217
	261 11.4705
	20 11.6499
LINE 11 12 155.611 14
	262 11.1541
	263 11.1361
	264 11.1211
	265 11.1091
	266 11.1
	267 11.094
	268 11.091
	269 11.091
	270 11.094
	271 11.1
	272 11.1091
	273 11.1211
	274 11.1361
	12 11.1541
LINE 11 22 206.406 19
	275 10.9317
	276 10.909
	277 10.889
	278 10.8716
	279 10.8568
	280 10.8448
	281 10.8354
	282 10.8286
	283 10.8246
	284 10.8233
	285 10.8246
	286 10.8286
	287 10.8354
	288 10.8448
	289 10.8568
	290 10.8716
	291 10.889
	292 10.909
	22 10.9317
LINE 13 23 139.866 13
	293 10.9025
	294 10.8311
	295 10.7723
	296 10.7264
	297 10.6934
	298 10.6736
	299 10.667
	300 10.6736
	301 10.6934
	302 10.7264
	303 10.7723
	304 10.8311
	23 10.9025
LINE 13 24 243.358 21
	305 12.3634
	306 12.1382
	307 11.933
	308 11.749
	309 11.5872
	310 11.4485
	311 11.3338
	312 11.2437
	313 11.1789
	314 11.1399
	315 11.1269
	316 11.1399
	317 11.1789
	318 11.2437
	319 11.3338
	320 11.4485
	321 11.5872
	322 11.749
	323 11.933
	324 12.1382
	24 12.3634
LINE 14 15 161.289 15
	325 10.9214
	326 10.8496
	327 10.7884
	328 10.7381
	329 10.6988
	330 10.6706
	331 10.6537
	332 10.6481
	333 10.6537
	334 10.6706
	335 10.6988
	336 10.7381
	337 10.7884
	338 10.8496
	15 10.9214
LINE 14 24 157.781 14
	339 11.3379
	340 11.3067
	341 11.2806
	342 11.2596
	343 11.2439
	344 11.2334
	345 11.2282
	346 11.2282
	347 11.2334
	348 11.2439
	349 11.2596
	350 11.2806
	351 11.3067
	24 11.3379
LINE 14 25 225.583 20
	352 11.6716
	353 11.5497
	354 11.4402
	355 11.3436
	356 11.2601
	357 11.19
	358 11.1337
	359 11.0912
	360 11.0628
	361 11.0486
	362 11.0486
	363 11.0628
	364 11.0912
	365 11.1337
	366 11.19
	367 11.2601
	368 11.3436
	369 11.4402
	370 11.5497
	25 11.6716
LINE 15 16 176.651 16
	371 11.5105
	372 11.3261
	373 11.1656
	374 11.03
	375 10.9204
	376 10.8374
	377 10.7818
	378 10.7538
	379 10.7538
	380 10.7818
	381 10.8374
	382 10.9204
	383 11.03
	384 11.1656
	385 11.3261
	16 11.5105
LINE 16 17 119.776 11
	386 11.2647
	387 11.042
	388 10.8656
	389 10.7378
	390 10.6604
	391 10.6345
	392 10.6604
	393 10.7378
	394 10.8656
	395 11.042
	17 11.2647
LINE 16 25 144.381 13
	396 11.4734
	397 11.2923
	398 11.1419
	399 11.0235
	400 10.9382
	401 10.8867
	402 10.8695
	403 10.8867
	404 10.9382
	405 11.0235
	406 11.1419
	407 11.2923
	25 11.4734
LINE 16 26 169.97 15
	408 11.7944
	409 11.5994
	410 11.4318
	411 11.2929
	412 11.1836
	413 11.1049
	414 11.0574
	415 11.0415
	416 11.0574
	417 11.1049
	418 11.1836
	419 11.2929
	420 11.4318
	421 11.5994
	26 11.7944
LINE 18 19 85.9755 8
	422 10.8755
	423 10.7657
	424 10.6918
	425 10.6547
	426 10.6547
	427 10.6918
	428 10.7657
	19 10.8755
LINE 20 29 167.404 15
	429 11.5739
	430 11.3995
	431 11.2497
	432 11.1257
	433 11.0283
	434 10.9582
	435 10.9159
	436 10.9018
	437 10.9159
	438 10.9582
	439 11.0283
	440 11.1257
	441 11.2497
	442 11.3995
	29 11.5739
LINE 21 30 100.382 9
	443 11.4563
	444 11.2312
	445 11.0677
	446 10.9684
	447 10.9351
	448 10.9684
	449 11.0677
	450 11.2312
	30 11.4563
LINE 24 32 139.222 12
	451 12.1973
	452 11.8789
	453 11.618
	454 11.4183
	455 11.2833
	456 11.2151
	457 11.2151
	458 11.2833
	459 11.4183
	460 11.618
	461 11.8789
	32 12.1973
LINE 25 26 118.658 11
	462 10.7993
	463 10.792
	464 10.7863
	465 10.7822
	466 10.7797
	467 10.7789
	468 10.7797
	469 10.7822
	470 10.7863
	471 10.792
	26 10.7993
LINE 25 32 282.932 25
	472 11.7314
	473 11.6297
	474 11.5361
	475 11.4508
	476 11.3738
	477 11.3055
	478 11.246
	479 11.1954
	480 11.1538
	481 11.1214
	482 11.0981
	483 11.0841
	484 11.0795
	485 11.0841
	486 11.0981
	487 11.1214
	488 11.1538
	489 11.1954
	490 11.246
	491 11.3055
	492 11.3738
	493 11.4508
	494 11.5361
	495 11.6297
	32 11.7314
LINE 26 27 135.845 12
	496 11.3205
	497 11.3204
	498 11.3204
	499 11.3204
	500 11.3203
	501 11.3203
	502 11.3203
	503 11.3203
	504 11.3204
	505 11.3204
	506 11.3204
	27 11.3205
LINE 26 34 103.885 9
	507 11.8061
	508 11.6101
	509 11.468
	510 11.3819
	511 11.353
	512 11.3819
	513 11.468
	514 11.6101
	34 11.8061
LINE 27 28 205.088 18
	515 12.0866
	516 11.8488
	517 11.6366
	518 11.4517
	519 11.2953
	520 11.1685
	521 11.0725
	522 11.0081
	523 10.9757
	524 10.9757
	525 11.0081
	526 11.0725
	527 11.1685
	528 11.2953
	529 11.4517
	530 11.6366
	531 11.8488
	28 12.0866
LINE 27 35 191.965 17
	532 12.0115
	533 11.7493
	534 11.5172
	535 11.3171
	536 11.1507
	537 11.0196
	538 10.9249
	539 10.8677
	540 10.8486
	541 10.8677
	542 10.9249
	543 11.0196
	544 11.1507
	545 11.3171
	546 11.5172
	547 11.7493
	35 12.0115
LINE 27 36 266.253 23
	548 12.4895
	549 12.2497
	550 12.0286
	551 11.8272
	552 11.6467
	553 11.4879
	554 11.3519
	555 11.2393
	556 11.151
	557 11.0875
	558 11.0492
	559 11.0364
	560 11.0492
	561 11.0875
	562 11.151
	563 11.2393
	564 11.3519
	565 11.4879
	566 11.6467
	567 11.8272
	568 12.0286
	569 12.2497
	36 12.4895
LINE 28 36 157.277 14
	570 11.3081
	571 11.274
	572 11.2456
	573 11.2227
	574 11.2056
	575 11.1941
	576 11.1884
	577 11.1884
	578 11.1941
	579 11.2056
	580 11.2227
	581 11.2456
	582 11.274
	36 11.3081
LINE 30 37 228.496 21
	583 11.1766
	584 11.089
	585 11.01
	586 10.9399
	587 10.8787
	588 10.8267
	589 10.7839
	590 10.7506
	591 10.7267
	592 10.7123
	593 10.7075
	594 10.7123
	595 10.7267
	596 10.7506
	597 10.7839
	598 10.8267
	599 10.8787
	600 10.9399
	601 11.01
	602 11.089
	37 11.1766
LINE 31 32 168.924 15
	603 11.9555
	604 11.6659
	605 11.4151
	606 11.2057
	607 11.0401
	608 10.9203
	609 10.8478
	610 10.8235
	611 10.8478
	612 10.9203
	613 11.0401
	614 11.2057
	615 11.4151
	616 11.6659
	32 11.9555
LINE 32 38 144.388 13
	617 11.4849
	618 11.2984
	619 11.1435
	620 11.0216
	621 10.9336
	622 10.8805
	623 10.8627
	624 10.8805
	625 10.9336
	626 11.0216
	627 11.1435
	628 11.2984
	38 11.4849
LINE 32 39 115.243 10
	629 12.2446
	630 11.7748
	631 11.4097
	632 11.1597
	633 11.0326
	634 11.0326
	635 11.1597
	636 11.4097
	637 11.7748
	39 12.2446
LINE 33 34 160.726 14
	638 11.8324
	639 11.672
	640 11.5367
	641 11.4272
	642 11.3445
	643 11.289
	644 11.2611
	645 11.2611
	646 11.289
	647 11.3445
	648 11.4272
	649 11.5367
	650 11.672
	34 11.8324
LINE 33 39 203.089 18
	651 12.2122
	652 11.8961
	653 11.6125
	654 11.3638
	655 11.1523
	656 10.9802
	657 10.8493
	658 10.7611
	659 10.7168
	660 10.7168
	661 10.7611
	662 10.8493
	663 10.9802
	664 11.1523
	665 11.3638
	666 11.6125
	667 11.8961
	39 12.2122
LINE 34 35 182.381 17
	668 10.7409
	669 10.7362
	670 10.7321
	671 10.7286
	672 10.7258
	673 10.7235
	674 10.722
	675 10.721
	676 10.7207
	677 10.721
	678 10.722
	679 10.7235
	680 10.7258
	681 10.7286
	682 10.7321
	683 10.7362
	35 10.7409
LINE 34 40 163.327 14
	684 12.3177
	685 12.0239
	686 11.7736
	687 11.5694
	688 11.4138
	689 11.3089
	690 11.2561
	691 11.2561
	692 11.3089
	693 11.4138
	694 11.5694
	695 11.7736
	696 12.0239
	40 12.3177
LINE 34 41 175.528 16
	697 11.1407
	698 11.0731
	699 11.0148
	700 10.966
	701 10.9268
	702 10.8973
	703 10.8776
	704 10.8677
	705 10.8677
	706 10.8776
	707 10.8973
	708 10.9268
	709 10.966
	710 11.0148
	711 11.0731
	41 11.1407
LINE 37 44 212.988 20
	712 10.6509
	713 10.6504
	714 10.65
	715 10.6496
	716 10.6493
	717 10.6491
	718 10.6489
	719 10.6487
	720 10.6486
	721 10.6486
	722 10.6486
	723 10.6486
	724 10.6487
	725 10.6489
	726 10.6491
	727 10.6493
	728 10.6496
	729 10.65
	730 10.6504
	44 10.6509
LINE 38 47 252.795 23
	731 11.1126
	732 11.0796
	733 11.0497
	734 11.0229
	735 10.9992
	736 10.9786
	737 10.9611
	738 10.9468
	739 10.9357
	740 10.9277
	741 10.9229
	742 10.9213
	743 10.9229
	744 10.9277
	745 10.9357
	746 10.9468
	747 10.9611
	748 10.9786
	749 10.9992
	750 11.0229
	751 11.0497
	752 11.0796
	47 11.1126
LINE 39 40 140.37 13
	753 11.1326
	754 10.9673
	755 10.8301
	756 10.7222
	757 10.6445
	758 10.5975
	759 10.5819
	760 10.5975
	761 10.6445
	762 10.7222
	763 10.8301
	764 10.9673
	40 11.1326
LINE 39 47 174.633 16
	765 11.2517
	766 11.1187
	767 11.0034
	768 10.9064
	769 10.8281
	770 10.7691
	771 10.7295
	772 10.7097
	773 10.7097
	774 10.7295
	775 10.7691
	776 10.8281
	777 10.9064
	778 11.0034
	779 11.1187
	47 11.2517
LINE 40 41 179.885 16
	780 12.0808
	781 11.7564
	782 11.471
	783 11.2276
	784 11.029
	785 10.8777
	786 10.7757
	787 10.7243
	788 10.7243
	789 10.7757
	790 10.8777
	791 11.029
	792 11.2276
	793 11.471
	794 11.7564
	41 12.0808
LINE 40 47 264.775 23
	795 12.4577
	796 12.2098
	797 11.981
	798 11.7725
	799 11.5854
	800 11.4208
	801 11.2797
	802 11.1629
	803 11.0712
	804 11.0052
	805 10.9654
	806 10.9521
	807 10.9654
	808 11.0052
	809 11.0712
	810 11.1629
	811 11.2797
	812 11.4208
	813 11.5854
	814 11.7725
	815 11.981
	816 12.2098
	47 12.4577
LINE 41 42 138.588 13
	817 10.8161
	818 10.7388
	819 10.6752
	820 10.6254
	821 10.5897
	822 10.5683
	823 10.5611
	824 10.5683
	825 10.5897
	826 10.6254
	827 10.6752
	828 10.7388
	42 10.8161
LINE 41 49 162.218 15
	829 10.8327
	830 10.8249
	831 10.8183
	832 10.813
	833 10.8088
	834 10.8058
	835 10.804
	836 10.8034
	837 10.804
	838 10.8058
	839 10.8088
	840 10.813
	841 10.8183
	842 10.8249
	49 10.8327
LINE 42 51 175.07 16
	843 11.0348
	844 10.9978
	845 10.9659
	846 10.9393
	847 10.918
	848 10.9019
	849 10.8912
	850 10.8859
	851 10.8859
	852 10.8912
	853 10.9019
	854 10.918
	855 10.9393
	856 10.9659
	857 10.9978
	51 11.0348
LINE 43 44 119.599 11
	858 10.8748
	859 10.8735
	860 10.8725
	861 10.8718
	862 10.8714
	863 10.8712
	864 10.8714
	865 10.8718
	866 10.8725
	867 10.8735
	44 10.8748
LINE 45 54 246.146 22
	868 12.0042
	869 11.7791
	870 11.5727
	871 11.3862
	872 11.2204
	873 11.0763
	874 10.9548
	875 10.8566
	876 10.7824
	877 10.7326
	878 10.7076
	879 10.7076
	880 10.7326
	881 10.7824
	882 10.8566
	883 10.9548
	884 11.0763
	885 11.2204
	886 11.3862
	887 11.5727
	888 11.7791
	54 12.0042
LINE 46 54 251.761 22
	889 12.0706
	890 11.8961
	891 11.7369
	892 11.5935
	893 11.4665
	894 11.3566
	895 11.2642
	896 11.1897
	897 11.1335
	898 11.0959
	899 11.077
	900 11.077
	901 11.0959
	902 11.1335
	903 11.1897
	904 11.2642
	905 11.3566
	906 11.4665
	907 11.5935
	908 11.7369
	909 11.8961
	54 12.0706
LINE 46 55 223.025 20
	910 11.9368
	911 11.6968
	912 11.4792
	913 11.2853
	914 11.1165
	915 10.9738
	916 10.8583
	917 10.7709
	918 10.7122
	919 10.6827
	920 10.6827
	921 10.7122
	922 10.7709
	923 10.8583
	924 10.9738
	925 11.1165
	926 11.2853
	927 11.4792
	928 11.6968
	55 11.9368
LINE 48 49 179.903 16
	929 11.3156
	930 11.287
	931 11.2625
	932 11.242
	933 11.2255
	934 11.2132
	935 11.205
	936 11.2008
	937 11.2008
	938 11.205
	939 11.2132
	940 11.2255
	941 11.242
	942 11.2625
	943 11.287
	49 11.3156
LINE 49 50 141.26 12
	944 12.6159
	945 12.1681
	946 11.7976
	947 11.5119
	948 11.3174
	949 11.2189
	950 11.2189
	951 11.3174
	952 11.5119
	953 11.7976
	954 12.1681
	50 12.6159
LINE 50 58 288.854 26
	955 11.4386
	956 11.3609
	957 11.2891
	958 11.2235
	959 11.1641
	960 11.111
	961 11.0644
	962 11.0243
	963 10.9907
	964 10.9638
	965 10.9435
	966 10.93
	967 10.9233
	968 10.9233
	969 10.93
	970 10.9435
	971 10.9638
	972 10.9907
	973 11.0243
	974 11.0644
	975 11.111
	976 11.1641
	977 11.2235
	978 11.2891
	979 11.3609
	58 11.4386
LINE 50 59 191.481 17
	980 11.5511
	981 11.4446
	982 11.3514
	983 11.2719
	984 11.2065
	985 11.1553
	986 11.1187
	987 11.0966
	988 11.0892
	989 11.0966
	990 11.1187
	991 11.1553
	992 11.2065
	993 11.2719
	994 11.3514
	995 11.4446
	59 11.5511
LINE 52 61 198.958 18
	996 11.4274
	997 11.2974
	998 11.1824
	999 11.0828
	1000 10.9992
	1001 10.9318
	1002 10.881
	1003 10.847
	1004 10.8299
	1005 10.8299
	1006 10.847
	1007 10.881
	1008 10.9318
	1009 10.9992
	1010 11.0828
	1011 11.1824
	1012 11.2974
	61 11.4274
LINE 53 63 218.186 19
	1013 12.0313
	1014 11.8527
	1015 11.6928
	1016 11.5525
	1017 11.4324
	1018 11.3332
	1019 11.2554
	1020 11.1995
	1021 11.1659
	1022 11.1546
	1023 11.1659
	1024 11.1995
	1025 11.2554
	1026 11.3332
	1027 11.4324
	1028 11.5525
	1029 11.6928
	1030 11.8527
	63 12.0313
LINE 54 55 80.6935 7
	1031 12.046
	1032 11.5333
	1033 11.2144
	1034 11.1061
	1035 11.2144
	1036 11.5333
	55 12.046
LINE 54 64 150.732 14
	1037 10.8197
	1038 10.7952
	1039 10.7748
	1040 10.7584
	1041 10.7461
	1042 10.7379
	1043 10.7337
	1044 10.7337
	1045 10.7379
	1046 10.7461
	1047 10.7584
	1048 10.7748
	1049 10.7952
	64 10.8197
LINE 55 56 220.974 20
	1050 11.574
	1051 11.4118
	1052 11.2656
	1053 11.1362
	1054 11.024
	1055 10.9297
	1056 10.8536
	1057 10.7962
	1058 10.7577
	1059 10.7384
	1060 10.7384
	1061 10.7577
	1062 10.7962
	1063 10.8536
	1064 10.9297
	1065 11.024
	1066 11.1362
	1067 11.2656
	1068 11.4118
	56 11.574
LINE 56 66 228.993 21
	1069 11.0038
	1070 10.9741
	1071 10.9475
	1072 10.924
	1073 10.9035
	1074 10.8862
	1075 10.872
	1076 10.8609
	1077 10.853
	1078 10.8483
	1079 10.8467
	1080 10.8483
	1081 10.853
	1082 10.8609
	1083 10.872
	1084 10.8862
	1085 10.9035
	1086 10.924
	1087 10.9475
	1088 10.9741
	66 11.0038
LINE 57 67 140.162 13
	1089 11.1608
	1090 10.9739
	1091 10.8186
	1092 10.6963
	1093 10.6081
	1094 10.5547
	1095 10.5369
	1096 10.5547
	1097 10.6081
	1098 10.6963
	1099 10.8186
	1100 10.9739
	67 11.1608
LINE 58 59 151.506 14
	1101 10.8913
	1102 10.8593
	1103 10.8326
	1104 10.8112
	1105 10.7951
	1106 10.7843
	1107 10.7789
	1108 10.7789
	1109 10.7843
	1110 10.7951
	1111 10.8112
	1112 10.8326
	1113 10.8593
	59 10.8913
LINE 58 68 105.399 9
	1114 12.3129
	1115 11.8689
	1116 11.5413
	1117 11.3402
	1118 11.2724
	1119 11.3402
	1120 11.5413
	1121 11.8689
	68 12.3129
LINE 59 69 165.603 15
	1122 11.2612
	1123 11.1673
	1124 11.0872
	1125 11.0213
	1126 10.9698
	1127 10.9328
	1128 10.9105
	1129 10.9031
	1130 10.9105
	1131 10.9328
	1132 10.9698
	1133 11.0213
	1134 11.0872
	1135 11.1673
	69 11.2612
LINE 60 61 220.392 19
	1136 12.6794
	1137 12.3345
	1138 12.0219
	1139 11.7442
	1140 11.5041
	1141 11.3038
	1142 11.1455
	1143 11.0311
	1144 10.9619
	1145 10.9387
	1146 10.9619
	1147 11.0311
	1148 11.1455
	1149 11.3038
	1150 11.5041
	1151 11.7442
	1152 12.0219
	1153 12.3345
	61 12.6794
LINE 60 70 133.242 12
	1154 11.5875
	1155 11.328
	1156 11.116
	1157 10.9543
	1158 10.8452
	1159 10.7902
	1160 10.7902
	1161 10.8452
	1162 10.9543
	1163 11.116
	1164 11.328
	70 11.5875
LINE 61 70 285.597 26
	1165 11.0645
	1166 11.0454
	1167 11.0278
	1168 11.0118
	1169 10.9974
	1170 10.9846
	1171 10.9733
	1172 10.9637
	1173 10.9556
	1174 10.9492
	1175 10.9444
	1176 10.9411
	1177 10.9395
	1178 10.9395
	1179 10.9411
	1180 10.9444
	1181 10.9492
	1182 10.9556
	1183 10.9637
	1184 10.9733
	1185 10.9846
	1186 10.9974
	1187 11.0118
	1188 11.0278
	1189 11.0454
	70 11.0645
LINE 61 71 167.718 15
	1190 11.6364
	1191 11.4447
	1192 11.28
	1193 11.1434
	1194 11.0359
	1195 10.9586
	1196 10.9119
	1197 10.8963
	1198 10.9119
	1199 10.9586
	1200 11.0359
	1201 11.1434
	1202 11.28
	1203 11.4447
	71 11.6364
LINE 62 63 125.026 11
	1204 11.6358
	1205 11.4754
	1206 11.349
	1207 11.2578
	1208 11.2028
	1209 11.1844
	1210 11.2028
	1211 11.2578
	1212 11.349
	1213 11.4754
	63 11.6358
LINE 64 65 193.568 17
	1214 12.2945
	1215 11.9658
	1216 11.6735
	1217 11.4203
	1218 11.2089
	1219 11.0417
	1220 10.9206
	1221 10.8474
	1222 10.8229
	1223 10.8474
	1224 10.9206
	1225 11.0417
	1226 11.2089
	1227 11.4203
	1228 11.6735
	1229 11.9658
	65 12.2945
LINE 67 68 138.957 12
	1230 11.9779
	1231 11.7636
	1232 11.5894
	1233 11.4569
	1234 11.3678
	1235 11.323
	1236 11.323
	1237 11.3678
	1238 11.4569
	1239 11.5894
	1240 11.7636
	68 11.9779
LINE 70 71 194.983 17
	1241 11.9222
	1242 11.7555
	1243 11.609
	1244 11.4836
	1245 11.38
	1246 11.2987
	1247 11.2403
	1248 11.2052
	1249 11.1934
	1250 11.2052
	1251 11.2403
	1252 11.2987
	1253 11.38
	1254 11.4836
	1255 11.609
	1256 11.7555
	71 11.9222
COORDENADAS :
1	178.86	757.812
2	270.317	736.377
3	336.613	729.079
4	451.033	726.351
5	593.267	730.536
6	638.954	736.082
7	782.492	750.968
8	893.329	756.014
9	953.344	756.981
10	77.9777	648.755
11	190.838	650.068
12	293.867	660.058
13	396.711	633.012
14	463.645	604.01
15	557.615	654.089
16	662.774	608.364
17	732.893	642.497
18	886.982	600.936
19	939.121	623.471
20	80.7057	553.008
21	143.62	506.475
22	236.226	520.705
23	334.132	564.965
24	478.168	500.231
25	596.824	541.098
26	663.054	497.949
27	749.815	523.912
28	878.614	551.207
29	34.4314	454.298
30	142.524	440.874
31	371.362	465.319
32	465.273	411.51
33	553.882	451.226
34	656.811	430.117
35	775.395	403.651
36	901.744	449.383
37	43.3953	328.423
38	382.648	366.388
39	487.119	341.391
40	576.318	362.702
41	681.005	316.761
42	772.534	316.802
43	71.2099	246.341
44	150.084	234.743
45	267.318	263.119
46	379.721	250.036
47	476.469	227.678
48	588.747	248.663
49	702.058	210.799
50	776.897	260.162
51	874.224	260.763
52	968.221	230.733
53	64.3139	158.729
54	298.661	109.28
55	350.471	110.686
56	483.968	162.354
57	576.589	99.3698
58	677.728	98.8913
59	771.778	134.589
60	864.077	100.771
61	1002.56	105.418
62	74.8972	0
63	144.929	42.6917
64	256.104	18.5922
65	378.584	25.2126
66	462.759	11.9889
67	580.33	8.12647
68	667.662	32.0103
69	789.024	26.9301
70	833.15	20.2393
71	959.146	5.47533
72	0	650.268
73	416.7	37.53
74	196.448	366.251
75	186.338	758.055
76	193.743	757.981
77	201.073	757.593
78	208.33	756.89
79	215.513	755.871
80	222.622	754.538
81	229.657	752.889
82	236.619	750.925
83	243.506	748.645
84	250.32	746.051
85	257.059	743.141
86	263.725	739.917
87	180.879	750.765
88	182.723	743.699
89	184.393	736.612
90	185.889	729.507
91	187.211	722.382
92	188.358	715.238
93	189.331	708.075
94	190.129	700.892
95	190.754	693.689
96	191.204	686.468
97	191.479	679.226
98	191.58	671.966
99	191.507	664.686
100	191.26	657.387
101	184.414	753.249
102	189.961	748.676
103	195.499	744.094
104	201.03	739.503
105	206.553	734.903
106	212.069	730.294
107	217.576	725.675
108	223.076	721.048
109	228.568	716.411
110	234.053	711.765
111	239.529	707.11
112	244.998	702.446
113	250.459	697.773
114	255.912	693.09
115	261.358	688.399
116	266.795	683.698
117	272.225	678.988
118	277.648	674.269
119	283.062	669.541
120	288.469	664.804
121	343.088	725.493
122	349.448	721.788
123	355.691	717.966
124	361.818	714.025
125	367.829	709.966
126	373.724	705.79
127	379.502	701.495
128	385.164	697.082
129	390.711	692.552
130	396.14	687.903
131	401.454	683.136
132	406.652	678.252
133	411.733	673.249
134	416.698	668.128
135	421.547	662.889
136	426.28	657.532
137	430.896	652.057
138	435.397	646.465
139	439.781	640.754
140	444.049	634.925
141	448.2	628.978
142	452.236	622.913
143	456.155	616.73
144	459.958	610.429
145	458.153	726.261
146	465.273	726.202
147	472.391	726.175
148	479.509	726.179
149	486.626	726.215
150	493.742	726.283
151	500.857	726.381
152	507.971	726.512
153	515.084	726.674
154	522.196	726.867
155	529.308	727.092
156	536.418	727.349
157	543.527	727.637
158	550.636	727.957
159	557.743	728.308
160	564.85	728.69
161	571.956	729.104
162	579.06	729.55
163	586.164	730.027
164	601.243	728.488
165	609.074	727.628
166	616.76	727.958
167	624.302	729.477
168	631.7	732.185
169	587.904	725.281
170	582.976	719.823
171	578.483	714.163
172	574.424	708.299
173	570.801	702.233
174	567.612	695.963
175	564.859	689.491
176	562.54	682.817
177	560.656	675.939
178	559.207	668.858
179	558.194	661.575
180	646.463	733.622
181	653.937	731.5
182	661.377	729.715
183	668.781	728.267
184	676.15	727.156
185	683.484	726.383
186	690.784	725.946
187	698.048	725.848
188	705.277	726.086
189	712.472	726.662
190	719.631	727.574
191	726.755	728.825
192	733.845	730.412
193	740.899	732.337
194	747.919	734.599
195	754.903	737.198
196	761.853	740.135
197	768.767	743.408
198	775.647	747.019
199	788.572	746.29
200	794.493	741.502
201	800.257	736.604
202	805.862	731.595
203	811.308	726.476
204	816.596	721.247
205	821.726	715.907
206	826.698	710.458
207	831.511	704.897
208	836.165	699.227
209	840.662	693.446
210	845	687.555
211	849.179	681.554
212	853.201	675.442
213	857.063	669.221
214	860.768	662.888
215	864.314	656.446
216	867.702	649.893
217	870.931	643.23
218	874.002	636.457
219	876.915	629.573
220	879.669	622.579
221	882.265	615.475
222	884.703	608.261
223	900.842	755.424
224	908.352	755.037
225	915.859	754.854
226	923.363	754.873
227	930.863	755.095
228	938.36	755.521
229	945.854	756.15
230	896.943	748.469
231	900.165	740.94
232	902.996	733.427
233	905.435	725.93
234	907.483	718.449
235	909.138	710.984
236	910.403	703.536
237	911.275	696.103
238	911.756	688.686
239	911.846	681.285
240	911.543	673.901
241	910.85	666.532
242	909.764	659.18
243	908.287	651.843
244	906.418	644.522
245	904.158	637.218
246	901.506	629.929
247	898.463	622.657
248	895.027	615.4
249	891.201	608.16
250	75.7328	641.319
251	73.8971	633.896
252	72.4704	626.484
253	71.4529	619.084
254	70.8445	611.696
255	70.6453	604.319
256	70.8551	596.954
257	71.4741	589.6
258	72.5022	582.259
259	73.9394	574.928
260	75.7857	567.61
261	78.0412	560.303
262	198.121	651.571
263	205.415	652.952
264	212.722	654.211
265	220.04	655.35
266	227.37	656.367
267	234.711	657.262
268	242.065	658.036
269	249.43	658.689
270	256.807	659.221
271	264.195	659.631
272	271.596	659.92
273	279.008	660.087
274	286.432	660.133
275	194.193	643.599
276	197.441	637.091
277	200.581	630.546
278	203.614	623.964
279	206.54	617.344
280	209.358	610.686
281	212.069	603.99
282	214.672	597.257
283	217.168	590.486
284	219.557	583.677
285	221.839	576.831
286	224.013	569.947
287	226.08	563.025
288	228.039	556.066
289	229.891	549.069
290	231.636	542.035
291	233.273	534.962
292	234.803	527.853
293	390.791	628.795
294	385.056	624.408
295	379.505	619.852
296	374.138	615.126
297	368.956	610.23
298	363.958	605.165
299	359.144	599.931
300	354.515	594.527
301	350.07	588.954
302	345.809	583.211
303	341.732	577.298
304	337.84	571.216
305	403.652	628.568
306	410.288	623.936
307	416.617	619.116
308	422.64	614.109
309	428.356	608.913
310	433.766	603.529
311	438.87	597.958
312	443.668	592.199
313	448.159	586.252
314	452.345	580.117
315	456.223	573.794
316	459.796	567.283
317	463.062	560.584
318	466.023	553.698
319	468.676	546.623
320	471.024	539.361
321	473.065	531.91
322	474.8	524.272
323	476.229	516.446
324	477.352	508.432
325	470.671	605.92
326	477.588	608.034
327	484.397	610.352
328	491.097	612.874
329	497.687	615.601
330	504.17	618.531
331	510.543	621.666
332	516.808	625.004
333	522.963	628.547
334	529.011	632.294
335	534.949	636.245
336	540.778	640.4
337	546.499	644.759
338	552.111	649.322
339	463.641	596.451
340	463.796	588.915
341	464.112	581.401
342	464.589	573.91
343	465.225	566.441
344	466.022	558.995
345	466.979	551.571
346	468.097	544.169
347	469.374	536.79
348	470.812	529.433
349	472.411	522.099
350	474.17	514.787
351	476.089	507.498
352	471.377	603.135
353	478.996	602.022
354	486.502	600.669
355	493.895	599.077
356	501.175	597.247
357	508.342	595.177
358	515.396	592.868
359	522.337	590.32
360	529.166	587.533
361	535.881	584.507
362	542.484	581.242
363	548.973	577.738
364	555.35	573.994
365	561.613	570.012
366	567.764	565.791
367	573.802	561.33
368	579.727	556.631
369	585.539	551.692
370	591.238	546.515
371	563.093	648.716
372	568.718	643.679
373	574.489	638.977
374	580.405	634.61
375	586.467	630.578
376	592.675	626.882
377	599.029	623.521
378	605.528	620.496
379	612.174	617.806
380	618.965	615.451
381	625.902	613.431
382	632.985	611.747
383	640.213	610.398
384	647.588	609.385
385	655.108	608.707
386	670.232	609.24
387	677.474	610.561
388	684.499	612.328
389	691.307	614.541
390	697.898	617.198
391	704.273	620.302
392	710.43	623.85
393	716.371	627.844
394	722.095	632.283
395	727.603	637.167
396	659.449	601.475
397	655.833	594.872
398	651.926	588.555
399	647.727	582.523
400	643.237	576.777
401	638.456	571.317
402	633.383	566.143
403	628.018	561.255
404	622.362	556.652
405	616.415	552.335
406	610.176	548.303
407	603.646	544.558
408	660.028	600.996
409	657.677	593.629
410	655.721	586.263
411	654.16	578.898
412	652.994	571.534
413	652.223	564.171
414	651.847	556.809
415	651.866	549.448
416	652.279	542.088
417	653.088	534.729
418	654.291	527.371
419	655.889	520.014
420	657.882	512.658
421	660.271	505.303
422	894.082	602.405
423	901.016	604.259
424	907.783	606.498
425	914.383	609.122
426	920.817	612.132
427	927.085	615.527
428	933.186	619.306
429	79.9669	545.327
430	78.8929	537.804
431	77.4837	530.438
432	75.7394	523.229
433	73.66	516.177
434	71.2453	509.282
435	68.4955	502.544
436	65.4106	495.963
437	61.9905	489.54
438	58.2352	483.273
439	54.1448	477.164
440	49.7192	471.212
441	44.9584	465.417
442	39.8625	459.779
443	141.221	499.224
444	139.391	491.964
445	138.131	484.694
446	137.44	477.414
447	137.318	470.125
448	137.765	462.826
449	138.782	455.518
450	140.368	448.201
451	473.916	493.299
452	470.243	486.283
453	467.147	479.184
454	464.628	472
455	462.687	464.733
456	461.324	457.382
457	460.538	449.946
458	460.33	442.427
459	460.699	434.824
460	461.646	427.137
461	463.171	419.365
462	602.604	536.805
463	608.431	532.586
464	614.307	528.441
465	620.232	524.37
466	626.204	520.373
467	632.225	516.451
468	638.294	512.602
469	644.412	508.828
470	650.577	505.127
471	656.791	501.501
472	589.758	537.746
473	582.842	534.241
474	576.077	530.584
475	569.461	526.774
476	562.997	522.812
477	556.682	518.696
478	550.518	514.429
479	544.504	510.008
480	538.641	505.435
481	532.928	500.71
482	527.365	495.831
483	521.953	490.8
484	516.691	485.617
485	511.579	480.281
486	506.618	474.792
487	501.807	469.151
488	497.146	463.357
489	492.636	457.41
490	488.276	451.311
491	484.066	445.059
492	480.007	438.654
493	476.098	432.097
494	472.339	425.388
495	468.731	418.525
496	670.296	500.072
497	677.536	502.202
498	684.774	504.339
499	692.01	506.484
500	699.243	508.637
501	706.474	510.796
502	713.703	512.964
503	720.93	515.138
504	728.155	517.321
505	735.377	519.51
506	742.597	521.707
507	664.51	490.214
508	665.43	482.529
509	665.811	474.893
510	665.655	467.307
511	664.962	459.77
512	663.73	452.283
513	661.962	444.845
514	659.655	437.456
515	757.671	522.121
516	765.445	520.72
517	773.137	519.707
518	780.746	519.084
519	788.272	518.85
520	795.716	519.004
521	803.078	519.548
522	810.357	520.481
523	817.554	521.803
524	824.668	523.514
525	831.7	525.614
526	838.649	528.103
527	845.516	530.981
528	852.301	534.248
529	859.003	537.904
530	865.622	541.949
531	872.16	546.384
532	754.682	517.553
533	759.128	511.104
534	763.155	504.566
535	766.761	497.939
536	769.946	491.223
537	772.712	484.417
538	775.057	477.521
539	776.982	470.536
540	778.487	463.462
541	779.571	456.299
542	780.235	449.046
543	780.479	441.703
544	780.303	434.272
545	779.706	426.751
546	778.689	419.14
547	777.252	411.44
548	754.704	517.172
549	759.749	510.75
550	764.95	504.646
551	770.307	498.861
552	775.82	493.394
553	781.489	488.244
554	787.315	483.413
555	793.296	478.9
556	799.434	474.706
557	805.727	470.829
558	812.177	467.27
559	818.782	464.03
560	825.544	461.108
561	832.462	458.504
562	839.535	456.218
563	846.765	454.25
564	854.151	452.6
565	861.693	451.268
566	869.391	450.255
567	877.245	449.56
568	885.255	449.183
569	893.422	449.124
570	881.337	544.177
571	883.894	537.109
572	886.287	530.005
573	888.515	522.862
574	890.579	515.683
575	892.478	508.466
576	894.213	501.211
577	895.782	493.919
578	897.188	486.59
579	898.428	479.223
580	899.504	471.819
581	900.415	464.378
582	901.162	456.899
583	136.201	436.931
584	130.039	432.848
585	124.036	428.623
586	118.194	424.257
587	112.512	419.75
588	106.991	415.101
589	101.63	410.311
590	96.4285	405.38
591	91.3877	400.308
592	86.507	395.095
593	81.7866	389.74
594	77.2265	384.244
595	72.8265	378.607
596	68.5868	372.828
597	64.5073	366.908
598	60.5881	360.847
599	56.8291	354.645
600	53.2303	348.301
601	49.7917	341.817
602	46.5134	335.191
603	379.305	464.67
604	387.009	463.6
605	394.472	462.111
606	401.694	460.202
607	408.676	457.874
608	415.418	455.126
609	421.919	451.958
610	428.18	448.371
611	434.2	444.364
612	439.98	439.937
613	445.52	435.091
614	450.819	429.825
615	455.877	424.14
616	460.695	418.035
617	460.109	405.858
618	454.746	400.569
619	449.184	395.643
620	443.424	391.081
621	437.466	386.883
622	431.308	383.048
623	424.953	379.577
624	418.398	376.47
625	411.645	373.726
626	404.694	371.346
627	397.544	369.33
628	390.195	367.677
629	464.056	403.439
630	463.595	395.602
631	463.889	388.002
632	464.94	380.636
633	466.746	373.507
634	469.309	366.612
635	472.628	359.954
636	476.702	353.53
637	481.532	347.343
638	561.722	452.098
639	569.487	452.603
640	577.177	452.742
641	584.792	452.516
642	592.332	451.923
643	599.796	450.964
644	607.186	449.64
645	614.5	447.949
646	621.74	445.892
647	628.904	443.469
648	635.994	440.68
649	643.008	437.525
650	649.947	434.004
651	553.515	443.093
652	552.754	435.199
653	551.601	427.544
654	550.054	420.127
655	548.114	412.95
656	545.781	406.012
657	543.054	399.312
658	539.935	392.852
659	536.422	386.63
660	532.517	380.648
661	528.218	374.904
662	523.526	369.4
663	518.441	364.134
664	512.963	359.108
665	507.092	354.32
666	500.827	349.771
667	494.17	345.462
668	663.882	428.989
669	670.942	427.808
670	677.989	426.572
671	685.024	425.283
672	692.048	423.941
673	699.059	422.545
674	706.058	421.095
675	713.046	419.592
676	720.021	418.035
677	726.985	416.424
678	733.937	414.76
679	740.876	413.043
680	747.804	411.272
681	754.72	409.447
682	761.623	407.568
683	768.515	405.636
684	648.914	427.867
685	641.347	425.221
686	634.111	422.181
687	627.205	418.746
688	620.629	414.917
689	614.384	410.694
690	608.469	406.076
691	602.885	401.063
692	597.631	395.656
693	592.708	389.854
694	588.114	383.658
695	583.852	377.067
696	579.92	370.082
697	656.722	422.691
698	656.846	415.31
699	657.183	407.974
700	657.734	400.685
701	658.499	393.44
702	659.477	386.242
703	660.669	379.088
704	662.074	371.981
705	663.693	364.919
706	665.526	357.903
707	667.572	350.932
708	669.831	344.007
709	672.304	337.127
710	674.991	330.293
711	677.891	323.504
712	48.6327	323.629
713	53.8802	318.846
714	59.138	314.074
715	64.406	309.315
716	69.6842	304.567
717	74.9727	299.83
718	80.2713	295.105
719	85.5802	290.392
720	90.8993	285.691
721	96.2286	281.001
722	101.568	276.323
723	106.918	271.656
724	112.278	267.001
725	117.648	262.358
726	123.029	257.726
727	128.419	253.106
728	133.82	248.498
729	139.231	243.901
730	144.653	239.316
731	387.861	361.123
732	392.97	355.79
733	397.977	350.386
734	402.881	344.913
735	407.681	339.37
736	412.379	333.758
737	416.974	328.075
738	421.465	322.323
739	425.853	316.502
740	430.139	310.61
741	434.321	304.649
742	438.4	298.618
743	442.376	292.518
744	446.249	286.347
745	450.019	280.107
746	453.686	273.798
747	457.25	267.418
748	460.711	260.969
749	464.069	254.45
750	467.324	247.862
751	470.475	241.203
752	473.524	234.476
753	493.445	345.273
754	499.86	348.781
755	506.364	351.915
756	512.957	354.675
757	519.64	357.062
758	526.412	359.075
759	533.274	360.715
760	540.225	361.98
761	547.265	362.872
762	554.394	363.39
763	561.613	363.535
764	568.921	363.305
765	488.748	334.069
766	490.072	326.775
767	491.089	319.511
768	491.801	312.275
769	492.206	305.067
770	492.306	297.889
771	492.099	290.739
772	491.587	283.617
773	490.768	276.524
774	489.643	269.46
775	488.213	262.425
776	486.476	255.418
777	484.433	248.44
778	482.085	241.491
779	479.43	234.57
780	581.367	356.428
781	586.616	350.608
782	592.064	345.241
783	597.711	340.328
784	603.557	335.868
785	609.602	331.863
786	615.846	328.311
787	622.29	325.213
788	628.932	322.568
789	635.774	320.377
790	642.814	318.64
791	650.054	317.357
792	657.493	316.528
793	665.131	316.152
794	672.969	316.23
795	575.159	354.479
796	573.711	346.469
797	571.973	338.672
798	569.946	331.09
799	567.63	323.722
800	565.025	316.568
801	562.13	309.628
802	558.946	302.901
803	555.473	296.389
804	551.71	290.09
805	547.658	284.006
806	543.317	278.135
807	538.686	272.478
808	533.767	267.036
809	528.557	261.807
810	523.059	256.792
811	517.271	251.991
812	511.194	247.404
813	504.828	243.031
814	498.172	238.872
815	491.227	234.926
816	483.993	231.195
817	688.045	318.321
818	695.085	319.621
819	702.125	320.662
820	709.166	321.443
821	716.206	321.965
822	723.247	322.228
823	730.288	322.231
824	737.328	321.975
825	744.369	321.459
826	751.41	320.684
827	758.452	319.649
828	765.493	318.355
829	681.887	309.594
830	682.844	302.441
831	683.876	295.303
832	684.982	288.179
833	686.162	281.071
834	687.417	273.977
835	688.746	266.898
836	690.149	259.834
837	691.627	252.785
838	693.18	245.75
839	694.807	238.73
840	696.508	231.725
841	698.283	224.735
842	700.134	217.76
843	779.473	314.357
844	786.333	311.771
845	793.116	309.044
846	799.822	306.176
847	806.449	303.167
848	812.999	300.017
849	819.471	296.726
850	825.866	293.294
851	832.183	289.721
852	838.422	286.007
853	844.583	282.153
854	850.667	278.157
855	856.673	274.02
856	862.601	269.742
857	868.451	265.323
858	78.3534	245.103
859	85.5023	243.903
860	92.6565	242.739
861	99.8161	241.611
862	106.981	240.52
863	114.152	239.466
864	121.327	238.448
865	128.508	237.467
866	135.695	236.522
867	142.887	235.614
868	265.193	255.403
869	263.407	247.756
870	261.959	240.178
871	260.849	232.669
872	260.077	225.229
873	259.642	217.858
874	259.546	210.555
875	259.788	203.321
876	260.368	196.156
877	261.285	189.06
878	262.541	182.033
879	264.135	175.075
880	266.067	168.186
881	268.336	161.365
882	270.944	154.614
883	273.89	147.931
884	277.173	141.317
885	280.795	134.772
886	284.755	128.296
887	289.052	121.888
888	293.688	115.55
889	378.81	242.041
890	377.635	234.198
891	376.196	226.507
892	374.492	218.968
893	372.525	211.581
894	370.293	204.346
895	367.798	197.264
896	365.038	190.333
897	362.013	183.555
898	358.725	176.929
899	355.173	170.455
900	351.356	164.133
901	347.275	157.963
902	342.93	151.945
903	338.321	146.08
904	333.448	140.366
905	328.311	134.805
906	322.909	129.396
907	317.243	124.139
908	311.314	119.034
909	305.119	114.081
910	374.779	243.799
911	370.203	237.485
912	365.993	231.094
913	362.149	224.627
914	358.672	218.082
915	355.562	211.46
916	352.817	204.762
917	350.439	197.987
918	348.427	191.134
919	346.781	184.205
920	345.502	177.199
921	344.589	170.117
922	344.042	162.957
923	343.861	155.72
924	344.047	148.407
925	344.599	141.016
926	345.518	133.549
927	346.802	126.005
928	348.453	118.384
929	595.488	245.277
930	602.275	242.028
931	609.108	238.915
932	615.985	235.937
933	622.908	233.095
934	629.877	230.389
935	636.891	227.819
936	643.95	225.384
937	651.055	223.086
938	658.205	220.923
939	665.4	218.896
940	672.641	217.005
941	679.927	215.25
942	687.259	213.63
943	694.636	212.147
944	710.421	211.688
945	718.398	213.163
946	725.988	215.225
947	733.192	217.873
948	740.008	221.107
949	746.438	224.928
950	752.481	229.334
951	758.138	234.327
952	763.408	239.907
953	768.291	246.072
954	772.787	252.824
955	775.012	252.773
956	772.973	245.479
957	770.779	238.28
958	768.431	231.175
959	765.929	224.166
960	763.273	217.251
961	760.462	210.431
962	757.497	203.707
963	754.377	197.077
964	751.103	190.542
965	747.675	184.102
966	744.092	177.757
967	740.355	171.507
968	736.464	165.351
969	732.418	159.291
970	728.218	153.325
971	723.863	147.455
972	719.355	141.679
973	714.692	135.999
974	709.874	130.413
975	704.902	124.922
976	699.776	119.526
977	694.495	114.225
978	689.061	109.019
979	683.471	103.908
980	778.75	252.688
981	780.334	245.224
982	781.648	237.772
983	782.693	230.33
984	783.469	222.9
985	783.976	215.48
986	784.213	208.071
987	784.182	200.674
988	783.88	193.287
989	783.31	185.911
990	782.47	178.547
991	781.362	171.193
992	779.983	163.85
993	778.336	156.518
994	776.419	149.197
995	774.233	141.888
996	967.78	223.127
997	967.615	215.597
998	967.726	208.143
999	968.114	200.765
1000	968.778	193.462
1001	969.718	186.235
1002	970.935	179.084
1003	972.428	172.009
1004	974.197	165.009
1005	976.243	158.085
1006	978.565	151.236
1007	981.163	144.464
1008	984.038	137.767
1009	987.189	131.146
1010	990.616	124.6
1011	994.32	118.13
1012	998.299	111.736
1013	71.0253	154.337
1014	77.4623	149.754
1015	83.6251	144.98
1016	89.5137	140.016
1017	95.1279	134.862
1018	100.468	129.517
1019	105.534	123.981
1020	110.325	118.255
1021	114.842	112.338
1022	119.085	106.231
1023	123.054	99.9335
1024	126.748	93.4452
1025	130.168	86.7663
1026	133.314	79.8969
1027	136.186	72.837
1028	138.783	65.5865
1029	141.106	58.1454
1030	143.155	50.5139
1031	305.978	112.59
1032	313.323	114.863
1033	320.697	116.1
1034	328.098	116.301
1035	335.527	115.465
1036	342.985	113.594
1037	294.798	103.189
1038	291.061	97.0385
1039	287.45	90.8285
1040	283.967	84.559
1041	280.61	78.23
1042	277.38	71.8415
1043	274.277	65.3936
1044	271.301	58.8861
1045	268.451	52.3192
1046	265.728	45.6928
1047	263.132	39.0069
1048	260.663	32.2615
1049	258.32	25.4566
1050	358.186	110.581
1051	365.792	110.759
1052	373.288	111.22
1053	380.675	111.964
1054	387.952	112.991
1055	395.12	114.302
1056	402.178	115.895
1057	409.127	117.771
1058	415.966	119.93
1059	422.695	122.371
1060	429.315	125.096
1061	435.826	128.104
1062	442.227	131.395
1063	448.519	134.969
1064	454.701	138.826
1065	460.773	142.965
1066	466.736	147.388
1067	472.59	152.094
1068	478.333	157.083
1069	484.181	155.021
1070	484.272	147.706
1071	484.241	140.408
1072	484.087	133.127
1073	483.811	125.863
1074	483.412	118.616
1075	482.892	111.387
1076	482.249	104.175
1077	481.483	96.9803
1078	480.596	89.8028
1079	479.586	82.6425
1080	478.453	75.4995
1081	477.199	68.3738
1082	475.822	61.2653
1083	474.323	54.174
1084	472.701	47.1
1085	470.957	40.0433
1086	469.091	33.0038
1087	467.103	25.9816
1088	464.992	18.9766
1089	574.426	92.2506
1090	572.672	85.1482
1091	571.325	78.0625
1092	570.388	70.9935
1093	569.859	63.9413
1094	569.738	56.9058
1095	570.026	49.8871
1096	570.722	42.8851
1097	571.826	35.8999
1098	573.34	28.9314
1099	575.261	21.9797
1100	577.591	15.0447
1101	684.075	102.417
1102	690.48	105.792
1103	696.941	109.017
1104	703.46	112.093
1105	710.035	115.018
1106	716.668	117.793
1107	723.357	120.417
1108	730.104	122.892
1109	736.907	125.217
1110	743.767	127.391
1111	750.684	129.416
1112	757.659	131.29
1113	764.69	133.015
1114	673.344	91.9516
1115	669.776	84.889
1116	667.024	77.7035
1117	665.089	70.3952
1118	663.971	62.964
1119	663.669	55.4099
1120	664.183	47.7329
1121	665.514	39.933
1122	774.782	127.709
1123	777.522	120.786
1124	779.996	113.821
1125	782.205	106.813
1126	784.15	99.7635
1127	785.829	92.6711
1128	787.244	85.5363
1129	788.394	78.3591
1130	789.279	71.1394
1131	789.898	63.8773
1132	790.253	56.5727
1133	790.344	49.2257
1134	790.169	41.8363
1135	789.729	34.4044
1136	871.222	105.288
1137	878.383	109.33
1138	885.56	112.897
1139	892.752	115.99
1140	899.961	118.608
1141	907.186	120.751
1142	914.426	122.42
1143	921.683	123.614
1144	928.955	124.333
1145	936.244	124.578
1146	943.548	124.348
1147	950.868	123.643
1148	958.204	122.463
1149	965.556	120.809
1150	972.924	118.68
1151	980.308	116.077
1152	987.708	112.998
1153	995.124	109.445
1154	858.86	95.074
1155	854.123	89.1924
1156	849.866	83.1265
1157	846.089	76.8763
1158	842.791	70.4418
1159	839.974	63.823
1160	837.637	57.0198
1161	835.78	50.0323
1162	834.402	42.8605
1163	833.505	35.5044
1164	833.087	27.964
1165	996.537	101.153
1166	990.479	96.9672
1167	984.381	92.8606
1168	978.243	88.8331
1169	972.066	84.8847
1170	965.848	81.0154
1171	959.591	77.2252
1172	953.294	73.5141
1173	946.958	69.882
1174	940.581	66.3291
1175	934.165	62.8553
1176	927.709	59.4606
1177	921.213	56.1449
1178	914.678	52.9084
1179	908.102	49.7509
1180	901.487	46.6726
1181	894.833	43.6733
1182	888.138	40.7531
1183	881.404	37.9121
1184	874.63	35.1501
1185	867.816	32.4672
1186	860.962	29.8634
1187	854.069	27.3388
1188	847.135	24.8932
1189	840.162	22.5267
1190	1002.16	97.6702
1191	1001.41	90.0777
1192	1000.3	82.6401
1193	998.828	75.3575
1194	997.004	68.2298
1195	994.824	61.2571
1196	992.287	54.4393
1197	989.393	47.7765
1198	986.142	41.2686
1199	982.535	34.9157
1200	978.57	28.7177
1201	974.249	22.6747
1202	969.572	16.7866
1203	964.537	11.0535
1204	80.1499	5.70817
1205	85.6254	11.0509
1206	91.3237	16.0282
1207	97.2447	20.6402
1208	103.388	24.8866
1209	109.755	28.7677
1210	116.344	32.2834
1211	123.156	35.4336
1212	130.191	38.2184
1213	137.449	40.6378
1214	263.519	15.0988
1215	270.907	12.0908
1216	278.269	9.56809
1217	285.605	7.53076
1218	292.915	5.97878
1219	300.198	4.91216
1220	307.455	4.33089
1221	314.686	4.23497
1222	321.891	4.62441
1223	329.07	5.49919
1224	336.222	6.85933
1225	343.348	8.70482
1226	350.448	11.0357
1227	357.521	13.8519
1228	364.568	17.1534
1229	371.59	20.9403
1230	586.918	12.6392
1231	593.631	16.6934
1232	600.469	20.2889
1233	607.434	23.4258
1234	614.523	26.1041
1235	621.738	28.3237
1236	629.078	30.0847
1237	636.544	31.3871
1238	644.135	32.2308
1239	651.852	32.6159
1240	659.694	32.5424
1241	840.88	22.0886
1242	848.57	23.5982
1243	856.22	24.768
1244	863.831	25.5982
1245	871.402	26.0886
1246	878.933	26.2393
1247	886.424	26.0502
1248	893.875	25.5215
1249	901.287	24.653
1250	908.659	23.4448
1251	915.991	21.8969
1252	923.283	20.0093
1253	930.535	17.782
1254	937.748	15.2149
1255	944.92	12.3081
1256	952.053	9.06156
