NOMBRE : MTLARP9_9_3_1.dat
VERTICES ORIGINALES : 67
VERTICES TOTALES : 879
DEPOTS : 3
65
66
67
LINEAS ORIGINALES : 54
LINE 1 2 184.226 17
	68 11.3729
	69 11.1763
	70 11.0031
	71 10.8543
	72 10.7311
	73 10.6342
	74 10.5645
	75 10.5225
	76 10.5084
	77 10.5225
	78 10.5645
	79 10.6342
	80 10.7311
	81 10.8543
	82 11.0031
	83 11.1763
	2 11.3729
LINE 3 7 195.127 17
	84 12.5816
	85 12.185
	86 11.8306
	87 11.5222
	88 11.2636
	89 11.0583
	90 10.9092
	91 10.8188
	92 10.7885
	93 10.8188
	94 10.9092
	95 11.0583
	96 11.2636
	97 11.5222
	98 11.8306
	99 12.185
	7 12.5816
LINE 4 9 158.47 14
	100 12.322
	101 11.876
	102 11.491
	103 11.1735
	104 10.9294
	105 10.7635
	106 10.6796
	107 10.6796
	108 10.7635
	109 10.9294
	110 11.1735
	111 11.491
	112 11.876
	9 12.322
LINE 5 12 173.941 16
	113 11.484
	114 11.2449
	115 11.0359
	116 10.8586
	117 10.7146
	118 10.6054
	119 10.5319
	120 10.495
	121 10.495
	122 10.5319
	123 10.6054
	124 10.7146
	125 10.8586
	126 11.0359
	127 11.2449
	12 11.484
LINE 6 12 262.898 24
	128 11.717
	129 11.5246
	130 11.3469
	131 11.1845
	132 11.0381
	133 10.9084
	134 10.7961
	135 10.7015
	136 10.6253
	137 10.5677
	138 10.5292
	139 10.5099
	140 10.5099
	141 10.5292
	142 10.5677
	143 10.6253
	144 10.7015
	145 10.7961
	146 10.9084
	147 11.0381
	148 11.1845
	149 11.3469
	150 11.5246
	12 11.717
LINE 8 9 149.365 14
	151 10.7713
	152 10.7243
	153 10.6849
	154 10.6533
	155 10.6295
	156 10.6137
	157 10.6057
	158 10.6057
	159 10.6137
	160 10.6295
	161 10.6533
	162 10.6849
	163 10.7243
	9 10.7713
LINE 8 16 213.697 19
	164 12.1764
	165 11.8782
	166 11.6087
	167 11.37
	168 11.164
	169 10.9926
	170 10.8574
	171 10.7598
	172 10.7008
	173 10.681
	174 10.7008
	175 10.7598
	176 10.8574
	177 10.9926
	178 11.164
	179 11.37
	180 11.6087
	181 11.8782
	16 12.1764
LINE 9 17 273.892 24
	182 12.486
	183 12.2182
	184 11.9696
	185 11.7414
	186 11.5348
	187 11.3508
	188 11.1908
	189 11.0557
	190 10.9464
	191 10.8636
	192 10.8082
	193 10.7803
	194 10.7803
	195 10.8082
	196 10.8636
	197 10.9464
	198 11.0557
	199 11.1908
	200 11.3508
	201 11.5348
	202 11.7414
	203 11.9696
	204 12.2182
	17 12.486
LINE 10 17 213.57 19
	205 11.7623
	206 11.5921
	207 11.4398
	208 11.3062
	209 11.1918
	210 11.0974
	211 11.0234
	212 10.9702
	213 10.9382
	214 10.9275
	215 10.9382
	216 10.9702
	217 11.0234
	218 11.0974
	219 11.1918
	220 11.3062
	221 11.4398
	222 11.5921
	17 11.7623
LINE 11 18 191.737 16
	223 13.5665
	224 12.9684
	225 12.4329
	226 11.9683
	227 11.5832
	228 11.2858
	229 11.0831
	230 10.9804
	231 10.9804
	232 11.0831
	233 11.2858
	234 11.5832
	235 11.9683
	236 12.4329
	237 12.9684
	18 13.5665
LINE 12 20 127.432 11
	238 12.9562
	239 12.1686
	240 11.5189
	241 11.0314
	242 10.7283
	243 10.6253
	244 10.7283
	245 11.0314
	246 11.5189
	247 12.1686
	20 12.9562
LINE 13 14 145.604 14
	248 10.4379
	249 10.4206
	250 10.4061
	251 10.3945
	252 10.3858
	253 10.38
	254 10.3771
	255 10.3771
	256 10.38
	257 10.3858
	258 10.3945
	259 10.4061
	260 10.4206
	14 10.4379
LINE 13 22 242.554 22
	261 11.5742
	262 11.421
	263 11.2814
	264 11.1559
	265 11.0448
	266 10.9487
	267 10.868
	268 10.803
	269 10.754
	270 10.7212
	271 10.7048
	272 10.7048
	273 10.7212
	274 10.754
	275 10.803
	276 10.868
	277 10.9487
	278 11.0448
	279 11.1559
	280 11.2814
	281 11.421
	22 11.5742
LINE 15 16 163.071 15
	282 11.4735
	283 11.2215
	284 11.0038
	285 10.8224
	286 10.6792
	287 10.5757
	288 10.5132
	289 10.4922
	290 10.5132
	291 10.5757
	292 10.6792
	293 10.8224
	294 11.0038
	295 11.2215
	16 11.4735
LINE 16 17 126.507 11
	296 12.5364
	297 11.9354
	298 11.4461
	299 11.0834
	300 10.86
	301 10.7845
	302 10.86
	303 11.0834
	304 11.4461
	305 11.9354
	17 12.5364
LINE 18 19 188.627 16
	306 13.3017
	307 12.7293
	308 12.2174
	309 11.7737
	310 11.4064
	311 11.123
	312 10.93
	313 10.8321
	314 10.8321
	315 10.93
	316 11.123
	317 11.4064
	318 11.7737
	319 12.2174
	320 12.7293
	19 13.3017
LINE 19 26 302.152 26
	321 13.3957
	322 12.9998
	323 12.6259
	324 12.2762
	325 11.9527
	326 11.6576
	327 11.3931
	328 11.1615
	329 10.9646
	330 10.8046
	331 10.683
	332 10.6012
	333 10.56
	334 10.56
	335 10.6012
	336 10.683
	337 10.8046
	338 10.9646
	339 11.1615
	340 11.3931
	341 11.6576
	342 11.9527
	343 12.2762
	344 12.6259
	345 12.9998
	26 13.3957
LINE 21 22 172.355 15
	346 12.6785
	347 12.1912
	348 11.7631
	349 11.4009
	350 11.111
	351 10.8992
	352 10.7701
	353 10.7268
	354 10.7701
	355 10.8992
	356 11.111
	357 11.4009
	358 11.7631
	359 12.1912
	22 12.6785
LINE 23 31 168.427 16
	360 10.5603
	361 10.5468
	362 10.5353
	363 10.5257
	364 10.5181
	365 10.5123
	366 10.5084
	367 10.5065
	368 10.5065
	369 10.5084
	370 10.5123
	371 10.5181
	372 10.5257
	373 10.5353
	374 10.5468
	31 10.5603
LINE 24 25 99.5763 9
	375 11.9123
	376 11.2917
	377 10.8266
	378 10.5377
	379 10.4397
	380 10.5377
	381 10.8266
	382 11.2917
	25 11.9123
LINE 25 32 199.585 18
	383 11.9141
	384 11.6322
	385 11.3799
	386 11.159
	387 10.9716
	388 10.8193
	389 10.7037
	390 10.6259
	391 10.5868
	392 10.5868
	393 10.6259
	394 10.7037
	395 10.8193
	396 10.9716
	397 11.159
	398 11.3799
	399 11.6322
	32 11.9141
LINE 27 34 172.644 16
	400 10.8722
	401 10.8395
	402 10.8114
	403 10.788
	404 10.7691
	405 10.755
	406 10.7456
	407 10.7409
	408 10.7409
	409 10.7456
	410 10.755
	411 10.7691
	412 10.788
	413 10.8114
	414 10.8395
	34 10.8722
LINE 28 35 159.492 13
	415 13.9705
	416 13.1655
	417 12.4683
	418 11.8977
	419 11.4729
	420 11.2102
	421 11.1213
	422 11.2102
	423 11.4729
	424 11.8977
	425 12.4683
	426 13.1655
	35 13.9705
LINE 29 36 177.952 15
	427 13.2552
	428 12.6877
	429 12.1869
	430 11.7612
	431 11.4192
	432 11.1685
	433 11.0154
	434 10.9639
	435 11.0154
	436 11.1685
	437 11.4192
	438 11.7612
	439 12.1869
	440 12.6877
	36 13.2552
LINE 30 31 138.807 13
	441 11.1283
	442 10.9067
	443 10.722
	444 10.5761
	445 10.4707
	446 10.4069
	447 10.3855
	448 10.4069
	449 10.4707
	450 10.5761
	451 10.722
	452 10.9067
	31 11.1283
LINE 31 32 160.548 15
	453 11.1229
	454 10.9461
	455 10.7941
	456 10.6682
	457 10.5693
	458 10.498
	459 10.455
	460 10.4406
	461 10.455
	462 10.498
	463 10.5693
	464 10.6682
	465 10.7941
	466 10.9461
	32 11.1229
LINE 31 39 151.707 13
	467 12.9957
	468 12.3623
	469 11.8189
	470 11.3783
	471 11.0528
	472 10.8529
	473 10.7854
	474 10.8529
	475 11.0528
	476 11.3783
	477 11.8189
	478 12.3623
	39 12.9957
LINE 32 41 265.752 23
	479 12.6834
	480 12.3895
	481 12.1175
	482 11.8688
	483 11.6449
	484 11.4474
	485 11.2775
	486 11.1366
	487 11.0258
	488 10.946
	489 10.8978
	490 10.8817
	491 10.8978
	492 10.946
	493 11.0258
	494 11.1366
	495 11.2775
	496 11.4474
	497 11.6449
	498 11.8688
	499 12.1175
	500 12.3895
	41 12.6834
LINE 33 41 168.907 14
	501 13.8062
	502 13.0489
	503 12.3824
	504 11.8221
	505 11.3839
	506 11.0821
	507 10.9281
	508 10.9281
	509 11.0821
	510 11.3839
	511 11.8221
	512 12.3824
	513 13.0489
	41 13.8062
LINE 36 37 165.675 15
	514 11.6258
	515 11.3824
	516 11.1724
	517 10.9975
	518 10.8596
	519 10.76
	520 10.6998
	521 10.6796
	522 10.6998
	523 10.76
	524 10.8596
	525 10.9975
	526 11.1724
	527 11.3824
	37 11.6258
LINE 36 45 198.24 18
	528 11.9054
	529 11.6019
	530 11.3296
	531 11.091
	532 10.8881
	533 10.723
	534 10.5975
	535 10.513
	536 10.4705
	537 10.4705
	538 10.513
	539 10.5975
	540 10.723
	541 10.8881
	542 11.091
	543 11.3296
	544 11.6019
	45 11.9054
LINE 37 38 231.968 21
	545 11.167
	546 11.1309
	547 11.0986
	548 11.0699
	549 11.045
	550 11.0239
	551 11.0066
	552 10.9931
	553 10.9834
	554 10.9777
	555 10.9757
	556 10.9777
	557 10.9834
	558 10.9931
	559 11.0066
	560 11.0239
	561 11.045
	562 11.0699
	563 11.0986
	564 11.1309
	38 11.167
LINE 37 46 181.677 17
	565 10.758
	566 10.7314
	567 10.7083
	568 10.6887
	569 10.6727
	570 10.6602
	571 10.6513
	572 10.6459
	573 10.6441
	574 10.6459
	575 10.6513
	576 10.6602
	577 10.6727
	578 10.6887
	579 10.7083
	580 10.7314
	46 10.758
LINE 38 47 161.14 15
	581 10.9749
	582 10.8763
	583 10.7921
	584 10.7228
	585 10.6686
	586 10.6297
	587 10.6063
	588 10.5985
	589 10.6063
	590 10.6297
	591 10.6686
	592 10.7228
	593 10.7921
	594 10.8763
	47 10.9749
LINE 38 48 146.202 13
	595 12.6092
	596 11.9601
	597 11.4015
	598 10.9474
	599 10.6112
	600 10.4042
	601 10.3343
	602 10.4042
	603 10.6112
	604 10.9474
	605 11.4015
	606 11.9601
	48 12.6092
LINE 39 48 132.019 12
	607 11.2091
	608 11.0967
	609 11.006
	610 10.9375
	611 10.8916
	612 10.8686
	613 10.8686
	614 10.8916
	615 10.9375
	616 11.006
	617 11.0967
	48 11.2091
LINE 40 41 180.911 16
	618 11.996
	619 11.7277
	620 11.4927
	621 11.2931
	622 11.1308
	623 11.0076
	624 10.9246
	625 10.8829
	626 10.8829
	627 10.9246
	628 11.0076
	629 11.1308
	630 11.2931
	631 11.4927
	632 11.7277
	41 11.996
LINE 41 50 100.849 9
	633 11.4258
	634 11.2616
	635 11.1428
	636 11.0709
	637 11.0468
	638 11.0709
	639 11.1428
	640 11.2616
	50 11.4258
LINE 42 51 229.762 21
	641 11.2682
	642 11.1714
	643 11.0842
	644 11.0066
	645 10.9389
	646 10.8813
	647 10.8339
	648 10.797
	649 10.7705
	650 10.7546
	651 10.7492
	652 10.7546
	653 10.7705
	654 10.797
	655 10.8339
	656 10.8813
	657 10.9389
	658 11.0066
	659 11.0842
	660 11.1714
	51 11.2682
LINE 43 44 155.472 14
	661 11.6773
	662 11.4188
	663 11.199
	664 11.0199
	665 10.8836
	666 10.7919
	667 10.7457
	668 10.7457
	669 10.7919
	670 10.8836
	671 11.0199
	672 11.199
	673 11.4188
	44 11.6773
LINE 44 53 237.594 21
	674 12.5908
	675 12.2273
	676 11.8927
	677 11.5895
	678 11.3201
	679 11.0871
	680 10.8927
	681 10.7391
	682 10.628
	683 10.5608
	684 10.5383
	685 10.5608
	686 10.628
	687 10.7391
	688 10.8927
	689 11.0871
	690 11.3201
	691 11.5895
	692 11.8927
	693 12.2273
	53 12.5908
LINE 46 55 157.463 14
	694 11.5672
	695 11.4213
	696 11.2984
	697 11.199
	698 11.1239
	699 11.0736
	700 11.0483
	701 11.0483
	702 11.0736
	703 11.1239
	704 11.199
	705 11.2984
	706 11.4213
	55 11.5672
LINE 49 50 137.89 13
	707 10.631
	708 10.619
	709 10.6091
	710 10.6015
	711 10.596
	712 10.5927
	713 10.5916
	714 10.5927
	715 10.596
	716 10.6015
	717 10.6091
	718 10.619
	50 10.631
LINE 49 56 167.725 14
	719 13.6268
	720 12.9087
	721 12.2783
	722 11.7496
	723 11.337
	724 11.0533
	725 10.9087
	726 10.9087
	727 11.0533
	728 11.337
	729 11.7496
	730 12.2783
	731 12.9087
	56 13.6268
LINE 50 57 233.742 21
	732 12.0902
	733 11.8137
	734 11.5608
	735 11.3329
	736 11.1316
	737 10.9584
	738 10.8146
	739 10.7015
	740 10.6199
	741 10.5707
	742 10.5542
	743 10.5707
	744 10.6199
	745 10.7015
	746 10.8146
	747 10.9584
	748 11.1316
	749 11.3329
	750 11.5608
	751 11.8137
	57 12.0902
LINE 51 57 115.022 11
	752 10.5857
	753 10.5086
	754 10.4482
	755 10.4049
	756 10.3788
	757 10.3701
	758 10.3788
	759 10.4049
	760 10.4482
	761 10.5086
	57 10.5857
LINE 52 58 163.25 14
	762 12.9086
	763 12.3576
	764 11.879
	765 11.4817
	766 11.1745
	767 10.9649
	768 10.8586
	769 10.8586
	770 10.9649
	771 11.1745
	772 11.4817
	773 11.879
	774 12.3576
	58 12.9086
LINE 54 55 173.859 16
	775 11.1487
	776 11.037
	777 10.9403
	778 10.8591
	779 10.7937
	780 10.7444
	781 10.7114
	782 10.6949
	783 10.6949
	784 10.7114
	785 10.7444
	786 10.7937
	787 10.8591
	788 10.9403
	789 11.037
	55 11.1487
LINE 54 60 157.341 14
	790 12.119
	791 11.7257
	792 11.3876
	793 11.1098
	794 10.8967
	795 10.7523
	796 10.6794
	797 10.6794
	798 10.7523
	799 10.8967
	800 11.1098
	801 11.3876
	802 11.7257
	60 12.119
LINE 55 61 157.065 15
	803 10.4746
	804 10.4731
	805 10.4718
	806 10.4707
	807 10.4699
	808 10.4693
	809 10.4689
	810 10.4688
	811 10.4689
	812 10.4693
	813 10.4699
	814 10.4707
	815 10.4718
	816 10.4731
	61 10.4746
LINE 57 58 132.157 11
	817 13.2425
	818 12.533
	819 11.952
	820 11.5191
	821 11.2514
	822 11.1608
	823 11.2514
	824 11.5191
	825 11.952
	826 12.533
	58 13.2425
LINE 58 64 239.758 22
	827 10.9321
	828 10.9224
	829 10.9137
	830 10.9059
	831 10.8991
	832 10.8933
	833 10.8884
	834 10.8845
	835 10.8816
	836 10.8797
	837 10.8787
	838 10.8787
	839 10.8797
	840 10.8816
	841 10.8845
	842 10.8884
	843 10.8933
	844 10.8991
	845 10.9059
	846 10.9137
	847 10.9224
	64 10.9321
LINE 59 64 223.016 20
	848 11.8914
	849 11.6647
	850 11.4594
	851 11.2767
	852 11.1177
	853 10.9834
	854 10.8748
	855 10.7927
	856 10.7376
	857 10.7099
	858 10.7099
	859 10.7376
	860 10.7927
	861 10.8748
	862 10.9834
	863 11.1177
	864 11.2767
	865 11.4594
	866 11.6647
	64 11.8914
LINE 62 63 164.648 14
	867 13.3936
	868 12.6818
	869 12.0565
	870 11.532
	871 11.1223
	872 10.8406
	873 10.697
	874 10.697
	875 10.8406
	876 11.1223
	877 11.532
	878 12.0565
	879 12.6818
	63 13.3936
COORDENADAS :
1	105.048	830.62
2	217.939	792.679
3	301.944	842.982
4	525.431	825.27
5	812.559	785.266
6	908.366	850.598
7	283.672	722.085
8	383.029	694.416
9	469.22	743.074
10	621.207	734.343
11	772.463	705.125
12	867.176	687.603
13	206.49	639.641
14	299.778	613.619
15	390.25	603.153
16	494.211	617.325
17	572.307	604.854
18	713.282	604.213
19	819.49	649.376
20	922.756	632.993
21	82.6257	548.321
22	170.528	486.843
23	416.569	518.962
24	504.296	549.169
25	566.68	543.536
26	707.392	504.79
27	768.958	517.595
28	877.518	502.561
29	126.02	420.822
30	308.018	390.258
31	396.099	408.78
32	496.398	437.776
33	597.27	409.007
34	709.793	419.492
35	904.061	409.904
36	62.0339	331.792
37	168.665	325.856
38	322.049	316.646
39	413.935	317.024
40	488.229	337.216
41	600.318	307.238
42	728.522	326.4
43	773.982	308.438
44	870.835	334.27
45	128.242	225.08
46	163.57	205.33
47	265.535	226.986
48	370.835	241.536
49	522.124	224.023
50	612.136	242.019
51	662.649	191.094
52	811.175	225.441
53	876.851	186.858
54	73.446	125.928
55	185.49	104.599
56	487.351	128.511
57	717.789	138.722
58	798.479	125.018
59	917.494	145.283
60	71.7583	26.3533
61	189.791	0
62	571.179	42.1043
63	666.253	12.1876
64	901.756	3.40098
65	694.906	800.59
66	186.196	428.197
67	0	692.811
68	110.765	825.639
69	116.598	821.003
70	122.545	816.709
71	128.609	812.76
72	134.787	809.154
73	141.082	805.891
74	147.491	802.973
75	154.016	800.397
76	160.657	798.165
77	167.413	796.277
78	174.285	794.732
79	181.272	793.531
80	188.374	792.674
81	195.592	792.16
82	202.925	791.989
83	210.374	792.162
84	305.136	835.226
85	307.795	827.55
86	309.921	819.955
87	311.513	812.44
88	312.572	805.006
89	313.097	797.652
90	313.089	790.38
91	312.547	783.187
92	311.473	776.076
93	309.864	769.045
94	307.723	762.094
95	305.048	755.225
96	301.84	748.436
97	298.098	741.727
98	293.823	735.099
99	289.014	728.552
100	524.808	817.079
101	523.663	809.245
102	521.997	801.768
103	519.809	794.647
104	517.098	787.884
105	513.866	781.478
106	510.112	775.428
107	505.836	769.735
108	501.038	764.399
109	495.719	759.421
110	489.877	754.799
111	483.513	750.534
112	476.628	746.625
113	818.692	780.683
114	824.462	775.896
115	829.869	770.907
116	834.914	765.716
117	839.596	760.322
118	843.916	754.724
119	847.874	748.925
120	851.468	742.922
121	854.701	736.717
122	857.57	730.309
123	860.078	723.698
124	862.222	716.884
125	864.005	709.868
126	865.424	702.649
127	866.481	695.228
128	903.298	844.654
129	898.522	838.635
130	894.038	832.543
131	889.845	826.378
132	885.943	820.139
133	882.332	813.826
134	879.014	807.44
135	875.986	800.979
136	873.25	794.446
137	870.805	787.838
138	868.652	781.157
139	866.79	774.403
140	865.219	767.574
141	863.94	760.673
142	862.952	753.697
143	862.256	746.648
144	861.851	739.525
145	861.738	732.328
146	861.915	725.058
147	862.385	717.715
148	863.145	710.297
149	864.198	702.806
150	865.541	695.241
151	388.567	698.987
152	394.201	703.39
153	399.929	707.624
154	405.752	711.689
155	411.671	715.586
156	417.685	719.315
157	423.794	722.874
158	429.998	726.266
159	436.297	729.489
160	442.691	732.543
161	449.181	735.428
162	455.766	738.146
163	462.445	740.694
164	391.102	693.561
165	398.928	692.351
166	406.507	690.785
167	413.839	688.863
168	420.924	686.585
169	427.763	683.951
170	434.355	680.961
171	440.7	677.616
172	446.799	673.914
173	452.65	669.857
174	458.255	665.444
175	463.613	660.674
176	468.725	655.549
177	473.589	650.068
178	478.207	644.232
179	482.578	638.039
180	486.703	631.49
181	490.58	624.586
182	476.885	739.828
183	484.257	736.364
184	491.336	732.68
185	498.122	728.779
186	504.615	724.659
187	510.815	720.32
188	516.722	715.763
189	522.336	710.987
190	527.657	705.993
191	532.684	700.78
192	537.419	695.348
193	541.861	689.698
194	546.01	683.83
195	549.866	677.743
196	553.428	671.437
197	556.698	664.913
198	559.675	658.171
199	562.358	651.21
200	564.749	644.03
201	566.847	636.632
202	568.651	629.015
203	570.163	621.18
204	571.382	613.126
205	621.348	726.503
206	621.187	718.776
207	620.725	711.164
208	619.961	703.665
209	618.895	696.281
210	617.528	689.01
211	615.859	681.853
212	613.888	674.81
213	611.616	667.881
214	609.043	661.065
215	606.167	654.364
216	602.99	647.777
217	599.512	641.303
218	595.732	634.943
219	591.65	628.698
220	587.267	622.566
221	582.582	616.548
222	577.595	610.644
223	764.172	701.511
224	756.494	697.538
225	749.427	693.206
226	742.973	688.515
227	737.131	683.465
228	731.902	678.055
229	727.285	672.287
230	723.28	666.159
231	719.887	659.673
232	717.106	652.827
233	714.938	645.623
234	713.382	638.059
235	712.439	630.136
236	712.107	621.854
237	712.388	613.213
238	868.765	679.113
239	871.046	671.328
240	874.021	664.248
241	877.688	657.873
242	882.048	652.204
243	887.1	647.239
244	892.846	642.98
245	899.284	639.425
246	906.415	636.576
247	914.239	634.432
248	212.951	637.057
249	219.444	634.585
250	225.967	632.225
251	232.522	629.976
252	239.107	627.838
253	245.724	625.812
254	252.372	623.898
255	259.051	622.095
256	265.761	620.403
257	272.502	618.823
258	279.274	617.355
259	286.078	615.998
260	292.912	614.753
261	207.715	632.023
262	208.667	624.469
263	209.347	616.978
264	209.755	609.552
265	209.89	602.19
266	209.753	594.892
267	209.344	587.659
268	208.662	580.489
269	207.708	573.383
270	206.482	566.342
271	204.983	559.364
272	203.213	552.451
273	201.17	545.602
274	198.854	538.817
275	196.266	532.096
276	193.406	525.439
277	190.274	518.846
278	186.869	512.317
279	183.192	505.852
280	179.243	499.452
281	175.022	493.115
282	397.599	601.031
283	404.888	599.347
284	412.117	598.102
285	419.287	597.294
286	426.397	596.925
287	433.447	596.993
288	440.437	597.5
289	447.368	598.445
290	454.239	599.828
291	461.05	601.649
292	467.802	603.908
293	474.494	606.605
294	481.126	609.74
295	487.698	613.314
296	500.638	611.984
297	507.201	607.483
298	513.897	603.825
299	520.728	601.008
300	527.693	599.032
301	534.793	597.899
302	542.027	597.606
303	549.395	598.156
304	556.898	599.547
305	564.536	601.779
306	721.938	602.289
307	730.325	600.997
308	738.444	600.339
309	746.293	600.314
310	753.873	600.921
311	761.184	602.162
312	768.225	604.035
313	774.998	606.541
314	781.501	609.68
315	787.736	613.453
316	793.701	617.858
317	799.397	622.895
318	804.824	628.566
319	809.981	634.87
320	814.87	641.807
321	819.524	640.446
322	819.211	631.785
323	818.55	623.394
324	817.541	615.272
325	816.185	607.42
326	814.481	599.837
327	812.43	592.524
328	810.03	585.48
329	807.283	578.706
330	804.189	572.202
331	800.746	565.967
332	796.957	560.002
333	792.819	554.306
334	788.334	548.88
335	783.501	543.723
336	778.32	538.836
337	772.792	534.218
338	766.916	529.87
339	760.692	525.792
340	754.121	521.983
341	747.202	518.443
342	739.935	515.174
343	732.321	512.173
344	724.359	509.442
345	716.049	506.981
346	91.0682	547.915
347	99.1419	546.981
348	106.847	545.52
349	114.182	543.531
350	121.149	541.015
351	127.747	537.971
352	133.976	534.4
353	139.836	530.302
354	145.328	525.676
355	150.45	520.522
356	155.203	514.841
357	159.588	508.633
358	163.603	501.897
359	167.25	494.633
360	415.989	511.946
361	415.315	504.947
362	414.548	497.965
363	413.688	491.001
364	412.735	484.054
365	411.689	477.124
366	410.549	470.212
367	409.316	463.317
368	407.99	456.439
369	406.571	449.579
370	405.059	442.736
371	403.453	435.91
372	401.755	429.102
373	399.963	422.31
374	398.078	415.537
375	511.572	552.352
376	518.761	554.583
377	525.865	555.862
378	532.882	556.189
379	539.814	555.563
380	546.66	553.984
381	553.419	551.454
382	560.093	547.971
383	559.736	539.68
384	553.15	535.587
385	546.921	531.256
386	541.049	526.687
387	535.536	521.881
388	530.379	516.838
389	525.581	511.556
390	521.14	506.037
391	517.056	500.28
392	513.331	494.286
393	509.963	488.054
394	506.952	481.584
395	504.299	474.877
396	502.004	467.932
397	500.066	460.75
398	498.486	453.329
399	497.263	445.672
400	766.224	510.882
401	763.362	504.246
402	760.371	497.688
403	757.252	491.208
404	754.004	484.805
405	750.627	478.48
406	747.122	472.232
407	743.489	466.062
408	739.727	459.97
409	735.836	453.954
410	731.817	448.017
411	727.669	442.157
412	723.393	436.374
413	718.988	430.669
414	714.455	425.042
415	874.141	493.882
416	871.667	485.46
417	870.096	477.298
418	869.428	469.394
419	869.664	461.749
420	870.802	454.363
421	872.844	447.236
422	875.789	440.367
423	879.637	433.757
424	884.389	427.405
425	890.043	421.313
426	896.601	415.479
427	117.722	417.786
428	109.999	414.335
429	102.853	410.469
430	96.2827	406.19
431	90.2886	401.497
432	84.8706	396.39
433	80.0287	390.869
434	75.763	384.933
435	72.0733	378.584
436	68.9598	371.82
437	66.4224	364.643
438	64.4611	357.051
439	63.0759	349.046
440	62.2669	340.626
441	315.342	389.075
442	322.574	388.327
443	329.715	388.013
444	336.765	388.134
445	343.723	388.689
446	350.59	389.679
447	357.366	391.104
448	364.05	392.963
449	370.642	395.257
450	377.144	397.986
451	383.554	401.149
452	389.872	404.747
453	403.496	408.257
454	410.791	408.084
455	417.985	408.262
456	425.078	408.792
457	432.069	409.672
458	438.958	410.903
459	445.746	412.485
460	452.433	414.418
461	459.018	416.702
462	465.502	419.337
463	471.884	422.323
464	478.165	425.66
465	484.344	429.348
466	490.422	433.386
467	402.216	402.644
468	407.542	396.355
469	412.077	389.911
470	415.821	383.314
471	418.775	376.564
472	420.937	369.659
473	422.309	362.601
474	422.89	355.389
475	422.681	348.024
476	421.681	340.504
477	419.89	332.831
478	417.308	325.005
479	504.315	434.806
480	511.923	431.59
481	519.222	428.128
482	526.212	424.42
483	532.893	420.466
484	539.265	416.267
485	545.328	411.821
486	551.082	407.129
487	556.527	402.191
488	561.664	397.008
489	566.491	391.578
490	571.009	385.903
491	575.218	379.981
492	579.119	373.814
493	582.71	367.4
494	585.992	360.741
495	588.966	353.835
496	591.63	346.684
497	593.986	339.287
498	596.033	331.643
499	597.77	323.754
500	599.199	315.619
501	603.127	401.906
502	608.116	394.78
503	612.238	387.628
504	615.492	380.45
505	617.879	373.245
506	619.398	366.015
507	620.049	358.759
508	619.833	351.477
509	618.75	344.169
510	616.799	336.834
511	613.98	329.474
512	610.294	322.088
513	605.74	314.676
514	69.3129	334.455
515	76.5676	336.68
516	83.7979	338.468
517	91.0039	339.82
518	98.1856	340.735
519	105.343	341.213
520	112.476	341.254
521	119.585	340.858
522	126.669	340.025
523	133.729	338.756
524	140.765	337.049
525	147.777	334.906
526	154.764	332.326
527	161.726	329.309
528	62.4967	323.869
529	63.3378	316.18
530	64.5572	308.726
531	66.1549	301.507
532	68.1308	294.522
533	70.485	287.772
534	73.2176	281.257
535	76.3284	274.977
536	79.8175	268.931
537	83.6848	263.12
538	87.9305	257.543
539	92.5544	252.202
540	97.5566	247.095
541	102.937	242.222
542	108.696	237.585
543	114.833	233.182
544	121.348	229.014
545	175.887	324.047
546	183.117	322.376
547	190.355	320.842
548	197.601	319.444
549	204.856	318.184
550	212.119	317.061
551	219.39	316.074
552	226.669	315.225
553	233.957	314.512
554	241.253	313.937
555	248.557	313.498
556	255.869	313.197
557	263.189	313.032
558	270.518	313.004
559	277.855	313.114
560	285.2	313.36
561	292.553	313.743
562	299.915	314.263
563	307.285	314.921
564	314.663	315.715
565	169.405	318.722
566	170.015	311.594
567	170.495	304.471
568	170.846	297.354
569	171.066	290.242
570	171.156	283.136
571	171.116	276.035
572	170.947	268.94
573	170.647	261.85
574	170.217	254.766
575	169.658	247.687
576	168.968	240.614
577	168.148	233.546
578	167.199	226.484
579	166.119	219.427
580	164.909	212.376
581	316.674	311.682
582	311.529	306.573
583	306.614	301.319
584	301.928	295.92
585	297.471	290.377
586	293.245	284.689
587	289.248	278.856
588	285.48	272.879
589	281.942	266.757
590	278.634	260.49
591	275.555	254.079
592	272.706	247.522
593	270.086	240.822
594	267.696	233.976
595	321.763	308.245
596	322.149	300.281
597	323.209	292.754
598	324.943	285.664
599	327.349	279.012
600	330.429	272.797
601	334.181	267.02
602	338.607	261.679
603	343.707	256.776
604	349.479	252.31
605	355.925	248.281
606	363.043	244.69
607	408.75	311.644
608	403.854	306.097
609	399.248	300.386
610	394.932	294.509
611	390.905	288.467
612	387.169	282.259
613	383.722	275.885
614	380.565	269.346
615	377.698	262.642
616	375.121	255.772
617	372.833	248.737
618	496.106	338.6
619	503.867	339.549
620	511.511	340.064
621	519.039	340.145
622	526.451	339.792
623	533.747	339.004
624	540.927	337.781
625	547.991	336.125
626	554.938	334.034
627	561.77	331.509
628	568.485	328.55
629	575.084	325.156
630	581.567	321.328
631	587.933	317.065
632	594.184	312.369
633	603.546	300.338
634	606.295	293.352
635	608.565	286.279
636	610.357	279.119
637	611.67	271.872
638	612.504	264.539
639	612.86	257.119
640	612.738	249.612
641	723.359	320.944
642	718.399	315.388
643	713.641	309.734
644	709.086	303.981
645	704.734	298.13
646	700.584	292.18
647	696.637	286.131
648	692.892	279.984
649	689.35	273.738
650	686.011	267.394
651	682.874	260.951
652	679.94	254.409
653	677.208	247.768
654	674.679	241.029
655	672.353	234.191
656	670.229	227.255
657	668.308	220.22
658	666.589	213.086
659	665.073	205.854
660	663.76	198.523
661	780.113	313.236
662	786.364	317.58
663	792.737	321.469
664	799.231	324.904
665	805.847	327.885
666	812.583	330.412
667	819.44	332.484
668	826.419	334.102
669	833.519	335.266
670	840.74	335.975
671	848.082	336.231
672	855.545	336.031
673	863.13	335.378
674	875.711	327.438
675	880.128	320.587
676	884.087	313.717
677	887.586	306.829
678	890.626	299.921
679	893.207	292.995
680	895.329	286.051
681	896.993	279.087
682	898.197	272.105
683	898.943	265.104
684	899.229	258.084
685	899.056	251.046
686	898.425	243.989
687	897.335	236.913
688	895.785	229.818
689	893.777	222.705
690	891.31	215.573
691	888.384	208.422
692	884.998	201.253
693	881.154	194.064
694	167.374	198.622
695	170.833	191.839
696	173.948	184.981
697	176.719	178.048
698	179.146	171.041
699	181.228	163.958
700	182.966	156.8
701	184.359	149.568
702	185.409	142.261
703	186.114	134.878
704	186.474	127.421
705	186.491	119.889
706	186.163	112.282
707	528.928	226.004
708	535.753	227.886
709	542.597	229.669
710	549.462	231.352
711	556.346	232.935
712	563.25	234.419
713	570.174	235.804
714	577.118	237.088
715	584.082	238.274
716	591.066	239.359
717	598.069	240.345
718	605.093	241.232
719	524.771	215.332
720	526.629	206.929
721	527.697	198.814
722	527.976	190.986
723	527.466	183.445
724	526.166	176.192
725	524.077	169.226
726	521.199	162.547
727	517.531	156.156
728	513.074	150.052
729	507.827	144.236
730	501.791	138.707
731	494.966	133.465
732	614.419	234.289
733	616.976	226.84
734	619.808	219.672
735	622.915	212.785
736	626.297	206.179
737	629.954	199.855
738	633.886	193.811
739	638.092	188.049
740	642.574	182.568
741	647.33	177.368
742	652.361	172.449
743	657.667	167.811
744	663.248	163.455
745	669.103	159.379
746	675.234	155.585
747	681.639	152.072
748	688.319	148.839
749	695.275	145.889
750	702.505	143.219
751	710.009	140.83
752	668.638	187.36
753	674.431	183.421
754	680.029	179.277
755	685.432	174.927
756	690.64	170.371
757	695.653	165.61
758	700.471	160.643
759	705.093	155.471
760	709.52	150.094
761	713.752	144.511
762	805.638	218.853
763	800.813	212.176
764	796.701	205.408
765	793.3	198.55
766	790.613	191.602
767	788.637	184.564
768	787.374	177.436
769	786.824	170.218
770	786.985	162.91
771	787.859	155.512
772	789.446	148.023
773	791.744	140.445
774	794.756	132.777
775	80.8422	126.662
776	88.1859	127.12
777	95.4772	127.302
778	102.716	127.209
779	109.902	126.841
780	117.036	126.197
781	124.118	125.277
782	131.147	124.082
783	138.123	122.611
784	145.047	120.865
785	151.919	118.843
786	158.738	116.545
787	165.505	113.972
788	172.219	111.123
789	178.881	107.999
790	77.1555	118.751
791	80.2757	111.583
792	82.8067	104.426
793	84.7484	97.2785
794	86.101	90.1411
795	86.8643	83.0136
796	87.0383	75.8961
797	86.6232	68.7886
798	85.6188	61.6911
799	84.0251	54.6036
800	81.8423	47.526
801	79.0702	40.4585
802	75.7089	33.4009
803	186.01	97.6357
804	186.497	90.6707
805	186.95	83.7042
806	187.37	76.7364
807	187.757	69.7672
808	188.11	62.7967
809	188.431	55.8247
810	188.717	48.8514
811	188.971	41.8768
812	189.191	34.9007
813	189.377	27.9233
814	189.531	20.9446
815	189.651	13.9644
816	189.737	6.98289
817	724.329	132.792
818	731.028	127.798
819	737.886	123.742
820	744.903	120.622
821	752.079	118.439
822	759.415	117.194
823	766.91	116.885
824	774.563	117.513
825	782.376	119.078
826	790.348	121.579
827	802.625	119.024
828	806.822	113.074
829	811.072	107.169
830	815.375	101.308
831	819.729	95.491
832	824.136	89.7187
833	828.595	83.9909
834	833.107	78.3074
835	837.67	72.6684
836	842.286	67.0737
837	846.955	61.5235
838	851.675	56.0176
839	856.448	50.5562
840	861.273	45.1391
841	866.15	39.7664
842	871.08	34.4382
843	876.062	29.1543
844	881.096	23.9149
845	886.183	18.7198
846	891.322	13.5691
847	896.513	8.46285
848	913.279	138.569
849	909.424	131.815
850	905.93	125.022
851	902.797	118.188
852	900.025	111.314
853	897.614	104.4
854	895.564	97.4459
855	893.875	90.4519
856	892.546	83.4178
857	891.579	76.3438
858	890.973	69.2296
859	890.727	62.0755
860	890.843	54.8813
861	891.319	47.6471
862	892.156	40.3728
863	893.354	33.0585
864	894.913	25.7042
865	896.833	18.3098
866	899.114	10.8754
867	579.588	45.1082
868	587.748	47.3212
869	595.659	48.7433
870	603.321	49.3745
871	610.734	49.2148
872	617.898	48.2643
873	624.814	46.5228
874	631.48	43.9904
875	637.898	40.6672
876	644.067	36.5531
877	649.986	31.648
878	655.658	25.9521
879	661.08	19.4653
