NOMBRE : MTLARP10_10_6_2.dat
VERTICES ORIGINALES : 92
VERTICES TOTALES : 1392
DEPOTS : 6
87
88
89
90
91
92
LINEAS ORIGINALES : 87
LINE 1 11 124.94 12
	93 11.1342
	94 10.7506
	95 10.4336
	96 10.1894
	97 10.0232
	98 9.93912
	99 9.93912
	100 10.0232
	101 10.1894
	102 10.4336
	103 10.7506
	11 11.1342
LINE 2 3 137.797 13
	104 11.402
	105 11.013
	106 10.6841
	107 10.4212
	108 10.2292
	109 10.1123
	110 10.0731
	111 10.1123
	112 10.2292
	113 10.4212
	114 10.6841
	115 11.013
	3 11.402
LINE 2 11 206.877 20
	116 11.1845
	117 10.9289
	118 10.6965
	119 10.489
	120 10.3078
	121 10.1543
	122 10.0298
	123 9.93546
	124 9.87204
	125 9.84018
	126 9.84018
	127 9.87204
	128 9.93546
	129 10.0298
	130 10.1543
	131 10.3078
	132 10.489
	133 10.6965
	134 10.9289
	11 11.1845
LINE 3 13 104.271 11
	135 9.6198
	136 9.53589
	137 9.47012
	138 9.42286
	139 9.39439
	140 9.38488
	141 9.39439
	142 9.42286
	143 9.47012
	144 9.53589
	13 9.6198
LINE 4 14 155.761 15
	145 10.7932
	146 10.6208
	147 10.4727
	148 10.35
	149 10.2535
	150 10.184
	151 10.1421
	152 10.1281
	153 10.1421
	154 10.184
	155 10.2535
	156 10.35
	157 10.4727
	158 10.6208
	14 10.7932
LINE 5 15 124.636 13
	159 9.62167
	160 9.60455
	161 9.59051
	162 9.57958
	163 9.57176
	164 9.56707
	165 9.56551
	166 9.56707
	167 9.57176
	168 9.57958
	169 9.59051
	170 9.60455
	15 9.62167
LINE 6 7 182.5 18
	171 10.6075
	172 10.4456
	173 10.3018
	174 10.1769
	175 10.0717
	176 9.98671
	177 9.92249
	178 9.87945
	179 9.85786
	180 9.85786
	181 9.87945
	182 9.92249
	183 9.98671
	184 10.0717
	185 10.1769
	186 10.3018
	187 10.4456
	7 10.6075
LINE 6 16 168.489 17
	188 10.1458
	189 10.0587
	190 9.98267
	191 9.91784
	192 9.86449
	193 9.8228
	194 9.7929
	195 9.77493
	196 9.76893
	197 9.77493
	198 9.7929
	199 9.8228
	200 9.86449
	201 9.91784
	202 9.98267
	203 10.0587
	16 10.1458
LINE 7 8 105.13 10
	204 11.2783
	205 10.7809
	206 10.3922
	207 10.1248
	208 9.98846
	209 9.98846
	210 10.1248
	211 10.3922
	212 10.7809
	8 11.2783
LINE 7 17 179.111 18
	213 10.0142
	214 9.99181
	215 9.9722
	216 9.95536
	217 9.94131
	218 9.93006
	219 9.92161
	220 9.91597
	221 9.91315
	222 9.91315
	223 9.91597
	224 9.92161
	225 9.93006
	226 9.94131
	227 9.95536
	228 9.9722
	229 9.99181
	17 10.0142
LINE 8 9 220.086 22
	230 10.0603
	231 10.0442
	232 10.0297
	233 10.0169
	234 10.0056
	235 9.9959
	236 9.98782
	237 9.98136
	238 9.97651
	239 9.97327
	240 9.97166
	241 9.97166
	242 9.97327
	243 9.97651
	244 9.98136
	245 9.98782
	246 9.9959
	247 10.0056
	248 10.0169
	249 10.0297
	250 10.0442
	9 10.0603
LINE 8 17 180.589 18
	251 10.2392
	252 10.167
	253 10.1034
	254 10.0486
	255 10.0027
	256 9.96585
	257 9.9381
	258 9.91956
	259 9.91028
	260 9.91028
	261 9.91956
	262 9.9381
	263 9.96585
	264 10.0027
	265 10.0486
	266 10.1034
	267 10.167
	17 10.2392
LINE 9 10 130.182 13
	268 10.5258
	269 10.2751
	270 10.0654
	271 9.89923
	272 9.77881
	273 9.70583
	274 9.68139
	275 9.70583
	276 9.77881
	277 9.89923
	278 10.0654
	279 10.2751
	10 10.5258
LINE 9 18 127.931 12
	280 11.319
	281 10.9686
	282 10.68
	283 10.4583
	284 10.3078
	285 10.2318
	286 10.2318
	287 10.3078
	288 10.4583
	289 10.68
	290 10.9686
	18 11.319
LINE 11 19 211.406 22
	291 9.6138
	292 9.61253
	293 9.61139
	294 9.61038
	295 9.60949
	296 9.60873
	297 9.6081
	298 9.60759
	299 9.60721
	300 9.60696
	301 9.60683
	302 9.60683
	303 9.60696
	304 9.60721
	305 9.60759
	306 9.6081
	307 9.60873
	308 9.60949
	309 9.61038
	310 9.61139
	311 9.61253
	19 9.6138
LINE 12 20 167.059 16
	312 11.3946
	313 11.0281
	314 10.704
	315 10.4262
	316 10.1985
	317 10.0243
	318 9.90652
	319 9.84709
	320 9.84709
	321 9.90652
	322 10.0243
	323 10.1985
	324 10.4262
	325 10.704
	326 11.0281
	20 11.3946
LINE 14 15 150.291 15
	327 10.0361
	328 10.029
	329 10.0229
	330 10.0179
	331 10.014
	332 10.0113
	333 10.0096
	334 10.009
	335 10.0096
	336 10.0113
	337 10.014
	338 10.0179
	339 10.0229
	340 10.029
	15 10.0361
LINE 14 23 241.342 24
	341 10.1755
	342 10.1445
	343 10.1162
	344 10.0907
	345 10.068
	346 10.048
	347 10.0309
	348 10.0166
	349 10.0052
	350 9.99658
	351 9.99085
	352 9.98798
	353 9.98798
	354 9.99085
	355 9.99658
	356 10.0052
	357 10.0166
	358 10.0309
	359 10.048
	360 10.068
	361 10.0907
	362 10.1162
	363 10.1445
	23 10.1755
LINE 16 23 188.551 19
	364 9.92375
	365 9.92374
	366 9.92374
	367 9.92374
	368 9.92374
	369 9.92373
	370 9.92373
	371 9.92373
	372 9.92373
	373 9.92373
	374 9.92373
	375 9.92373
	376 9.92373
	377 9.92373
	378 9.92374
	379 9.92374
	380 9.92374
	381 9.92374
	23 9.92375
LINE 17 18 152.167 15
	382 10.8885
	383 10.5795
	384 10.3108
	385 10.0856
	386 9.90697
	387 9.77735
	388 9.69875
	389 9.6724
	390 9.69875
	391 9.77735
	392 9.90697
	393 10.0856
	394 10.3108
	395 10.5795
	18 10.8885
LINE 21 22 137.612 14
	396 10.0887
	397 9.97036
	398 9.87068
	399 9.7902
	400 9.72941
	401 9.68867
	402 9.66823
	403 9.66823
	404 9.68867
	405 9.72941
	406 9.7902
	407 9.87068
	408 9.97036
	22 10.0887
LINE 21 30 154.455 15
	409 10.8438
	410 10.6147
	411 10.417
	412 10.2524
	413 10.1225
	414 10.0287
	415 9.97197
	416 9.95299
	417 9.97197
	418 10.0287
	419 10.1225
	420 10.2524
	421 10.417
	422 10.6147
	30 10.8438
LINE 22 31 204.767 21
	423 9.80645
	424 9.78981
	425 9.77489
	426 9.76171
	427 9.75028
	428 9.74059
	429 9.73266
	430 9.72648
	431 9.72207
	432 9.71942
	433 9.71854
	434 9.71942
	435 9.72207
	436 9.72648
	437 9.73266
	438 9.74059
	439 9.75028
	440 9.76171
	441 9.77489
	442 9.78981
	31 9.80645
LINE 23 24 177.658 17
	443 11.1273
	444 10.8807
	445 10.6624
	446 10.4741
	447 10.3175
	448 10.1941
	449 10.105
	450 10.0511
	451 10.0331
	452 10.0511
	453 10.105
	454 10.1941
	455 10.3175
	456 10.4741
	457 10.6624
	458 10.8807
	24 11.1273
LINE 24 32 249.715 25
	459 10.1463
	460 10.1072
	461 10.0713
	462 10.0388
	463 10.0096
	464 9.98374
	465 9.96128
	466 9.94225
	467 9.92665
	468 9.91449
	469 9.90581
	470 9.90059
	471 9.89885
	472 9.90059
	473 9.90581
	474 9.91449
	475 9.92665
	476 9.94225
	477 9.96128
	478 9.98374
	479 10.0096
	480 10.0388
	481 10.0713
	482 10.1072
	32 10.1463
LINE 24 33 217.26 21
	483 11.0262
	484 10.8283
	485 10.6481
	486 10.4866
	487 10.3445
	488 10.2228
	489 10.1221
	490 10.0431
	491 9.98625
	492 9.952
	493 9.94056
	494 9.952
	495 9.98625
	496 10.0431
	497 10.1221
	498 10.2228
	499 10.3445
	500 10.4866
	501 10.6481
	502 10.8283
	33 11.0262
LINE 25 26 217.065 22
	503 10.0367
	504 9.9885
	505 9.94492
	506 9.90603
	507 9.87187
	508 9.84249
	509 9.81795
	510 9.79826
	511 9.78348
	512 9.77361
	513 9.76867
	514 9.76867
	515 9.77361
	516 9.78348
	517 9.79826
	518 9.81795
	519 9.84249
	520 9.87187
	521 9.90603
	522 9.94492
	523 9.9885
	26 10.0367
LINE 26 35 68.0436 7
	524 10.2331
	525 9.72708
	526 9.41044
	527 9.3025
	528 9.41044
	529 9.72708
	35 10.2331
LINE 27 28 177.857 18
	530 10.188
	531 10.0812
	532 9.98674
	533 9.90509
	534 9.83652
	535 9.78132
	536 9.73972
	537 9.71189
	538 9.69794
	539 9.69794
	540 9.71189
	541 9.73972
	542 9.78132
	543 9.83652
	544 9.90509
	545 9.98674
	546 10.0812
	28 10.188
LINE 27 35 99.5162 10
	547 9.96472
	548 9.95599
	549 9.94943
	550 9.94506
	551 9.94287
	552 9.94287
	553 9.94506
	554 9.94943
	555 9.95599
	35 9.96472
LINE 27 36 129.806 13
	556 10.234
	557 10.1108
	558 10.0088
	559 9.92881
	560 9.87125
	561 9.83655
	562 9.82496
	563 9.83655
	564 9.87125
	565 9.92881
	566 10.0088
	567 10.1108
	36 10.234
LINE 28 36 200.221 20
	568 10.2222
	569 10.1562
	570 10.0971
	571 10.0452
	572 10.0005
	573 9.96302
	574 9.93298
	575 9.91038
	576 9.89529
	577 9.88774
	578 9.88774
	579 9.89529
	580 9.91038
	581 9.93298
	582 9.96302
	583 10.0005
	584 10.0452
	585 10.0971
	586 10.1562
	36 10.2222
LINE 29 38 155.309 16
	587 9.99782
	588 9.88295
	589 9.78343
	590 9.69971
	591 9.63221
	592 9.58127
	593 9.54717
	594 9.53007
	595 9.53007
	596 9.54717
	597 9.58127
	598 9.63221
	599 9.69971
	600 9.78343
	601 9.88295
	38 9.99782
LINE 30 31 151.516 15
	602 10.1129
	603 10.1078
	604 10.1035
	605 10.1
	606 10.0973
	607 10.0953
	608 10.0941
	609 10.0937
	610 10.0941
	611 10.0953
	612 10.0973
	613 10.1
	614 10.1035
	615 10.1078
	31 10.1129
LINE 30 39 140.977 14
	616 10.0935
	617 10.0826
	618 10.0734
	619 10.0662
	620 10.0607
	621 10.057
	622 10.0552
	623 10.0552
	624 10.057
	625 10.0607
	626 10.0662
	627 10.0734
	628 10.0826
	39 10.0935
LINE 31 32 169.197 16
	629 11.6026
	630 11.2085
	631 10.8593
	632 10.5595
	633 10.3134
	634 10.1249
	635 9.99727
	636 9.93284
	637 9.93284
	638 9.99727
	639 10.1249
	640 10.3134
	641 10.5595
	642 10.8593
	643 11.2085
	32 11.6026
LINE 32 33 84.4852 9
	644 9.43792
	645 9.39998
	646 9.37278
	647 9.35642
	648 9.35096
	649 9.35642
	650 9.37278
	651 9.39998
	33 9.43792
LINE 32 41 91.5541 9
	652 10.5335
	653 10.266
	654 10.0705
	655 9.9514
	656 9.91138
	657 9.9514
	658 10.0705
	659 10.266
	41 10.5335
LINE 34 42 205.049 20
	660 10.5746
	661 10.4744
	662 10.3845
	663 10.3051
	664 10.2366
	665 10.1792
	666 10.1331
	667 10.0983
	668 10.0751
	669 10.0634
	670 10.0634
	671 10.0751
	672 10.0983
	673 10.1331
	674 10.1792
	675 10.2366
	676 10.3051
	677 10.3845
	678 10.4744
	42 10.5746
LINE 34 43 166.846 16
	679 11.1977
	680 10.8996
	681 10.6374
	682 10.4138
	683 10.2315
	684 10.0926
	685 9.99888
	686 9.95171
	687 9.95171
	688 9.99888
	689 10.0926
	690 10.2315
	691 10.4138
	692 10.6374
	693 10.8996
	43 11.1977
LINE 35 44 162.305 16
	694 10.8748
	695 10.5916
	696 10.3427
	697 10.1305
	698 9.95757
	699 9.82586
	700 9.73706
	701 9.69236
	702 9.69236
	703 9.73706
	704 9.82586
	705 9.95757
	706 10.1305
	707 10.3427
	708 10.5916
	44 10.8748
LINE 37 45 191.716 19
	709 10.2872
	710 10.2222
	711 10.1644
	712 10.1141
	713 10.0714
	714 10.0362
	715 10.0088
	716 9.9892
	717 9.97741
	718 9.97347
	719 9.97741
	720 9.9892
	721 10.0088
	722 10.0362
	723 10.0714
	724 10.1141
	725 10.1644
	726 10.2222
	45 10.2872
LINE 38 46 169.752 17
	727 9.98575
	728 9.98561
	729 9.9855
	730 9.9854
	731 9.98532
	732 9.98526
	733 9.98521
	734 9.98519
	735 9.98518
	736 9.98519
	737 9.98521
	738 9.98526
	739 9.98532
	740 9.9854
	741 9.9855
	742 9.98561
	46 9.98575
LINE 40 47 143.535 14
	743 10.8934
	744 10.6052
	745 10.359
	746 10.1577
	747 10.004
	748 9.90027
	749 9.84799
	750 9.84799
	751 9.90027
	752 10.004
	753 10.1577
	754 10.359
	755 10.6052
	47 10.8934
LINE 41 42 150.259 15
	756 10.1822
	757 10.112
	758 10.0522
	759 10.0031
	760 9.9647
	761 9.93718
	762 9.92063
	763 9.91511
	764 9.92063
	765 9.93718
	766 9.9647
	767 10.0031
	768 10.0522
	769 10.112
	42 10.1822
LINE 42 49 142.294 14
	770 10.2012
	771 10.184
	772 10.1696
	773 10.1581
	774 10.1495
	775 10.1437
	776 10.1408
	777 10.1408
	778 10.1437
	779 10.1495
	780 10.1581
	781 10.1696
	782 10.184
	49 10.2012
LINE 46 53 99.7946 10
	783 9.98884
	784 9.98259
	785 9.9779
	786 9.97477
	787 9.97321
	788 9.97321
	789 9.97477
	790 9.9779
	791 9.98259
	53 9.98884
LINE 48 56 234.072 23
	792 10.5563
	793 10.4547
	794 10.3619
	795 10.2782
	796 10.2038
	797 10.1389
	798 10.0836
	799 10.0382
	800 10.0027
	801 9.97724
	802 9.96195
	803 9.95685
	804 9.96195
	805 9.97724
	806 10.0027
	807 10.0382
	808 10.0836
	809 10.1389
	810 10.2038
	811 10.2782
	812 10.3619
	813 10.4547
	56 10.5563
LINE 48 57 81.8938 8
	814 10.2663
	815 10.241
	816 10.224
	817 10.2156
	818 10.2156
	819 10.224
	820 10.241
	57 10.2663
LINE 49 50 160.93 16
	821 10.2
	822 10.1436
	823 10.095
	824 10.0543
	825 10.0217
	826 9.99714
	827 9.98073
	828 9.97252
	829 9.97252
	830 9.98073
	831 9.99714
	832 10.0217
	833 10.0543
	834 10.095
	835 10.1436
	50 10.2
LINE 51 52 179.037 18
	836 10.1865
	837 10.1027
	838 10.0288
	839 9.96508
	840 9.91162
	841 9.86865
	842 9.8363
	843 9.81467
	844 9.80384
	845 9.80384
	846 9.81467
	847 9.8363
	848 9.86865
	849 9.91162
	850 9.96508
	851 10.0288
	852 10.1027
	52 10.1865
LINE 51 61 300.687 30
	853 10.2553
	854 10.2078
	855 10.1634
	856 10.1224
	857 10.0846
	858 10.0501
	859 10.0189
	860 9.99119
	861 9.96683
	862 9.94591
	863 9.92844
	864 9.91444
	865 9.90393
	866 9.89692
	867 9.89341
	868 9.89341
	869 9.89692
	870 9.90393
	871 9.91444
	872 9.92844
	873 9.94591
	874 9.96683
	875 9.99119
	876 10.0189
	877 10.0501
	878 10.0846
	879 10.1224
	880 10.1634
	881 10.2078
	61 10.2553
LINE 53 54 59.6671 6
	882 10.1572
	883 9.90297
	884 9.77335
	885 9.77335
	886 9.90297
	54 10.1572
LINE 54 55 214.947 21
	887 10.6531
	888 10.5303
	889 10.4191
	890 10.32
	891 10.2334
	892 10.1595
	893 10.0987
	894 10.0511
	895 10.017
	896 9.99643
	897 9.98957
	898 9.99643
	899 10.017
	900 10.0511
	901 10.0987
	902 10.1595
	903 10.2334
	904 10.32
	905 10.4191
	906 10.5303
	55 10.6531
LINE 55 56 141.586 14
	907 10.9501
	908 10.577
	909 10.2557
	910 9.99119
	911 9.78814
	912 9.6504
	913 9.58079
	914 9.58079
	915 9.6504
	916 9.78814
	917 9.99119
	918 10.2557
	919 10.577
	56 10.9501
LINE 55 63 127.229 13
	920 10.2341
	921 10.0146
	922 9.83135
	923 9.68643
	924 9.58157
	925 9.5181
	926 9.49685
	927 9.5181
	928 9.58157
	929 9.68643
	930 9.83135
	931 10.0146
	63 10.2341
LINE 56 64 101.142 10
	932 10.9054
	933 10.3922
	934 9.98994
	935 9.71254
	936 9.57083
	937 9.57083
	938 9.71254
	939 9.98994
	940 10.3922
	64 10.9054
LINE 57 58 204.339 20
	941 10.6405
	942 10.5094
	943 10.3914
	944 10.287
	945 10.1967
	946 10.1209
	947 10.0598
	948 10.0137
	949 9.98288
	950 9.96743
	951 9.96743
	952 9.98288
	953 10.0137
	954 10.0598
	955 10.1209
	956 10.1967
	957 10.287
	958 10.3914
	959 10.5094
	58 10.6405
LINE 58 66 96.4792 10
	960 9.91327
	961 9.73807
	962 9.60457
	963 9.51453
	964 9.46919
	965 9.46919
	966 9.51453
	967 9.60457
	968 9.73807
	66 9.91327
LINE 59 60 132.101 13
	969 10.3149
	970 10.2387
	971 10.176
	972 10.1269
	973 10.0917
	974 10.0705
	975 10.0634
	976 10.0705
	977 10.0917
	978 10.1269
	979 10.176
	980 10.2387
	60 10.3149
LINE 60 68 168.707 16
	981 11.2458
	982 10.9732
	983 10.7341
	984 10.5307
	985 10.365
	986 10.2391
	987 10.1542
	988 10.1115
	989 10.1115
	990 10.1542
	991 10.2391
	992 10.365
	993 10.5307
	994 10.7341
	995 10.9732
	68 11.2458
LINE 61 62 143.584 14
	996 10.5271
	997 10.4033
	998 10.2991
	999 10.215
	1000 10.1514
	1001 10.1088
	1002 10.0874
	1003 10.0874
	1004 10.1088
	1005 10.1514
	1006 10.215
	1007 10.2991
	1008 10.4033
	62 10.5271
LINE 61 68 145.79 14
	1009 11.2107
	1010 10.8544
	1011 10.5482
	1012 10.2967
	1013 10.104
	1014 9.9735
	1015 9.90758
	1016 9.90758
	1017 9.9735
	1018 10.104
	1019 10.2967
	1020 10.5482
	1021 10.8544
	68 11.2107
LINE 61 69 206.99 20
	1022 11.2756
	1023 10.9951
	1024 10.7395
	1025 10.5108
	1026 10.3107
	1027 10.141
	1028 10.0031
	1029 9.89843
	1030 9.82803
	1031 9.79264
	1032 9.79264
	1033 9.82803
	1034 9.89843
	1035 10.0031
	1036 10.141
	1037 10.3107
	1038 10.5108
	1039 10.7395
	1040 10.9951
	69 11.2756
LINE 65 66 85.3795 9
	1041 9.63089
	1042 9.52321
	1043 9.44555
	1044 9.39864
	1045 9.38295
	1046 9.39864
	1047 9.44555
	1048 9.52321
	66 9.63089
LINE 65 73 175.273 17
	1049 10.7073
	1050 10.561
	1051 10.4325
	1052 10.3225
	1053 10.2316
	1054 10.1603
	1055 10.1091
	1056 10.0783
	1057 10.068
	1058 10.0783
	1059 10.1091
	1060 10.1603
	1061 10.2316
	1062 10.3225
	1063 10.4325
	1064 10.561
	73 10.7073
LINE 66 75 257.178 26
	1065 10.3031
	1066 10.2063
	1067 10.1168
	1068 10.0347
	1069 9.96029
	1070 9.89365
	1071 9.83497
	1072 9.78439
	1073 9.74204
	1074 9.70803
	1075 9.68244
	1076 9.66534
	1077 9.65678
	1078 9.65678
	1079 9.66534
	1080 9.68244
	1081 9.70803
	1082 9.74204
	1083 9.78439
	1084 9.83497
	1085 9.89365
	1086 9.96029
	1087 10.0347
	1088 10.1168
	1089 10.2063
	75 10.3031
LINE 67 68 120.278 12
	1090 10.4964
	1091 10.2429
	1092 10.0356
	1093 9.87725
	1094 9.77026
	1095 9.71632
	1096 9.71632
	1097 9.77026
	1098 9.87725
	1099 10.0356
	1100 10.2429
	68 10.4964
LINE 68 77 212.93 22
	1101 9.68171
	1102 9.68083
	1103 9.68005
	1104 9.67935
	1105 9.67873
	1106 9.67821
	1107 9.67777
	1108 9.67742
	1109 9.67716
	1110 9.67699
	1111 9.6769
	1112 9.6769
	1113 9.67699
	1114 9.67716
	1115 9.67742
	1116 9.67777
	1117 9.67821
	1118 9.67873
	1119 9.67935
	1120 9.68005
	1121 9.68083
	77 9.68171
LINE 68 78 254.993 25
	1122 10.589
	1123 10.4935
	1124 10.4055
	1125 10.3253
	1126 10.253
	1127 10.1887
	1128 10.1327
	1129 10.0851
	1130 10.046
	1131 10.0154
	1132 9.99355
	1133 9.98041
	1134 9.97602
	1135 9.98041
	1136 9.99355
	1137 10.0154
	1138 10.046
	1139 10.0851
	1140 10.1327
	1141 10.1887
	1142 10.253
	1143 10.3253
	1144 10.4055
	1145 10.4935
	78 10.589
LINE 69 78 137.957 14
	1146 10.4479
	1147 10.1807
	1148 9.95247
	1149 9.76608
	1150 9.62392
	1151 9.52796
	1152 9.47962
	1153 9.47962
	1154 9.52796
	1155 9.62392
	1156 9.76608
	1157 9.95247
	1158 10.1807
	78 10.4479
LINE 70 71 144.75 14
	1159 11.1838
	1160 10.8071
	1161 10.4828
	1162 10.216
	1163 10.0112
	1164 9.87229
	1165 9.80211
	1166 9.80211
	1167 9.87229
	1168 10.0112
	1169 10.216
	1170 10.4828
	1171 10.8071
	71 11.1838
LINE 70 80 289.211 29
	1172 10.4115
	1173 10.3196
	1174 10.2337
	1175 10.1541
	1176 10.0808
	1177 10.0141
	1178 9.95396
	1179 9.90063
	1180 9.85418
	1181 9.8147
	1182 9.78228
	1183 9.75699
	1184 9.73889
	1185 9.72801
	1186 9.72438
	1187 9.72801
	1188 9.73889
	1189 9.75699
	1190 9.78228
	1191 9.8147
	1192 9.85418
	1193 9.90063
	1194 9.95396
	1195 10.0141
	1196 10.0808
	1197 10.1541
	1198 10.2337
	1199 10.3196
	80 10.4115
LINE 72 81 210.986 21
	1200 10.0686
	1201 10.0621
	1202 10.0563
	1203 10.0512
	1204 10.0467
	1205 10.043
	1206 10.0399
	1207 10.0375
	1208 10.0358
	1209 10.0347
	1210 10.0344
	1211 10.0347
	1212 10.0358
	1213 10.0375
	1214 10.0399
	1215 10.043
	1216 10.0467
	1217 10.0512
	1218 10.0563
	1219 10.0621
	81 10.0686
LINE 73 74 81.9342 8
	1220 10.247
	1221 10.2425
	1222 10.2395
	1223 10.238
	1224 10.238
	1225 10.2395
	1226 10.2425
	74 10.247
LINE 74 75 191.538 19
	1227 10.6102
	1228 10.438
	1229 10.2837
	1230 10.1481
	1231 10.0319
	1232 9.93576
	1233 9.86038
	1234 9.80618
	1235 9.77351
	1236 9.7626
	1237 9.77351
	1238 9.80618
	1239 9.86038
	1240 9.93576
	1241 10.0319
	1242 10.1481
	1243 10.2837
	1244 10.438
	75 10.6102
LINE 74 82 160.397 16
	1245 10.8159
	1246 10.5102
	1247 10.2409
	1248 10.011
	1249 9.82316
	1250 9.67991
	1251 9.58322
	1252 9.53451
	1253 9.53451
	1254 9.58322
	1255 9.67991
	1256 9.82316
	1257 10.011
	1258 10.2409
	1259 10.5102
	82 10.8159
LINE 75 76 154.63 15
	1260 10.8081
	1261 10.5985
	1262 10.4178
	1263 10.2676
	1264 10.1493
	1265 10.0639
	1266 10.0123
	1267 9.99504
	1268 10.0123
	1269 10.0639
	1270 10.1493
	1271 10.2676
	1272 10.4178
	1273 10.5985
	76 10.8081
LINE 75 83 170.879 17
	1274 10.3947
	1275 10.2681
	1276 10.157
	1277 10.0621
	1278 9.98372
	1279 9.92235
	1280 9.87829
	1281 9.85175
	1282 9.84289
	1283 9.85175
	1284 9.87829
	1285 9.92235
	1286 9.98372
	1287 10.0621
	1288 10.157
	1289 10.2681
	83 10.3947
LINE 76 84 164.215 16
	1290 11.0011
	1291 10.7152
	1292 10.4639
	1293 10.2498
	1294 10.0752
	1295 9.94227
	1296 9.85265
	1297 9.80753
	1298 9.80753
	1299 9.85265
	1300 9.94227
	1301 10.0752
	1302 10.2498
	1303 10.4639
	1304 10.7152
	84 11.0011
LINE 77 78 91.1646 9
	1305 10.4927
	1306 10.2234
	1307 10.0265
	1308 9.90657
	1309 9.86625
	1310 9.90657
	1311 10.0265
	1312 10.2234
	78 10.4927
LINE 77 85 130.248 13
	1313 10.028
	1314 10.0235
	1315 10.0199
	1316 10.017
	1317 10.0149
	1318 10.0137
	1319 10.0133
	1320 10.0137
	1321 10.0149
	1322 10.017
	1323 10.0199
	1324 10.0235
	85 10.028
LINE 78 85 176.457 18
	1325 9.81288
	1326 9.80946
	1327 9.80646
	1328 9.80389
	1329 9.80175
	1330 9.80004
	1331 9.79876
	1332 9.7979
	1333 9.79747
	1334 9.79747
	1335 9.7979
	1336 9.79876
	1337 9.80004
	1338 9.80175
	1339 9.80389
	1340 9.80646
	1341 9.80946
	85 9.81288
LINE 78 86 155.072 15
	1342 11.0839
	1343 10.774
	1344 10.5047
	1345 10.279
	1346 10.1
	1347 9.97021
	1348 9.8915
	1349 9.86513
	1350 9.8915
	1351 9.97021
	1352 10.1
	1353 10.279
	1354 10.5047
	1355 10.774
	86 11.0839
LINE 79 80 181.788 18
	1356 10.3421
	1357 10.2574
	1358 10.1826
	1359 10.1182
	1360 10.0641
	1361 10.0206
	1362 9.98793
	1363 9.96606
	1364 9.95511
	1365 9.95511
	1366 9.96606
	1367 9.98793
	1368 10.0206
	1369 10.0641
	1370 10.1182
	1371 10.1826
	1372 10.2574
	80 10.3421
LINE 80 81 135.145 14
	1373 9.83962
	1374 9.75428
	1375 9.68258
	1376 9.62484
	1377 9.58131
	1378 9.55217
	1379 9.53757
	1380 9.53757
	1381 9.55217
	1382 9.58131
	1383 9.62484
	1384 9.68258
	1385 9.75428
	81 9.83962
LINE 82 83 83.6577 8
	1386 10.7717
	1387 10.5045
	1388 10.3225
	1389 10.2303
	1390 10.2303
	1391 10.3225
	1392 10.5045
	83 10.7717
COORDENADAS :
1	19.4317	934.151
2	139.594	916.206
3	226.296	906.003
4	351.679	962.079
5	447.129	903.685
6	521.5	943.753
7	639.442	952.435
8	705.04	963.204
9	842.576	913.484
10	925.836	903.098
11	23.6894	854.837
12	136.428	801.194
13	238.359	838.246
14	351.132	860.799
15	442.922	820.891
16	514.783	833.243
17	690.818	845.148
18	787.197	853.311
19	40.0705	714.892
20	97.9705	703.538
21	234.08	701.799
22	311.348	748.361
23	443.008	730.049
24	555.858	743.999
25	607.808	732.899
26	748.342	705.061
27	794.206	709.536
28	897.148	763.771
29	8.74813	625.678
30	244.106	602.775
31	344.132	616.311
32	449.989	617.466
33	505.992	614.072
34	603.194	658.742
35	748.376	661.649
36	846.272	642.16
37	890	611.658
38	0	524.424
39	218.586	512.465
40	349.75	543.123
41	425.381	563.328
42	523.719	550.656
43	657.09	567.364
44	747.857	558.325
45	797.404	525.719
46	7.04337	411.478
47	355.3	451.438
48	437.3	401.673
49	532.29	456.4
50	638.652	456.783
51	695.862	449.833
52	813.392	444.999
53	51.2177	361.788
54	89.389	353.655
55	218.558	300.041
56	303.14	328.804
57	398.099	363.843
58	522.256	316.511
59	639.951	362.967
60	702.081	301.758
61	841.119	315.488
62	926.099	355.958
63	246.778	222.724
64	324.862	268.936
65	447.992	244.792
66	503.078	256.407
67	713.11	225.193
68	789.586	238.802
69	914.988	207.896
70	9.8825	162.442
71	101.241	165.324
72	295.892	158.964
73	449.714	130.701
74	502.685	143.944
75	626.343	143.194
76	716.793	100.664
77	847.627	109.284
78	905.856	119.949
79	34.8537	38.8122
80	154.256	42.0167
81	242.314	29.1006
82	544.424	51.2732
83	596.642	35.6676
84	688.543	0
85	839.519	22.8819
86	950.286	31.8693
87	277.464	264.437
88	400.576	726.304
89	904.711	272.036
90	270.293	203.736
91	212.307	253.786
92	844.956	774.188
93	16.4318	927.361
94	14.0419	920.604
95	12.2619	913.88
96	11.0918	907.189
97	10.5317	900.53
98	10.5815	893.904
99	11.2413	887.311
100	12.511	880.751
101	14.3907	874.223
102	16.8803	867.728
103	19.9799	861.266
104	145.847	911.884
105	152.17	908.152
106	158.562	905.009
107	165.023	902.455
108	171.553	900.491
109	178.153	899.117
110	184.823	898.332
111	191.561	898.137
112	198.37	898.531
113	205.247	899.515
114	212.194	901.088
115	219.21	903.251
116	132.138	916.274
117	124.857	916.012
118	117.751	915.42
119	110.819	914.498
120	104.062	913.245
121	97.4803	911.662
122	91.0732	909.749
123	84.8409	907.506
124	78.7834	904.933
125	72.9008	902.03
126	67.193	898.796
127	61.66	895.232
128	56.3018	891.339
129	51.1184	887.115
130	46.1099	882.56
131	41.2761	877.676
132	36.6172	872.461
133	32.1331	866.917
134	27.8238	861.042
135	228.779	900.09
136	230.985	894.128
137	232.914	888.116
138	234.566	882.055
139	235.94	875.945
140	237.036	869.785
141	237.856	863.576
142	238.398	857.318
143	238.662	851.01
144	238.649	844.653
145	349.156	955.34
146	346.988	948.6
147	345.175	941.857
148	343.718	935.113
149	342.616	928.367
150	341.869	921.619
151	341.477	914.868
152	341.441	908.117
153	341.759	901.363
154	342.433	894.607
155	343.463	887.849
156	344.847	881.089
157	346.587	874.328
158	348.682	867.564
159	446.114	897.351
160	445.215	891.012
161	444.43	884.667
162	443.761	878.315
163	443.207	871.958
164	442.768	865.595
165	442.445	859.226
166	442.236	852.852
167	442.143	846.471
168	442.165	840.085
169	442.302	833.693
170	442.555	827.295
171	527.86	946.845
172	534.243	949.629
173	540.648	952.106
174	547.077	954.276
175	553.527	956.14
176	560.001	957.696
177	566.497	958.946
178	573.015	959.889
179	579.556	960.524
180	586.12	960.853
181	592.706	960.875
182	599.315	960.59
183	605.946	959.998
184	612.6	959.1
185	619.277	957.894
186	625.976	956.381
187	632.698	954.562
188	519.282	937.364
189	517.291	930.96
190	515.529	924.542
191	513.995	918.111
192	512.688	911.666
193	511.609	905.207
194	510.758	898.734
195	510.135	892.247
196	509.74	885.746
197	509.573	879.232
198	509.634	872.704
199	509.922	866.161
200	510.439	859.605
201	511.183	853.036
202	512.155	846.452
203	513.355	839.854
204	646.571	950.045
205	653.574	948.426
206	660.45	947.576
207	667.199	947.498
208	673.822	948.189
209	680.319	949.651
210	686.688	951.884
211	692.932	954.887
212	699.049	958.661
213	643.151	946.884
214	646.759	941.285
215	650.267	935.637
216	653.674	929.942
217	656.981	924.198
218	660.187	918.406
219	663.293	912.566
220	666.298	906.678
221	669.202	900.742
222	672.006	894.757
223	674.709	888.725
224	677.312	882.644
225	679.815	876.515
226	682.216	870.338
227	684.518	864.113
228	686.718	857.84
229	688.819	851.518
230	710.989	960.108
231	716.967	957.092
232	722.974	954.155
233	729.01	951.297
234	735.074	948.52
235	741.168	945.822
236	747.29	943.203
237	753.441	940.665
238	759.62	938.206
239	765.829	935.826
240	772.066	933.526
241	778.332	931.306
242	784.627	929.166
243	790.951	927.105
244	797.303	925.123
245	803.684	923.222
246	810.094	921.4
247	816.533	919.657
248	823.001	917.995
249	829.497	916.412
250	836.022	914.908
251	705.956	956.44
252	706.672	949.7
253	707.187	942.984
254	707.502	936.292
255	707.615	929.625
256	707.528	922.982
257	707.24	916.363
258	706.751	909.768
259	706.061	903.197
260	705.171	896.65
261	704.079	890.128
262	702.787	883.63
263	701.295	877.156
264	699.601	870.706
265	697.706	864.28
266	695.611	857.879
267	693.315	851.502
268	849.322	915.418
269	856.011	916.896
270	862.642	917.919
271	869.217	918.486
272	875.736	918.598
273	882.197	918.254
274	888.602	917.456
275	894.95	916.201
276	901.241	914.491
277	907.475	912.326
278	913.652	909.705
279	919.773	906.629
280	835.577	910.664
281	829.011	907.445
282	822.879	903.827
283	817.18	899.81
284	811.915	895.394
285	807.084	890.579
286	802.685	885.365
287	798.721	879.753
288	795.19	873.741
289	792.092	867.33
290	789.428	860.52
291	24.6766	848.504
292	25.6406	842.168
293	26.5816	835.83
294	27.4995	829.489
295	28.3942	823.146
296	29.2659	816.8
297	30.1144	810.451
298	30.9399	804.099
299	31.7423	797.745
300	32.5215	791.388
301	33.2776	785.028
302	34.0107	778.665
303	34.7206	772.3
304	35.4075	765.932
305	36.0712	759.562
306	36.7118	753.189
307	37.3294	746.813
308	37.9238	740.434
309	38.4951	734.053
310	39.0434	727.668
311	39.5685	721.282
312	130.46	796.494
313	124.967	791.607
314	119.95	786.533
315	115.408	781.272
316	111.341	775.823
317	107.749	770.188
318	104.633	764.365
319	101.991	758.355
320	99.8254	752.158
321	98.1346	745.774
322	96.9192	739.202
323	96.1789	732.444
324	95.9139	725.498
325	96.1242	718.365
326	96.8097	711.045
327	357.056	857.688
328	363.007	854.641
329	368.987	851.659
330	374.994	848.741
331	381.029	845.887
332	387.093	843.098
333	393.184	840.373
334	399.304	837.713
335	405.451	835.116
336	411.626	832.585
337	417.829	830.117
338	424.061	827.714
339	430.32	825.375
340	436.607	823.101
341	353.899	854.605
342	356.757	848.476
343	359.708	842.412
344	362.752	836.412
345	365.887	830.478
346	369.115	824.608
347	372.436	818.803
348	375.848	813.064
349	379.353	807.389
350	382.951	801.778
351	386.64	796.233
352	390.422	790.753
353	394.297	785.337
354	398.263	779.987
355	402.322	774.701
356	406.474	769.48
357	410.717	764.324
358	415.053	759.233
359	419.482	754.207
360	424.002	749.246
361	428.615	744.349
362	433.32	739.518
363	438.118	734.751
364	511.015	827.805
365	507.245	822.369
366	503.474	816.932
367	499.703	811.497
368	495.93	806.062
369	492.156	800.628
370	488.382	795.195
371	484.606	789.762
372	480.829	784.33
373	477.052	778.899
374	473.273	773.469
375	469.493	768.039
376	465.713	762.61
377	461.931	757.181
378	458.148	751.753
379	454.365	746.326
380	450.58	740.9
381	446.795	735.474
382	697.525	842.371
383	704.191	840.068
384	710.817	838.239
385	717.403	836.886
386	723.949	836.006
387	730.455	835.601
388	736.92	835.671
389	743.346	836.215
390	749.731	837.234
391	756.076	838.727
392	762.38	840.695
393	768.645	843.137
394	774.869	846.054
395	781.053	849.445
396	240.594	703.474
397	246.955	705.403
398	253.163	707.587
399	259.217	710.024
400	265.119	712.715
401	270.868	715.66
402	276.463	718.859
403	281.906	722.312
404	287.195	726.018
405	292.332	729.979
406	297.316	734.194
407	302.146	738.662
408	306.824	743.385
409	237.604	695.486
410	240.719	689.132
411	243.426	682.737
412	245.726	676.301
413	247.618	669.823
414	249.102	663.304
415	250.178	656.744
416	250.847	650.142
417	251.107	643.499
418	250.96	636.815
419	250.405	630.09
420	249.442	623.323
421	248.071	616.515
422	246.292	609.666
423	313.757	742.284
424	316.081	736.185
425	318.32	730.065
426	320.475	723.924
427	322.544	717.763
428	324.529	711.58
429	326.43	705.376
430	328.245	699.151
431	329.976	692.905
432	331.622	686.638
433	333.183	680.349
434	334.659	674.04
435	336.051	667.71
436	337.358	661.359
437	338.58	654.986
438	339.717	648.593
439	340.769	642.179
440	341.737	635.743
441	342.62	629.287
442	343.418	622.809
443	450.04	727.686
444	457.022	725.721
445	463.956	724.154
446	470.84	722.985
447	477.675	722.214
448	484.461	721.84
449	491.197	721.865
450	497.885	722.288
451	504.523	723.108
452	511.112	724.327
453	517.652	725.943
454	524.142	727.958
455	530.584	730.37
456	536.976	733.181
457	543.319	736.389
458	549.613	739.995
459	552.762	737.985
460	549.571	732.05
461	546.285	726.195
462	542.904	720.419
463	539.429	714.723
464	535.858	709.106
465	532.193	703.568
466	528.433	698.11
467	524.577	692.731
468	520.627	687.431
469	516.582	682.211
470	512.443	677.07
471	508.208	672.009
472	503.878	667.027
473	499.454	662.125
474	494.934	657.302
475	490.32	652.558
476	485.611	647.894
477	480.807	643.309
478	475.908	638.803
479	470.914	634.377
480	465.825	630.03
481	460.641	625.763
482	455.363	621.575
483	556.453	736.672
484	556.751	729.46
485	556.752	722.361
486	556.456	715.376
487	555.863	708.505
488	554.973	701.749
489	553.786	695.106
490	552.302	688.577
491	550.522	682.162
492	548.444	675.861
493	546.07	669.674
494	543.398	663.601
495	540.43	657.642
496	537.164	651.797
497	533.602	646.065
498	529.743	640.448
499	525.586	634.945
500	521.133	629.556
501	516.383	624.28
502	511.336	619.119
503	613.897	730.125
504	620.015	727.495
505	626.161	725.008
506	632.335	722.666
507	638.538	720.466
508	644.77	718.411
509	651.03	716.499
510	657.318	714.731
511	663.635	713.106
512	669.98	711.626
513	676.354	710.288
514	682.756	709.095
515	689.186	708.045
516	695.645	707.139
517	702.133	706.376
518	708.649	705.757
519	715.193	705.282
520	721.766	704.951
521	728.367	704.763
522	734.997	704.718
523	741.656	704.818
524	751.19	698.861
525	753.089	692.661
526	754.042	686.46
527	754.047	680.259
528	753.104	674.056
529	751.214	667.853
530	800.897	710.705
531	807.474	712.09
532	813.936	713.693
533	820.283	715.512
534	826.517	717.549
535	832.636	719.803
536	838.641	722.273
537	844.531	724.961
538	850.307	727.865
539	855.969	730.987
540	861.517	734.325
541	866.95	737.881
542	872.269	741.653
543	877.473	745.643
544	882.563	749.849
545	887.539	754.273
546	892.401	758.913
547	789.304	705.054
548	784.472	700.503
549	779.712	695.884
550	775.022	691.197
551	770.404	686.443
552	765.856	681.62
553	761.38	676.729
554	756.974	671.77
555	752.64	666.744
556	796.7	703.186
557	799.446	697.03
558	802.444	691.069
559	805.693	685.302
560	809.195	679.73
561	812.948	674.352
562	816.953	669.17
563	821.21	664.181
564	825.719	659.388
565	830.479	654.789
566	835.492	650.385
567	840.756	646.175
568	893.007	758.358
569	889.034	752.875
570	885.23	747.322
571	881.593	741.699
572	878.125	736.005
573	874.824	730.241
574	871.692	724.407
575	868.728	718.502
576	865.932	712.527
577	863.304	706.482
578	860.844	700.366
579	858.553	694.18
580	856.429	687.924
581	854.474	681.597
582	852.687	675.2
583	851.068	668.733
584	849.617	662.195
585	848.334	655.587
586	847.219	648.908
587	10.2132	619.176
588	11.4101	612.697
589	12.3387	606.241
590	12.999	599.809
591	13.3911	593.399
592	13.515	587.013
593	13.3706	580.65
594	12.958	574.31
595	12.2771	567.993
596	11.328	561.699
597	10.1106	555.429
598	8.62496	549.182
599	6.87109	542.957
600	4.84897	536.757
601	2.55861	530.579
602	250.83	603.266
603	257.546	603.815
604	264.254	604.424
605	270.955	605.091
606	277.647	605.817
607	284.331	606.602
608	291.007	607.445
609	297.676	608.348
610	304.336	609.309
611	310.989	610.329
612	317.633	611.408
613	324.27	612.545
614	330.898	613.742
615	337.519	614.997
616	241.718	596.484
617	239.417	590.169
618	237.202	583.828
619	235.075	577.464
620	233.035	571.074
621	231.082	564.661
622	229.215	558.222
623	227.436	551.759
624	225.743	545.272
625	224.138	538.76
626	222.619	532.223
627	221.188	525.662
628	219.843	519.076
629	350.704	620.389
630	357.282	623.934
631	363.866	626.944
632	370.456	629.42
633	377.052	631.362
634	383.653	632.77
635	390.261	633.643
636	396.874	633.982
637	403.493	633.788
638	410.118	633.058
639	416.748	631.795
640	423.385	629.998
641	430.027	627.666
642	436.675	624.8
643	443.329	621.401
644	456.263	617.94
645	462.525	618.201
646	468.773	618.249
647	475.008	618.084
648	481.231	617.707
649	487.441	617.117
650	493.637	616.315
651	499.821	615.3
652	449.42	610.467
653	448.309	603.714
654	446.657	597.207
655	444.464	590.945
656	441.729	584.93
657	438.454	579.161
658	434.638	573.637
659	430.28	568.36
660	600.967	652.053
661	598.556	645.499
662	595.962	639.081
663	593.183	632.798
664	590.221	626.65
665	587.075	620.637
666	583.745	614.759
667	580.231	609.017
668	576.533	603.41
669	572.651	597.938
670	568.586	592.601
671	564.336	587.4
672	559.902	582.334
673	555.285	577.403
674	550.484	572.607
675	545.499	567.946
676	540.33	563.421
677	534.977	559.031
678	529.44	554.776
679	609.517	654.773
680	615.446	650.572
681	620.981	646.139
682	626.122	641.473
683	630.869	636.575
684	635.222	631.445
685	639.182	626.082
686	642.747	620.487
687	645.919	614.66
688	648.696	608.601
689	651.08	602.309
690	653.07	595.784
691	654.666	589.028
692	655.868	582.039
693	656.676	574.817
694	751.639	655.175
695	754.462	648.703
696	756.846	642.233
697	758.791	635.765
698	760.296	629.3
699	761.362	622.836
700	761.988	616.375
701	762.176	609.917
702	761.923	603.46
703	761.232	597.005
704	760.101	590.553
705	758.531	584.103
706	756.522	577.655
707	754.073	571.21
708	751.185	564.766
709	886.27	605.903
710	882.413	600.284
711	878.429	594.803
712	874.318	589.459
713	870.08	584.251
714	865.714	579.18
715	861.222	574.247
716	856.603	569.45
717	851.856	564.79
718	846.983	560.267
719	841.982	555.88
720	836.855	551.631
721	831.6	547.519
722	826.219	543.543
723	820.71	539.704
724	815.074	536.003
725	809.311	532.438
726	803.421	529.01
727	0.343434	517.776
728	0.695728	511.128
729	1.05688	504.481
730	1.4269	497.834
731	1.80577	491.188
732	2.19351	484.543
733	2.5901	477.898
734	2.99556	471.253
735	3.40987	464.609
736	3.83305	457.966
737	4.26508	451.323
738	4.70598	444.681
739	5.15574	438.039
740	5.61435	431.398
741	6.08183	424.758
742	6.55817	418.118
743	353.254	536.762
744	356.281	530.373
745	358.829	523.954
746	360.899	517.506
747	362.49	511.03
748	363.604	504.524
749	364.24	497.99
750	364.397	491.426
751	364.076	484.834
752	363.277	478.212
753	362	471.562
754	360.245	464.883
755	358.012	458.175
756	431.74	560.952
757	438.126	558.794
758	444.541	556.855
759	450.984	555.135
760	457.456	553.634
761	463.955	552.351
762	470.483	551.287
763	477.039	550.443
764	483.623	549.817
765	490.235	549.409
766	496.875	549.221
767	503.544	549.252
768	510.241	549.501
769	516.966	549.969
770	523.594	543.856
771	523.581	537.067
772	523.683	530.288
773	523.897	523.519
774	524.226	516.761
775	524.668	510.013
776	525.223	503.275
777	525.892	496.548
778	526.675	489.831
779	527.571	483.124
780	528.58	476.428
781	529.703	469.742
782	530.94	463.066
783	11.7408	406.758
784	16.3761	401.983
785	20.9491	397.152
786	25.4599	392.266
787	29.9084	387.325
788	34.2947	382.328
789	38.6188	377.276
790	42.8807	372.169
791	47.0803	367.006
792	430.351	400.559
793	423.504	399.258
794	416.758	397.771
795	410.113	396.096
796	403.57	394.235
797	397.129	392.188
798	390.788	389.953
799	384.55	387.532
800	378.412	384.924
801	372.376	382.129
802	366.442	379.148
803	360.609	375.979
804	354.877	372.625
805	349.247	369.083
806	343.719	365.354
807	338.291	361.439
808	332.965	357.337
809	327.741	353.048
810	322.618	348.573
811	317.596	343.911
812	312.676	339.062
813	307.858	334.026
814	431.923	397.438
815	426.682	393.062
816	421.578	388.545
817	416.61	383.887
818	411.778	379.088
819	407.082	374.147
820	402.522	369.066
821	538.943	454.993
822	545.595	453.777
823	552.246	452.751
824	558.897	451.916
825	565.547	451.272
826	572.196	450.819
827	578.845	450.557
828	585.493	450.485
829	592.14	450.604
830	598.787	450.915
831	605.433	451.416
832	612.078	452.107
833	618.723	452.99
834	625.366	454.063
835	632.01	455.328
836	702.316	447.719
837	708.778	445.822
838	715.249	444.142
839	721.73	442.68
840	728.219	441.434
841	734.717	440.405
842	741.224	439.594
843	747.741	439
844	754.266	438.623
845	760.799	438.463
846	767.342	438.52
847	773.894	438.794
848	780.455	439.285
849	787.024	439.994
850	793.603	440.919
851	800.191	442.062
852	806.787	443.422
853	701.927	446.678
854	707.907	443.43
855	713.804	440.092
856	719.616	436.663
857	725.343	433.142
858	730.986	429.53
859	736.545	425.827
860	742.02	422.033
861	747.41	418.148
862	752.715	414.171
863	757.937	410.103
864	763.074	405.944
865	768.127	401.694
866	773.095	397.353
867	777.979	392.92
868	782.779	388.396
869	787.494	383.781
870	792.126	379.075
871	796.672	374.278
872	801.135	369.389
873	805.513	364.41
874	809.806	359.339
875	814.016	354.177
876	818.141	348.923
877	822.181	343.579
878	826.138	338.143
879	830.01	332.616
880	833.797	326.998
881	837.5	321.289
882	57.9718	362.273
883	64.569	362.022
884	71.0093	361.035
885	77.2928	359.311
886	83.4193	356.851
887	94.594	348.823
888	99.8936	344.219
889	105.288	339.843
890	110.777	335.695
891	116.36	331.774
892	122.038	328.082
893	127.811	324.617
894	133.678	321.381
895	139.639	318.372
896	145.696	315.591
897	151.847	313.038
898	158.092	310.713
899	164.432	308.615
900	170.867	306.746
901	177.396	305.104
902	184.02	303.691
903	190.738	302.505
904	197.551	301.547
905	204.459	300.817
906	211.461	300.315
907	225.741	298.739
908	232.748	297.953
909	239.58	297.684
910	246.236	297.931
911	252.717	298.694
912	259.022	299.974
913	265.151	301.771
914	271.105	304.083
915	276.883	306.912
916	282.486	310.258
917	287.913	314.12
918	293.164	318.498
919	298.24	323.393
920	223.117	294.965
921	227.279	289.744
922	231.042	284.378
923	234.407	278.866
924	237.374	273.209
925	239.943	267.407
926	242.114	261.46
927	243.886	255.367
928	245.261	249.129
929	246.237	242.746
930	246.816	236.217
931	246.996	229.543
932	302.016	321.621
933	301.624	314.704
934	301.965	308.053
935	303.039	301.667
936	304.844	295.548
937	307.383	289.694
938	310.654	284.106
939	314.657	278.783
940	319.394	273.727
941	405.192	363.8
942	412.193	363.512
943	419.1	362.98
944	425.914	362.203
945	432.634	361.181
946	439.262	359.915
947	445.796	358.404
948	452.237	356.649
949	458.584	354.649
950	464.839	352.405
951	471	349.916
952	477.068	347.183
953	483.043	344.205
954	488.924	340.982
955	494.713	337.515
956	500.408	333.804
957	506.01	329.847
958	511.518	325.647
959	516.934	321.201
960	518.463	311.099
961	515.087	305.554
962	512.128	299.876
963	509.585	294.065
964	507.459	288.121
965	505.75	282.044
966	504.457	275.834
967	503.581	269.491
968	503.121	263.015
969	643.671	357.184
970	647.567	351.579
971	651.641	346.154
972	655.89	340.908
973	660.316	335.842
974	664.919	330.954
975	669.698	326.246
976	674.654	321.716
977	679.786	317.366
978	685.095	313.195
979	690.58	309.204
980	696.242	305.391
981	709.47	300.493
982	716.604	298.872
983	723.482	296.895
984	730.103	294.561
985	736.468	291.872
986	742.578	288.827
987	748.431	285.427
988	754.028	281.67
989	759.369	277.557
990	764.454	273.088
991	769.283	268.264
992	773.855	263.083
993	778.172	257.547
994	782.233	251.654
995	786.037	245.406
996	848.055	316.561
997	854.857	317.914
998	861.526	319.547
999	868.062	321.459
1000	874.465	323.651
1001	880.735	326.122
1002	886.872	328.873
1003	892.875	331.903
1004	898.745	335.214
1005	904.482	338.803
1006	910.086	342.673
1007	915.557	346.821
1008	920.895	351.25
1009	840.35	308.054
1010	839.132	300.921
1011	837.467	294.089
1012	835.354	287.558
1013	832.792	281.328
1014	829.783	275.399
1015	826.326	269.771
1016	822.421	264.443
1017	818.068	259.417
1018	813.268	254.692
1019	808.019	250.268
1020	802.322	246.145
1021	796.178	242.323
1022	841.737	307.996
1023	842.677	300.727
1024	843.942	293.68
1025	845.531	286.855
1026	847.443	280.253
1027	849.679	273.873
1028	852.239	267.715
1029	855.123	261.78
1030	858.331	256.066
1031	861.863	250.576
1032	865.718	245.307
1033	869.897	240.261
1034	874.4	235.437
1035	879.227	230.836
1036	884.378	226.457
1037	889.852	222.3
1038	895.65	218.365
1039	901.773	214.653
1040	908.218	211.163
1041	453.814	247.499
1042	459.711	249.851
1043	465.682	251.85
1044	471.728	253.495
1045	477.849	254.785
1046	484.044	255.722
1047	490.314	256.304
1048	496.659	256.533
1049	445.664	238.044
1050	443.639	231.3
1051	441.919	224.562
1052	440.501	217.828
1053	439.388	211.098
1054	438.578	204.373
1055	438.072	197.653
1056	437.87	190.937
1057	437.971	184.226
1058	438.376	177.519
1059	439.085	170.817
1060	440.097	164.119
1061	441.413	157.426
1062	443.033	150.738
1063	444.956	144.054
1064	447.183	137.375
1065	506.198	250.287
1066	509.448	244.309
1067	512.827	238.472
1068	516.336	232.777
1069	519.975	227.222
1070	523.743	221.809
1071	527.641	216.537
1072	531.669	211.406
1073	535.826	206.416
1074	540.113	201.568
1075	544.53	196.86
1076	549.076	192.294
1077	553.752	187.869
1078	558.558	183.586
1079	563.494	179.443
1080	568.559	175.442
1081	573.754	171.581
1082	579.078	167.863
1083	584.532	164.285
1084	590.116	160.848
1085	595.83	157.553
1086	601.673	154.399
1087	607.646	151.386
1088	613.748	148.514
1089	619.981	145.783
1090	719.949	223.71
1091	726.703	222.703
1092	733.372	222.172
1093	739.957	222.116
1094	746.457	222.536
1095	752.872	223.433
1096	759.203	224.804
1097	765.449	226.652
1098	771.61	228.976
1099	777.686	231.775
1100	783.678	235.05
1101	792.41	232.998
1102	795.216	227.186
1103	798.005	221.366
1104	800.776	215.538
1105	803.529	209.703
1106	806.264	203.859
1107	808.982	198.008
1108	811.682	192.149
1109	814.365	186.281
1110	817.03	180.406
1111	819.677	174.523
1112	822.306	168.632
1113	824.918	162.733
1114	827.512	156.826
1115	830.088	150.911
1116	832.647	144.988
1117	835.188	139.057
1118	837.711	133.118
1119	840.216	127.172
1120	842.704	121.217
1121	845.174	115.255
1122	795.928	235.703
1123	802.13	232.466
1124	808.191	229.091
1125	814.111	225.578
1126	819.89	221.928
1127	825.527	218.139
1128	831.024	214.213
1129	836.38	210.148
1130	841.595	205.946
1131	846.669	201.606
1132	851.601	197.127
1133	856.393	192.511
1134	861.044	187.757
1135	865.554	182.865
1136	869.923	177.835
1137	874.15	172.667
1138	878.237	167.361
1139	882.183	161.917
1140	885.988	156.336
1141	889.652	150.616
1142	893.174	144.758
1143	896.556	138.763
1144	899.797	132.629
1145	902.897	126.358
1146	911.414	201.917
1147	908.29	195.892
1148	905.615	189.82
1149	903.39	183.701
1150	901.614	177.536
1151	900.287	171.324
1152	899.41	165.066
1153	898.983	158.76
1154	899.005	152.409
1155	899.476	146.01
1156	900.397	139.565
1157	901.767	133.073
1158	903.586	126.534
1159	16.5216	159.049
1160	23.1433	156.21
1161	29.7475	153.924
1162	36.3343	152.192
1163	42.9036	151.014
1164	49.4554	150.389
1165	55.9897	150.318
1166	62.5066	150.801
1167	69.006	151.837
1168	75.488	153.427
1169	81.9525	155.571
1170	88.3995	158.268
1171	94.8291	161.519
1172	16.4493	160.193
1173	22.9026	157.809
1174	29.2425	155.289
1175	35.4689	152.632
1176	41.5818	149.84
1177	47.5813	146.912
1178	53.4674	143.847
1179	59.2399	140.647
1180	64.8991	137.31
1181	70.4447	133.838
1182	75.8769	130.229
1183	81.1957	126.485
1184	86.401	122.604
1185	91.4928	118.588
1186	96.4712	114.435
1187	101.336	110.146
1188	106.088	105.722
1189	110.726	101.161
1190	115.25	96.4644
1191	119.661	91.6317
1192	123.959	86.663
1193	128.143	81.5583
1194	132.214	76.3175
1195	136.171	70.9408
1196	140.015	65.428
1197	143.745	59.7792
1198	147.362	53.9944
1199	150.866	48.0735
1200	292.829	152.991
1201	289.818	146.997
1202	286.858	140.981
1203	283.948	134.945
1204	281.09	128.888
1205	278.283	122.809
1206	275.528	116.71
1207	272.823	110.589
1208	270.169	104.447
1209	267.567	98.2843
1210	265.015	92.1003
1211	262.515	85.8952
1212	260.066	79.6691
1213	257.668	73.4219
1214	255.321	67.1535
1215	253.025	60.8641
1216	250.781	54.5536
1217	248.587	48.222
1218	246.445	41.8693
1219	244.354	35.4955
1220	456.265	132.636
1221	462.837	134.491
1222	469.428	136.267
1223	476.04	137.962
1224	482.671	139.578
1225	489.322	141.113
1226	495.994	142.568
1227	509.21	146.674
1228	515.734	149.097
1229	522.255	151.213
1230	528.774	153.02
1231	535.292	154.52
1232	541.808	155.711
1233	548.322	156.595
1234	554.834	157.172
1235	561.344	157.44
1236	567.852	157.4
1237	574.359	157.053
1238	580.863	156.398
1239	587.366	155.435
1240	593.867	154.164
1241	600.366	152.586
1242	606.863	150.7
1243	613.358	148.505
1244	619.851	146.004
1245	508.405	139.553
1246	513.71	134.975
1247	518.6	130.211
1248	523.075	125.26
1249	527.135	120.122
1250	530.781	114.797
1251	534.012	109.285
1252	536.828	103.587
1253	539.229	97.7014
1254	541.216	91.6293
1255	542.788	85.3703
1256	543.944	78.9245
1257	544.687	72.2919
1258	545.014	65.4725
1259	544.926	58.4663
1260	631.206	137.877
1261	636.236	132.915
1262	641.433	128.308
1263	646.796	124.055
1264	652.326	120.156
1265	658.023	116.612
1266	663.886	113.422
1267	669.917	110.587
1268	676.113	108.106
1269	682.477	105.98
1270	689.007	104.208
1271	695.703	102.79
1272	702.567	101.727
1273	709.597	101.019
1274	622.448	137.462
1275	618.822	131.656
1276	615.464	125.776
1277	612.375	119.821
1278	609.554	113.793
1279	607.001	107.69
1280	604.718	101.513
1281	602.702	95.2626
1282	600.955	88.9375
1283	599.476	82.5383
1284	598.266	76.0649
1285	597.324	69.5174
1286	596.651	62.8957
1287	596.246	56.1999
1288	596.109	49.43
1289	596.241	42.5858
1290	718.234	93.4731
1291	719.247	86.4019
1292	719.832	79.4506
1293	719.99	72.6192
1294	719.72	65.9078
1295	719.023	59.3164
1296	717.899	52.8449
1297	716.347	46.4934
1298	714.368	40.2619
1299	711.961	34.1503
1300	709.126	28.1587
1301	705.865	22.287
1302	702.175	16.5353
1303	698.059	10.9036
1304	693.515	5.39181
1305	853.668	112.811
1306	859.816	115.753
1307	866.071	118.108
1308	872.434	119.879
1309	878.904	121.064
1310	885.481	121.663
1311	892.165	121.677
1312	898.957	121.106
1313	846.642	102.672
1314	845.718	96.0537
1315	844.854	89.4299
1316	844.05	82.8005
1317	843.306	76.1655
1318	842.622	69.5248
1319	841.998	62.8784
1320	841.435	56.2264
1321	840.932	49.5688
1322	840.488	42.9055
1323	840.105	36.2366
1324	839.782	29.5621
1325	902.473	114.349
1326	899.055	108.774
1327	895.602	103.223
1328	892.112	97.6961
1329	888.588	92.1938
1330	885.027	86.7159
1331	881.431	81.2624
1332	877.799	75.8333
1333	874.131	70.4285
1334	870.428	65.0481
1335	866.689	59.692
1336	862.915	54.3603
1337	859.105	49.053
1338	855.259	43.77
1339	851.378	38.5114
1340	847.46	33.2772
1341	843.508	28.0674
1342	911.825	115.594
1343	917.365	111.022
1344	922.476	106.234
1345	927.156	101.229
1346	931.408	96.0074
1347	935.229	90.569
1348	938.621	84.9137
1349	941.583	79.0418
1350	944.115	72.9531
1351	946.218	66.6476
1352	947.891	60.1254
1353	949.134	53.3865
1354	949.948	46.4308
1355	950.332	39.2584
1356	41.4369	40.8613
1357	48.026	42.6902
1358	54.6211	44.299
1359	61.222	45.6877
1360	67.8288	46.8563
1361	74.4416	47.8047
1362	81.0603	48.5331
1363	87.6848	49.0413
1364	94.3153	49.3294
1365	100.952	49.3973
1366	107.594	49.2452
1367	114.242	48.8729
1368	120.896	48.2805
1369	127.556	47.468
1370	134.222	46.4353
1371	140.894	45.1826
1372	147.572	43.7097
1373	160.311	39.4936
1374	166.402	37.2167
1375	172.529	35.1861
1376	178.693	33.4017
1377	184.892	31.8635
1378	191.128	30.5716
1379	197.4	29.5259
1380	203.708	28.7265
1381	210.052	28.1732
1382	216.432	27.8663
1383	222.848	27.8055
1384	229.3	27.991
1385	235.789	28.4227
1386	550.301	47.1462
1387	556.364	43.6411
1388	562.612	40.7577
1389	569.046	38.4961
1390	575.666	36.8562
1391	582.472	35.8382
1392	589.464	35.442
