NOMBRE : MTLARP9_9_4_1.dat
VERTICES ORIGINALES : 69
VERTICES TOTALES : 865
DEPOTS : 4
66
67
68
69
LINEAS ORIGINALES : 53
LINE 1 2 155.829 15
	70 11.323
	71 10.9376
	72 10.6006
	73 10.3166
	74 10.0903
	75 9.92539
	76 9.82515
	77 9.79151
	78 9.82515
	79 9.92539
	80 10.0903
	81 10.3166
	82 10.6006
	83 10.9376
	2 11.323
LINE 3 4 149.027 14
	84 11.2275
	85 10.9646
	86 10.7407
	87 10.5581
	88 10.419
	89 10.3253
	90 10.2781
	91 10.2781
	92 10.3253
	93 10.419
	94 10.5581
	95 10.7407
	96 10.9646
	4 11.2275
LINE 5 6 125.895 12
	97 11.1303
	98 10.7899
	99 10.5097
	100 10.2945
	101 10.1485
	102 10.0747
	103 10.0747
	104 10.1485
	105 10.2945
	106 10.5097
	107 10.7899
	6 11.1303
LINE 5 12 167.469 16
	108 10.5703
	109 10.5291
	110 10.4936
	111 10.464
	112 10.4402
	113 10.4224
	114 10.4104
	115 10.4045
	116 10.4045
	117 10.4104
	118 10.4224
	119 10.4402
	120 10.464
	121 10.4936
	122 10.5291
	12 10.5703
LINE 7 14 205.56 19
	123 11.7128
	124 11.4259
	125 11.1667
	126 10.937
	127 10.7389
	128 10.574
	129 10.444
	130 10.3501
	131 10.2933
	132 10.2743
	133 10.2933
	134 10.3501
	135 10.444
	136 10.574
	137 10.7389
	138 10.937
	139 11.1667
	140 11.4259
	14 11.7128
LINE 8 9 241.816 23
	141 11.4976
	142 11.241
	143 11.0037
	144 10.7869
	145 10.592
	146 10.4201
	147 10.2724
	148 10.1499
	149 10.0537
	150 9.98433
	151 9.9425
	152 9.92852
	153 9.9425
	154 9.98433
	155 10.0537
	156 10.1499
	157 10.2724
	158 10.4201
	159 10.592
	160 10.7869
	161 11.0037
	162 11.241
	9 11.4976
LINE 9 10 91.0109 9
	163 10.4974
	164 10.2121
	165 10.0034
	166 9.876
	167 9.83318
	168 9.876
	169 10.0034
	170 10.2121
	10 10.4974
LINE 9 17 261.31 24
	171 12.4197
	172 12.0459
	173 11.6956
	174 11.3712
	175 11.0748
	176 10.8088
	177 10.5755
	178 10.3771
	179 10.2155
	180 10.0927
	181 10.01
	182 9.96835
	183 9.96835
	184 10.01
	185 10.0927
	186 10.2155
	187 10.3771
	188 10.5755
	189 10.8088
	190 11.0748
	191 11.3712
	192 11.6956
	193 12.0459
	17 12.4197
LINE 11 18 105.95 10
	194 11.8121
	195 11.0327
	196 10.4099
	197 9.97311
	198 9.74739
	199 9.74739
	200 9.97311
	201 10.4099
	202 11.0327
	18 11.8121
LINE 12 19 162.19 16
	203 10.1747
	204 10.1596
	205 10.1466
	206 10.1358
	207 10.1272
	208 10.1207
	209 10.1163
	210 10.1142
	211 10.1142
	212 10.1163
	213 10.1207
	214 10.1272
	215 10.1358
	216 10.1466
	217 10.1596
	19 10.1747
LINE 13 21 201.036 19
	218 11.0959
	219 10.928
	220 10.7778
	221 10.6458
	222 10.5329
	223 10.4396
	224 10.3664
	225 10.3138
	226 10.2822
	227 10.2716
	228 10.2822
	229 10.3138
	230 10.3664
	231 10.4396
	232 10.5329
	233 10.6458
	234 10.7778
	235 10.928
	21 11.0959
LINE 14 15 163.074 16
	236 10.7643
	237 10.541
	238 10.3458
	239 10.1802
	240 10.0458
	241 9.94383
	242 9.87525
	243 9.84078
	244 9.84078
	245 9.87525
	246 9.94383
	247 10.0458
	248 10.1802
	249 10.3458
	250 10.541
	15 10.7643
LINE 15 22 200.515 19
	251 11.6282
	252 11.2862
	253 10.9756
	254 10.6991
	255 10.4595
	256 10.2592
	257 10.1007
	258 9.98597
	259 9.91648
	260 9.89321
	261 9.91648
	262 9.98597
	263 10.1007
	264 10.2592
	265 10.4595
	266 10.6991
	267 10.9756
	268 11.2862
	22 11.6282
LINE 16 24 100.578 9
	269 12.3992
	270 11.5133
	271 10.8363
	272 10.409
	273 10.2626
	274 10.409
	275 10.8363
	276 11.5133
	24 12.3992
LINE 17 26 160.65 14
	277 13.0607
	278 12.3694
	279 11.7622
	280 11.2529
	281 10.8553
	282 10.5819
	283 10.4426
	284 10.4426
	285 10.5819
	286 10.8553
	287 11.2529
	288 11.7622
	289 12.3694
	26 13.0607
LINE 18 27 245.385 23
	290 11.8542
	291 11.5475
	292 11.2629
	293 11.0019
	294 10.7665
	295 10.5581
	296 10.3786
	297 10.2293
	298 10.1117
	299 10.0269
	300 9.97561
	301 9.95847
	302 9.97561
	303 10.0269
	304 10.1117
	305 10.2293
	306 10.3786
	307 10.5581
	308 10.7665
	309 11.0019
	310 11.2629
	311 11.5475
	27 11.8542
LINE 20 28 209.656 21
	312 10.017
	313 10.007
	314 9.99806
	315 9.99014
	316 9.98327
	317 9.97746
	318 9.9727
	319 9.96899
	320 9.96634
	321 9.96476
	322 9.96423
	323 9.96476
	324 9.96634
	325 9.96899
	326 9.9727
	327 9.97746
	328 9.98327
	329 9.99014
	330 9.99806
	331 10.007
	28 10.017
LINE 23 32 267.529 25
	332 11.7354
	333 11.4887
	334 11.2586
	335 11.0464
	336 10.853
	337 10.6795
	338 10.5267
	339 10.3957
	340 10.2873
	341 10.2022
	342 10.141
	343 10.104
	344 10.0917
	345 10.104
	346 10.141
	347 10.2022
	348 10.2873
	349 10.3957
	350 10.5267
	351 10.6795
	352 10.853
	353 11.0464
	354 11.2586
	355 11.4887
	32 11.7354
LINE 24 32 216.848 20
	356 11.6644
	357 11.4138
	358 11.1864
	359 10.9835
	360 10.8066
	361 10.6569
	362 10.5357
	363 10.4438
	364 10.3821
	365 10.3511
	366 10.3511
	367 10.3821
	368 10.4438
	369 10.5357
	370 10.6569
	371 10.8066
	372 10.9835
	373 11.1864
	374 11.4138
	32 11.6644
LINE 25 33 128.592 13
	375 9.96328
	376 9.92758
	377 9.89828
	378 9.87543
	379 9.85908
	380 9.84925
	381 9.84598
	382 9.84925
	383 9.85908
	384 9.87543
	385 9.89828
	386 9.92758
	33 9.96328
LINE 27 35 119.853 11
	387 12.3409
	388 11.5153
	389 10.8297
	390 10.3122
	391 9.98877
	392 9.87861
	393 9.98877
	394 10.3122
	395 10.8297
	396 11.5153
	35 12.3409
LINE 28 36 180.076 16
	397 12.5924
	398 12.0841
	399 11.6309
	400 11.2392
	401 10.9157
	402 10.6667
	403 10.4973
	404 10.4117
	405 10.4117
	406 10.4973
	407 10.6667
	408 10.9157
	409 11.2392
	410 11.6309
	411 12.0841
	36 12.5924
LINE 29 37 115.559 11
	412 10.9284
	413 10.6784
	414 10.4798
	415 10.3356
	416 10.2481
	417 10.2188
	418 10.2481
	419 10.3356
	420 10.4798
	421 10.6784
	37 10.9284
LINE 30 39 110.699 11
	422 10.4272
	423 10.2119
	424 10.0413
	425 9.91759
	426 9.84264
	427 9.81753
	428 9.84264
	429 9.91759
	430 10.0413
	431 10.2119
	39 10.4272
LINE 31 40 212.003 19
	432 12.5259
	433 12.0946
	434 11.7009
	435 11.3485
	436 11.0417
	437 10.7841
	438 10.5794
	439 10.4308
	440 10.3406
	441 10.3103
	442 10.3406
	443 10.4308
	444 10.5794
	445 10.7841
	446 11.0417
	447 11.3485
	448 11.7009
	449 12.0946
	40 12.5259
LINE 32 33 179.982 17
	450 11.5736
	451 11.2187
	452 10.9017
	453 10.6261
	454 10.3952
	455 10.212
	456 10.0791
	457 9.99851
	458 9.97151
	459 9.99851
	460 10.0791
	461 10.212
	462 10.3952
	463 10.6261
	464 10.9017
	465 11.2187
	33 11.5736
LINE 33 34 157.195 14
	466 12.8489
	467 12.144
	468 11.5238
	469 11.0024
	470 10.5945
	471 10.3137
	472 10.1703
	473 10.1703
	474 10.3137
	475 10.5945
	476 11.0024
	477 11.5238
	478 12.144
	34 12.8489
LINE 34 35 96.1071 9
	479 11.161
	480 10.8044
	481 10.5423
	482 10.3819
	483 10.3279
	484 10.3819
	485 10.5423
	486 10.8044
	35 11.161
LINE 37 46 167.297 16
	487 11.2846
	488 10.9645
	489 10.6824
	490 10.4416
	491 10.2449
	492 10.0948
	493 9.9935
	494 9.94246
	495 9.94246
	496 9.9935
	497 10.0948
	498 10.2449
	499 10.4416
	500 10.6824
	501 10.9645
	46 11.2846
LINE 38 39 116.22 11
	502 10.6654
	503 10.6056
	504 10.5589
	505 10.5254
	506 10.5052
	507 10.4985
	508 10.5052
	509 10.5254
	510 10.5589
	511 10.6056
	39 10.6654
LINE 38 47 130.911 13
	512 10.1331
	513 10.1017
	514 10.0759
	515 10.0558
	516 10.0414
	517 10.0328
	518 10.0299
	519 10.0328
	520 10.0414
	521 10.0558
	522 10.0759
	523 10.1017
	47 10.1331
LINE 39 40 176.413 17
	524 10.6075
	525 10.522
	526 10.4474
	527 10.3838
	528 10.3315
	529 10.2906
	530 10.2613
	531 10.2437
	532 10.2379
	533 10.2437
	534 10.2613
	535 10.2906
	536 10.3315
	537 10.3838
	538 10.4474
	539 10.522
	40 10.6075
LINE 39 49 255.139 23
	540 12.5835
	541 12.2019
	542 11.8461
	543 11.5184
	544 11.2213
	545 10.9573
	546 10.7288
	547 10.5382
	548 10.3875
	549 10.2786
	550 10.2126
	551 10.1905
	552 10.2126
	553 10.2786
	554 10.3875
	555 10.5382
	556 10.7288
	557 10.9573
	558 11.2213
	559 11.5184
	560 11.8461
	561 12.2019
	49 12.5835
LINE 40 41 196.883 19
	562 10.5789
	563 10.5074
	564 10.4439
	565 10.3885
	566 10.3415
	567 10.3028
	568 10.2727
	569 10.2511
	570 10.2381
	571 10.2338
	572 10.2381
	573 10.2511
	574 10.2727
	575 10.3028
	576 10.3415
	577 10.3885
	578 10.4439
	579 10.5074
	41 10.5789
LINE 41 42 76.169 7
	580 11.3815
	581 10.8868
	582 10.579
	583 10.4743
	584 10.579
	585 10.8868
	42 11.3815
LINE 41 49 218.76 21
	586 10.6716
	587 10.5962
	588 10.5282
	589 10.4679
	590 10.4153
	591 10.3706
	592 10.3339
	593 10.3052
	594 10.2847
	595 10.2724
	596 10.2683
	597 10.2724
	598 10.2847
	599 10.3052
	600 10.3339
	601 10.3706
	602 10.4153
	603 10.4679
	604 10.5282
	605 10.5962
	49 10.6716
LINE 43 44 240.734 23
	606 10.7838
	607 10.6986
	608 10.6209
	609 10.5509
	610 10.4887
	611 10.4346
	612 10.3885
	613 10.3507
	614 10.3212
	615 10.3001
	616 10.2874
	617 10.2831
	618 10.2874
	619 10.3001
	620 10.3212
	621 10.3507
	622 10.3885
	623 10.4346
	624 10.4887
	625 10.5509
	626 10.6209
	627 10.6986
	44 10.7838
LINE 43 53 231.466 22
	628 11.1104
	629 10.9465
	630 10.7969
	631 10.6621
	632 10.5428
	633 10.4394
	634 10.3525
	635 10.2824
	636 10.2295
	637 10.1941
	638 10.1764
	639 10.1764
	640 10.1941
	641 10.2295
	642 10.2824
	643 10.3525
	644 10.4394
	645 10.5428
	646 10.6621
	647 10.7969
	648 10.9465
	53 11.1104
LINE 44 53 182.425 17
	649 11.9008
	650 11.4827
	651 11.1076
	652 10.7801
	653 10.5045
	654 10.285
	655 10.1254
	656 10.0284
	657 9.99582
	658 10.0284
	659 10.1254
	660 10.285
	661 10.5045
	662 10.7801
	663 11.1076
	664 11.4827
	53 11.9008
LINE 45 54 157.465 15
	665 10.8009
	666 10.6726
	667 10.5627
	668 10.472
	669 10.4009
	670 10.3499
	671 10.3191
	672 10.3088
	673 10.3191
	674 10.3499
	675 10.4009
	676 10.472
	677 10.5627
	678 10.6726
	54 10.8009
LINE 48 49 137.89 14
	679 9.87206
	680 9.86157
	681 9.85282
	682 9.84582
	683 9.84057
	684 9.83706
	685 9.83531
	686 9.83531
	687 9.83706
	688 9.84057
	689 9.84582
	690 9.85282
	691 9.86157
	49 9.87206
LINE 50 57 151.988 14
	692 12.3482
	693 11.6975
	694 11.1263
	695 10.6472
	696 10.2732
	697 10.0162
	698 9.88516
	699 9.88516
	700 10.0162
	701 10.2732
	702 10.6472
	703 11.1263
	704 11.6975
	57 12.3482
LINE 51 52 120.463 11
	705 11.7722
	706 11.2931
	707 10.906
	708 10.6208
	709 10.4459
	710 10.387
	711 10.4459
	712 10.6208
	713 10.906
	714 11.2931
	52 11.7722
LINE 52 53 157.604 15
	715 10.6479
	716 10.5879
	717 10.5368
	718 10.4948
	719 10.462
	720 10.4385
	721 10.4244
	722 10.4197
	723 10.4244
	724 10.4385
	725 10.462
	726 10.4948
	727 10.5368
	728 10.5879
	53 10.6479
LINE 52 59 181.542 17
	729 11.8679
	730 11.4435
	731 11.0624
	732 10.7294
	733 10.449
	734 10.2257
	735 10.0631
	736 9.96428
	737 9.93112
	738 9.96428
	739 10.0631
	740 10.2257
	741 10.449
	742 10.7294
	743 11.0624
	744 11.4435
	59 11.8679
LINE 54 55 159.49 16
	745 10.2273
	746 10.1248
	747 10.0361
	748 9.96163
	749 9.90162
	750 9.85638
	751 9.8261
	752 9.81093
	753 9.81093
	754 9.8261
	755 9.85638
	756 9.90162
	757 9.96163
	758 10.0361
	759 10.1248
	55 10.2273
LINE 54 61 167.57 16
	760 11.3174
	761 10.9913
	762 10.704
	763 10.4585
	764 10.2579
	765 10.1049
	766 10.0015
	767 9.94944
	768 9.94944
	769 10.0015
	770 10.1049
	771 10.2579
	772 10.4585
	773 10.704
	774 10.9913
	61 11.3174
LINE 55 61 131.889 13
	775 10.1487
	776 10.147
	777 10.1456
	778 10.1445
	779 10.1437
	780 10.1433
	781 10.1431
	782 10.1433
	783 10.1437
	784 10.1445
	785 10.1456
	786 10.147
	61 10.1487
LINE 56 57 132.168 12
	787 12.1684
	788 11.5638
	789 11.0564
	790 10.6599
	791 10.3873
	792 10.2482
	793 10.2482
	794 10.3873
	795 10.6599
	796 11.0564
	797 11.5638
	57 12.1684
LINE 58 64 222.835 22
	798 10.1604
	799 10.1514
	800 10.1433
	801 10.1361
	802 10.1298
	803 10.1244
	804 10.1198
	805 10.1162
	806 10.1135
	807 10.1117
	808 10.1108
	809 10.1108
	810 10.1117
	811 10.1135
	812 10.1162
	813 10.1198
	814 10.1244
	815 10.1298
	816 10.1361
	817 10.1433
	818 10.1514
	64 10.1604
LINE 60 61 143.143 14
	819 10.8584
	820 10.5733
	821 10.3298
	822 10.1307
	823 9.97873
	824 9.87615
	825 9.82446
	826 9.82446
	827 9.87615
	828 9.97873
	829 10.1307
	830 10.3298
	831 10.5733
	61 10.8584
LINE 60 65 182.059 16
	832 13.0031
	833 12.392
	834 11.8432
	835 11.3657
	836 10.9687
	837 10.6612
	838 10.4512
	839 10.3446
	840 10.3446
	841 10.4512
	842 10.6612
	843 10.9687
	844 11.3657
	845 11.8432
	846 12.392
	65 13.0031
LINE 62 63 216.151 20
	847 11.8339
	848 11.5237
	849 11.2408
	850 10.9873
	851 10.7653
	852 10.5767
	853 10.4233
	854 10.3068
	855 10.2284
	856 10.189
	857 10.189
	858 10.2284
	859 10.3068
	860 10.4233
	861 10.5767
	862 10.7653
	863 10.9873
	864 11.2408
	865 11.5237
	63 11.8339
COORDENADAS :
1	317.939	802.694
2	401.944	852.997
3	525.431	835.285
4	612.559	795.281
5	808.366	860.613
6	883.672	832.1
7	283.029	704.431
8	369.22	753.089
9	521.207	744.358
10	572.463	715.14
11	667.176	697.618
12	806.49	749.656
13	99.778	623.634
14	190.25	613.168
15	294.211	627.34
16	372.307	614.869
17	613.282	614.228
18	719.49	659.391
19	822.756	643.008
20	882.626	658.336
21	70.5278	496.858
22	216.569	528.977
23	304.296	559.184
24	366.68	553.551
25	507.392	514.805
26	568.958	527.609
27	677.518	512.576
28	826.02	530.837
29	908.018	500.273
30	196.099	418.795
31	296.398	447.791
32	397.27	419.022
33	509.793	429.507
34	604.061	419.919
35	662.034	441.807
36	768.665	435.871
37	922.049	426.661
38	113.935	327.039
39	188.229	347.231
40	300.318	317.253
41	428.522	336.415
42	473.982	318.453
43	570.835	344.285
44	728.242	335.095
45	763.57	315.345
46	865.535	337.001
47	70.8354	251.551
48	222.124	234.038
49	312.136	252.034
50	362.649	201.109
51	511.175	235.456
52	576.851	196.872
53	673.446	235.943
54	785.49	214.614
55	887.351	238.526
56	217.789	148.737
57	298.479	135.033
58	617.494	155.298
59	671.758	136.368
60	789.791	110.015
61	871.179	152.119
62	366.253	22.2025
63	501.756	13.4159
64	599.985	8.04529
65	783.416	0
66	0	702.826
67	99.2645	391.491
68	276.644	920.609
69	31.3395	254.131
70	325.487	802.795
71	332.756	803.361
72	339.748	804.391
73	346.461	805.886
74	352.896	807.845
75	359.053	810.27
76	364.932	813.159
77	370.532	816.512
78	375.854	820.33
79	380.898	824.613
80	385.664	829.361
81	390.151	834.573
82	394.361	840.25
83	398.291	846.391
84	532.915	835.174
85	540.205	834.639
86	547.301	833.683
87	554.204	832.304
88	560.912	830.502
89	567.426	828.279
90	573.747	825.632
91	579.873	822.564
92	585.806	819.073
93	591.545	815.159
94	597.089	810.823
95	602.44	806.065
96	607.597	800.884
97	815.763	861.199
98	822.956	861.246
99	829.945	860.755
100	836.731	859.725
101	843.312	858.157
102	849.689	856.05
103	855.863	853.405
104	861.833	850.221
105	867.599	846.499
106	873.16	842.238
107	878.518	837.438
108	807.003	853.699
109	805.806	846.783
110	804.775	839.863
111	803.91	832.941
112	803.211	826.016
113	802.679	819.088
114	802.312	812.158
115	802.112	805.224
116	802.078	798.288
117	802.21	791.349
118	802.508	784.407
119	802.972	777.463
120	803.602	770.515
121	804.399	763.565
122	805.361	756.612
123	275.517	702.3
124	268.297	699.873
125	261.369	697.148
126	254.733	694.127
127	248.389	690.809
128	242.338	687.193
129	236.578	683.281
130	231.111	679.072
131	225.935	674.565
132	221.052	669.762
133	216.461	664.662
134	212.162	659.265
135	208.156	653.57
136	204.441	647.579
137	201.019	641.291
138	197.888	634.706
139	195.05	627.823
140	192.504	620.644
141	376.05	756.569
142	382.86	759.697
143	389.649	762.475
144	396.419	764.902
145	403.168	766.978
146	409.897	768.704
147	416.606	770.078
148	423.295	771.102
149	429.963	771.775
150	436.612	772.097
151	443.24	772.068
152	449.848	771.688
153	456.436	770.958
154	463.004	769.877
155	469.551	768.444
156	476.079	766.662
157	482.586	764.528
158	489.073	762.043
159	495.541	759.208
160	501.987	756.022
161	508.414	752.485
162	514.821	748.597
163	525.689	738.983
164	530.474	734.141
165	535.563	729.83
166	540.955	726.051
167	546.65	722.805
168	552.648	720.091
169	558.95	717.908
170	565.555	716.258
171	529.079	741.791
172	536.6	738.976
173	543.77	735.913
174	550.589	732.601
175	557.058	729.041
176	563.175	725.233
177	568.941	721.177
178	574.357	716.872
179	579.422	712.319
180	584.135	707.517
181	588.498	702.468
182	592.51	697.17
183	596.171	691.623
184	599.481	685.829
185	602.44	679.786
186	605.048	673.495
187	607.306	666.956
188	609.212	660.168
189	610.768	653.132
190	611.972	645.848
191	612.826	638.315
192	613.329	630.534
193	613.481	622.505
194	669.767	690.182
195	672.944	683.548
196	676.709	677.718
197	681.06	672.691
198	685.998	668.467
199	691.523	665.046
200	697.634	662.427
201	704.332	660.612
202	711.618	659.6
203	806.775	742.879
204	807.157	736.117
205	807.636	729.369
206	808.214	722.637
207	808.889	715.919
208	809.661	709.216
209	810.531	702.528
210	811.499	695.856
211	812.565	689.197
212	813.728	682.554
213	814.988	675.926
214	816.347	669.313
215	817.803	662.714
216	819.356	656.13
217	821.007	649.562
218	100.965	616.332
219	101.848	609.101
220	102.429	601.939
221	102.707	594.847
222	102.682	587.826
223	102.355	580.874
224	101.724	573.991
225	100.79	567.179
226	99.5536	560.437
227	98.0141	553.764
228	96.1717	547.162
229	94.0264	540.629
230	91.5782	534.167
231	88.8271	527.774
232	85.773	521.451
233	82.4161	515.198
234	78.7562	509.014
235	74.7935	502.901
236	197.141	611.166
237	203.98	609.549
238	210.766	608.317
239	217.5	607.47
240	224.181	607.008
241	230.81	606.931
242	237.386	607.239
243	243.91	607.933
244	250.381	609.011
245	256.8	610.474
246	263.167	612.323
247	269.48	614.556
248	275.742	617.174
249	281.951	620.178
250	288.107	623.567
251	293.322	619.639
252	292.078	612.219
253	290.479	605.079
254	288.524	598.219
255	286.214	591.64
256	283.549	585.341
257	280.528	579.322
258	277.153	573.584
259	273.421	568.127
260	269.335	562.95
261	264.893	558.053
262	260.096	553.437
263	254.944	549.102
264	249.437	545.046
265	243.574	541.271
266	237.356	537.777
267	230.782	534.563
268	223.853	531.63
269	376.302	607.632
270	379.141	600.501
271	380.825	593.475
272	381.355	586.556
273	380.73	579.743
274	378.95	573.036
275	376.015	566.435
276	371.925	559.94
277	614.785	605.651
278	615.57	597.443
279	615.636	589.601
280	614.985	582.128
281	613.615	575.022
282	611.526	568.283
283	608.719	561.913
284	605.194	555.909
285	600.951	550.274
286	595.989	545.006
287	590.309	540.105
288	583.91	535.572
289	576.793	531.407
290	713.543	654.186
291	707.971	648.874
292	702.774	643.455
293	697.951	637.929
294	693.503	632.296
295	689.43	626.555
296	685.731	620.707
297	682.408	614.753
298	679.459	608.691
299	676.884	602.522
300	674.685	596.246
301	672.86	589.862
302	671.41	583.372
303	670.334	576.774
304	669.634	570.07
305	669.308	563.258
306	669.356	556.339
307	669.78	549.313
308	670.578	542.18
309	671.751	534.94
310	673.298	527.592
311	675.221	520.138
312	880.556	651.987
313	878.424	645.665
314	876.229	639.371
315	873.972	633.105
316	871.652	626.867
317	869.27	620.657
318	866.825	614.475
319	864.317	608.32
320	861.746	602.193
321	859.114	596.094
322	856.418	590.022
323	853.66	583.979
324	850.839	577.963
325	847.956	571.975
326	845.01	566.015
327	842.002	560.083
328	838.931	554.178
329	835.797	548.301
330	832.601	542.452
331	829.342	536.631
332	311.343	555.785
333	318.112	552.202
334	324.604	548.435
335	330.819	544.484
336	336.756	540.349
337	342.416	536.03
338	347.799	531.527
339	352.904	526.84
340	357.733	521.969
341	362.283	516.915
342	366.557	511.676
343	370.553	506.254
344	374.272	500.647
345	377.714	494.857
346	380.878	488.882
347	383.765	482.724
348	386.375	476.382
349	388.707	469.855
350	390.762	463.145
351	392.54	456.251
352	394.041	449.173
353	395.264	441.911
354	396.21	434.465
355	396.879	426.835
356	371.71	547.62
357	376.371	541.606
358	380.664	535.508
359	384.589	529.326
360	388.145	523.06
361	391.332	516.711
362	394.151	510.277
363	396.602	503.76
364	398.684	497.16
365	400.398	490.475
366	401.743	483.707
367	402.72	476.855
368	403.328	469.919
369	403.568	462.899
370	403.44	455.796
371	402.943	448.608
372	402.077	441.337
373	400.843	433.983
374	399.241	426.544
375	506.561	508.215
376	505.899	501.629
377	505.406	495.049
378	505.083	488.473
379	504.929	481.902
380	504.945	475.336
381	505.129	468.775
382	505.483	462.218
383	506.007	455.666
384	506.699	449.119
385	507.561	442.577
386	508.592	436.039
387	680.927	505.089
388	683.374	497.812
389	684.856	490.746
390	685.375	483.891
391	684.931	477.247
392	683.524	470.813
393	681.153	464.59
394	677.818	458.578
395	673.52	452.777
396	668.259	447.187
397	818.385	527.349
398	811.289	523.533
399	804.734	519.392
400	798.719	514.925
401	793.244	510.131
402	788.309	505.011
403	783.914	499.565
404	780.059	493.792
405	776.744	487.694
406	773.97	481.269
407	771.735	474.518
408	770.041	467.441
409	768.887	460.038
410	768.273	452.308
411	768.199	444.252
412	906.756	493.098
413	906.003	486.019
414	905.756	479.037
415	906.017	472.151
416	906.785	465.363
417	908.061	458.671
418	909.844	452.075
419	912.134	445.577
420	914.931	439.175
421	918.236	432.869
422	197.712	412.033
423	198.859	405.323
424	199.54	398.663
425	199.756	392.055
426	199.506	385.498
427	198.791	378.992
428	197.61	372.538
429	195.963	366.134
430	193.851	359.782
431	191.273	353.481
432	301.345	441.063
433	305.764	434.319
434	309.657	427.559
435	313.023	420.784
436	315.863	413.992
437	318.176	407.185
438	319.962	400.362
439	321.222	393.523
440	321.955	386.669
441	322.161	379.798
442	321.841	372.912
443	320.994	366.01
444	319.62	359.092
445	317.72	352.158
446	315.293	345.209
447	312.339	338.244
448	308.859	331.262
449	304.852	324.266
450	403.526	423.538
451	409.827	427.567
452	416.173	431.109
453	422.565	434.163
454	429.002	436.73
455	435.485	438.809
456	442.013	440.401
457	448.587	441.505
458	455.206	442.122
459	461.87	442.251
460	468.58	441.893
461	475.335	441.047
462	482.136	439.714
463	488.982	437.894
464	495.874	435.585
465	502.811	432.79
466	517.058	434.045
467	524.241	437.78
468	531.342	440.712
469	538.361	442.839
470	545.299	444.164
471	552.155	444.684
472	558.93	444.401
473	565.622	443.315
474	572.233	441.424
475	578.762	438.73
476	585.209	435.233
477	591.575	430.932
478	597.859	425.827
479	609.506	424.99
480	615.2	429.401
481	621.144	433.153
482	627.336	436.244
483	633.777	438.676
484	640.468	440.449
485	647.407	441.561
486	654.596	442.014
487	921.534	419.156
488	920.616	411.904
489	919.297	404.905
490	917.575	398.161
491	915.451	391.67
492	912.924	385.432
493	909.995	379.448
494	906.664	373.717
495	902.931	368.24
496	898.796	363.017
497	894.258	358.047
498	889.318	353.331
499	883.976	348.868
500	878.231	344.659
501	872.084	340.703
502	121.018	327.666
503	128.035	328.534
504	134.986	329.644
505	141.871	330.997
506	148.691	332.59
507	155.445	334.426
508	162.133	336.504
509	168.756	338.823
510	175.313	341.384
511	181.804	344.187
512	111.455	320.755
513	108.836	314.551
514	106.077	308.426
515	103.18	302.381
516	100.143	296.415
517	96.9666	290.529
518	93.6512	284.722
519	90.1966	278.995
520	86.6028	273.347
521	82.8698	267.779
522	78.9976	262.29
523	74.9861	256.881
524	195.301	347.256
525	202.313	347.056
526	209.265	346.634
527	216.157	345.987
528	222.99	345.118
529	229.762	344.025
530	236.475	342.708
531	243.129	341.168
532	249.722	339.405
533	256.256	337.418
534	262.73	335.207
535	269.144	332.774
536	275.498	330.116
537	281.793	327.236
538	288.028	324.131
539	294.203	320.804
540	190.618	339.19
541	193.279	331.503
542	196.213	324.171
543	199.42	317.193
544	202.899	310.571
545	206.651	304.303
546	210.675	298.39
547	214.972	292.832
548	219.542	287.628
549	224.384	282.78
550	229.499	278.286
551	234.886	274.147
552	240.546	270.363
553	246.478	266.933
554	252.683	263.859
555	259.161	261.139
556	265.911	258.774
557	272.934	256.763
558	280.229	255.108
559	287.797	253.807
560	295.638	252.861
561	303.751	252.27
562	306.802	320.028
563	313.315	322.608
564	319.857	324.99
565	326.428	327.177
566	333.029	329.167
567	339.659	330.961
568	346.319	332.559
569	353.008	333.96
570	359.726	335.165
571	366.473	336.173
572	373.25	336.986
573	380.056	337.602
574	386.892	338.021
575	393.757	338.244
576	400.651	338.271
577	407.575	338.102
578	414.528	337.736
579	421.51	337.174
580	436.107	336.61
581	443.329	335.885
582	450.186	334.239
583	456.681	331.673
584	462.812	328.187
585	468.579	323.78
586	421.842	333.966
587	415.277	331.359
588	408.825	328.596
589	402.487	325.676
590	396.262	322.599
591	390.151	319.365
592	384.154	315.974
593	378.271	312.427
594	372.501	308.722
595	366.845	304.861
596	361.303	300.843
597	355.875	296.668
598	350.56	292.336
599	345.359	287.847
600	340.272	283.201
601	335.298	278.399
602	330.438	273.44
603	325.692	268.323
604	321.06	263.05
605	316.541	257.621
606	577.805	346.047
607	584.764	347.613
608	591.711	348.981
609	598.646	350.154
610	605.571	351.13
611	612.483	351.909
612	619.384	352.492
613	626.274	352.878
614	633.152	353.068
615	640.019	353.061
616	646.874	352.858
617	653.718	352.459
618	660.55	351.863
619	667.371	351.07
620	674.18	350.081
621	680.978	348.896
622	687.764	347.514
623	694.539	345.935
624	701.303	344.16
625	708.055	342.189
626	714.795	340.021
627	721.524	337.656
628	577.66	341.407
629	584.279	338.334
630	590.693	335.066
631	596.9	331.603
632	602.902	327.945
633	608.698	324.093
634	614.288	320.045
635	619.672	315.802
636	624.851	311.365
637	629.824	306.733
638	634.591	301.906
639	639.152	296.883
640	643.507	291.667
641	647.657	286.255
642	651.601	280.648
643	655.339	274.846
644	658.871	268.85
645	662.198	262.658
646	665.319	256.272
647	668.233	249.69
648	670.943	242.914
649	721.25	331.345
650	714.73	327.335
651	708.68	323.065
652	703.101	318.534
653	697.994	313.743
654	693.357	308.691
655	689.192	303.379
656	685.498	297.807
657	682.274	291.975
658	679.522	285.882
659	677.241	279.529
660	675.431	272.915
661	674.092	266.042
662	673.224	258.907
663	672.827	251.513
664	672.901	243.858
665	767.131	309.087
666	770.392	302.763
667	773.353	296.374
668	776.014	289.919
669	778.375	283.4
670	780.436	276.815
671	782.198	270.165
672	783.659	263.45
673	784.821	256.669
674	785.682	249.823
675	786.244	242.912
676	786.505	235.935
677	786.467	228.894
678	786.129	221.787
679	228.442	235.881
680	234.777	237.639
681	241.129	239.31
682	247.498	240.896
683	253.885	242.396
684	260.289	243.81
685	266.71	245.139
686	273.148	246.381
687	279.603	247.538
688	286.075	248.609
689	292.565	249.594
690	299.072	250.493
691	305.595	251.306
692	361.615	192.942
693	360.035	185.305
694	357.909	178.199
695	355.237	171.623
696	352.019	165.577
697	348.254	160.062
698	343.944	155.077
699	339.087	150.623
700	333.684	146.699
701	327.735	143.305
702	321.24	140.441
703	314.199	138.108
704	306.612	136.306
705	515.275	228.764
706	519.749	222.709
707	524.597	217.29
708	529.819	212.509
709	535.415	208.364
710	541.386	204.857
711	547.73	201.986
712	554.449	199.752
713	561.542	198.155
714	569.01	197.195
715	582.743	200.832
716	588.713	204.599
717	594.761	208.171
718	600.887	211.55
719	607.092	214.736
720	613.375	217.728
721	619.736	220.526
722	626.176	223.131
723	632.694	225.542
724	639.29	227.759
725	645.965	229.783
726	652.718	231.614
727	659.549	233.25
728	666.458	234.694
729	584.763	196.966
730	592.383	196.603
731	599.712	195.784
732	606.75	194.508
733	613.497	192.775
734	619.954	190.585
735	626.118	187.94
736	631.992	184.837
737	637.575	181.278
738	642.867	177.262
739	647.867	172.79
740	652.577	167.861
741	656.995	162.476
742	661.123	156.634
743	664.959	150.335
744	668.504	143.58
745	791.416	217.988
746	797.4	221.111
747	803.443	223.983
748	809.544	226.605
749	815.705	228.976
750	821.924	231.097
751	828.202	232.967
752	834.539	234.587
753	840.935	235.956
754	847.389	237.075
755	853.902	237.943
756	860.475	238.56
757	867.106	238.928
758	873.795	239.044
759	880.544	238.91
760	788.722	207.797
761	792.238	201.367
762	796.036	195.326
763	800.117	189.673
764	804.482	184.409
765	809.13	179.532
766	814.06	175.044
767	819.274	170.944
768	824.772	167.232
769	830.552	163.908
770	836.615	160.973
771	842.962	158.426
772	849.592	156.267
773	856.504	154.496
774	863.7	153.114
775	885.887	231.92
776	884.46	225.308
777	883.069	218.689
778	881.715	212.063
779	880.398	205.43
780	879.117	198.79
781	877.873	192.143
782	876.666	185.49
783	875.496	178.829
784	874.361	172.162
785	873.264	165.488
786	872.203	158.807
787	223.778	143.265
788	229.9	138.581
789	236.157	134.683
790	242.546	131.573
791	249.07	129.25
792	255.727	127.714
793	262.518	126.966
794	269.443	127.005
795	276.502	127.831
796	283.694	129.444
797	291.02	131.845
798	617.363	148.526
799	617.169	141.761
800	616.911	135.004
801	616.59	128.254
802	616.205	121.512
803	615.758	114.777
804	615.247	108.05
805	614.672	101.33
806	614.035	94.6179
807	613.334	87.9133
808	612.57	81.2163
809	611.742	74.5267
810	610.851	67.8447
811	609.897	61.1702
812	608.88	54.5033
813	607.799	47.8438
814	606.655	41.1919
815	605.448	34.5475
816	604.177	27.9107
817	602.843	21.2814
818	601.446	14.6596
819	794.183	115.769
820	798.795	121.1
821	803.625	126.009
822	808.673	130.495
823	813.94	134.559
824	819.426	138.2
825	825.13	141.419
826	831.053	144.215
827	837.194	146.589
828	843.554	148.54
829	850.132	150.069
830	856.929	151.175
831	863.945	151.858
832	784.137	103.444
833	779.184	96.8315
834	774.932	90.1789
835	771.381	83.4856
836	768.53	76.7518
837	766.38	69.9774
838	764.93	63.1623
839	764.181	56.3067
840	764.133	49.4105
841	764.786	42.4736
842	766.139	35.4962
843	768.193	28.4782
844	770.948	21.4195
845	774.403	14.3203
846	778.559	7.18044
847	373.288	25.7728
848	380.296	28.9211
849	387.276	31.6473
850	394.23	33.9514
851	401.155	35.8334
852	408.054	37.2934
853	414.924	38.3313
854	421.768	38.9471
855	428.584	39.1409
856	435.373	38.9126
857	442.135	38.2622
858	448.869	37.1898
859	455.575	35.6953
860	462.255	33.7787
861	468.907	31.4401
862	475.531	28.6794
863	482.129	25.4966
864	488.699	21.8918
865	495.241	17.8649
