NOMBRE : MTLARP10_10_5_1.dat
VERTICES ORIGINALES : 79
VERTICES TOTALES : 1090
DEPOTS : 5
75
76
77
78
79
LINEAS ORIGINALES : 67
LINE 1 2 156.346 13
	80 13.6511
	81 12.8816
	82 12.2161
	83 11.6722
	84 11.2676
	85 11.0178
	86 10.9332
	87 11.0178
	88 11.2676
	89 11.6722
	90 12.2161
	91 12.8816
	2 13.6511
LINE 1 8 178.194 16
	92 12.0535
	93 11.6999
	94 11.3881
	95 11.1215
	96 10.9036
	97 10.7373
	98 10.6249
	99 10.5683
	100 10.5683
	101 10.6249
	102 10.7373
	103 10.9036
	104 11.1215
	105 11.3881
	106 11.6999
	8 12.0535
LINE 3 4 161.536 15
	107 10.9135
	108 10.852
	109 10.7996
	110 10.7566
	111 10.723
	112 10.6989
	113 10.6844
	114 10.6796
	115 10.6844
	116 10.6989
	117 10.723
	118 10.7566
	119 10.7996
	120 10.852
	4 10.9135
LINE 4 12 188.821 16
	121 13.1003
	122 12.6049
	123 12.1643
	124 11.7845
	125 11.4716
	126 11.2312
	127 11.068
	128 10.9856
	129 10.9856
	130 11.068
	131 11.2312
	132 11.4716
	133 11.7845
	134 12.1643
	135 12.6049
	12 13.1003
LINE 5 13 181.103 17
	136 10.9335
	137 10.8296
	138 10.7387
	139 10.6612
	140 10.5974
	141 10.5475
	142 10.5117
	143 10.4902
	144 10.483
	145 10.4902
	146 10.5117
	147 10.5475
	148 10.5974
	149 10.6612
	150 10.7387
	151 10.8296
	13 10.9335
LINE 6 13 193.591 17
	152 12.3164
	153 11.9806
	154 11.6817
	155 11.4227
	156 11.2063
	157 11.0351
	158 10.9112
	159 10.8361
	160 10.811
	161 10.8361
	162 10.9112
	163 11.0351
	164 11.2063
	165 11.4227
	166 11.6817
	167 11.9806
	13 12.3164
LINE 7 14 247.46 23
	168 10.7632
	169 10.7621
	170 10.7611
	171 10.7602
	172 10.7594
	173 10.7587
	174 10.7581
	175 10.7577
	176 10.7573
	177 10.757
	178 10.7569
	179 10.7568
	180 10.7569
	181 10.757
	182 10.7573
	183 10.7577
	184 10.7581
	185 10.7587
	186 10.7594
	187 10.7602
	188 10.7611
	189 10.7621
	14 10.7632
LINE 8 16 138.916 12
	190 12.7897
	191 12.1542
	192 11.6209
	193 11.2042
	194 10.9176
	195 10.7715
	196 10.7715
	197 10.9176
	198 11.2042
	199 11.6209
	200 12.1542
	16 12.7897
LINE 9 17 178.508 17
	201 10.5318
	202 10.5201
	203 10.5099
	204 10.5013
	205 10.4942
	206 10.4888
	207 10.4848
	208 10.4825
	209 10.4817
	210 10.4825
	211 10.4848
	212 10.4888
	213 10.4942
	214 10.5013
	215 10.5099
	216 10.5201
	17 10.5318
LINE 10 11 156.584 14
	217 11.8781
	218 11.5662
	219 11.2997
	220 11.0819
	221 10.9157
	222 10.8035
	223 10.747
	224 10.747
	225 10.8035
	226 10.9157
	227 11.0819
	228 11.2997
	229 11.5662
	11 11.8781
LINE 11 12 260.53 22
	230 13.6221
	231 13.1478
	232 12.7059
	233 12.2997
	234 11.9329
	235 11.6094
	236 11.3327
	237 11.1063
	238 10.9335
	239 10.8168
	240 10.7579
	241 10.7579
	242 10.8168
	243 10.9335
	244 11.1063
	245 11.3327
	246 11.6094
	247 11.9329
	248 12.2997
	249 12.7059
	250 13.1478
	12 13.6221
LINE 12 19 160.896 14
	251 12.5127
	252 12.0589
	253 11.6673
	254 11.3443
	255 11.0959
	256 10.9272
	257 10.8418
	258 10.8418
	259 10.9272
	260 11.0959
	261 11.3443
	262 11.6673
	263 12.0589
	19 12.5127
LINE 13 21 120.127 11
	264 10.9352
	265 10.9265
	266 10.9197
	267 10.9148
	268 10.9119
	269 10.911
	270 10.9119
	271 10.9148
	272 10.9197
	273 10.9265
	21 10.9352
LINE 14 15 165.259 15
	274 11.6321
	275 11.3748
	276 11.1525
	277 10.9673
	278 10.8211
	279 10.7154
	280 10.6515
	281 10.6301
	282 10.6515
	283 10.7154
	284 10.8211
	285 10.9673
	286 11.1525
	287 11.3748
	15 11.6321
LINE 15 24 170.338 16
	288 10.7278
	289 10.6952
	290 10.6672
	291 10.6439
	292 10.6251
	293 10.611
	294 10.6016
	295 10.5969
	296 10.5969
	297 10.6016
	298 10.611
	299 10.6251
	300 10.6439
	301 10.6672
	302 10.6952
	24 10.7278
LINE 18 27 184.026 16
	303 13.1159
	304 12.5081
	305 11.9625
	306 11.488
	307 11.0939
	308 10.7888
	309 10.5806
	310 10.4749
	311 10.4749
	312 10.5806
	313 10.7888
	314 11.0939
	315 11.488
	316 11.9625
	317 12.5081
	27 13.1159
LINE 19 20 118.125 11
	318 11.2559
	319 10.951
	320 10.7079
	321 10.5308
	322 10.4231
	323 10.387
	324 10.4231
	325 10.5308
	326 10.7079
	327 10.951
	20 11.2559
LINE 20 21 160.97 14
	328 12.0221
	329 11.7848
	330 11.5832
	331 11.4194
	332 11.295
	333 11.2113
	334 11.1693
	335 11.1693
	336 11.2113
	337 11.295
	338 11.4194
	339 11.5832
	340 11.7848
	21 12.0221
LINE 22 23 158.07 15
	341 10.6593
	342 10.6076
	343 10.5636
	344 10.5275
	345 10.4993
	346 10.4791
	347 10.467
	348 10.463
	349 10.467
	350 10.4791
	351 10.4993
	352 10.5275
	353 10.5636
	354 10.6076
	23 10.6593
LINE 22 31 252.644 21
	355 13.6924
	356 13.2247
	357 12.7917
	358 12.3971
	359 12.0447
	360 11.7382
	361 11.4813
	362 11.2775
	363 11.1297
	364 11.04
	365 11.0099
	366 11.04
	367 11.1297
	368 11.2775
	369 11.4813
	370 11.7382
	371 12.0447
	372 12.3971
	373 12.7917
	374 13.2247
	31 13.6924
LINE 23 31 195.784 18
	375 11.505
	376 11.2891
	377 11.0967
	378 10.9291
	379 10.7874
	380 10.6727
	381 10.5859
	382 10.5276
	383 10.4984
	384 10.4984
	385 10.5276
	386 10.5859
	387 10.6727
	388 10.7874
	389 10.9291
	390 11.0967
	391 11.2891
	31 11.505
LINE 25 33 205.975 19
	392 11.0334
	393 10.9698
	394 10.9133
	395 10.8641
	396 10.8223
	397 10.7879
	398 10.7612
	399 10.742
	400 10.7305
	401 10.7266
	402 10.7305
	403 10.742
	404 10.7612
	405 10.7879
	406 10.8223
	407 10.8641
	408 10.9133
	409 10.9698
	33 11.0334
LINE 26 33 308.08 29
	410 10.6437
	411 10.6393
	412 10.6353
	413 10.6316
	414 10.6283
	415 10.6252
	416 10.6225
	417 10.6201
	418 10.618
	419 10.6162
	420 10.6148
	421 10.6137
	422 10.6128
	423 10.6124
	424 10.6122
	425 10.6124
	426 10.6128
	427 10.6137
	428 10.6148
	429 10.6162
	430 10.618
	431 10.6201
	432 10.6225
	433 10.6252
	434 10.6283
	435 10.6316
	436 10.6353
	437 10.6393
	33 10.6437
LINE 26 34 233.743 21
	438 11.4011
	439 11.3209
	440 11.2486
	441 11.1845
	442 11.1286
	443 11.0811
	444 11.0421
	445 11.0117
	446 10.9899
	447 10.9768
	448 10.9724
	449 10.9768
	450 10.9899
	451 11.0117
	452 11.0421
	453 11.0811
	454 11.1286
	455 11.1845
	456 11.2486
	457 11.3209
	34 11.4011
LINE 27 35 213.869 20
	458 10.86
	459 10.8078
	460 10.7612
	461 10.7202
	462 10.685
	463 10.6555
	464 10.6319
	465 10.6141
	466 10.6023
	467 10.5964
	468 10.5964
	469 10.6023
	470 10.6141
	471 10.6319
	472 10.6555
	473 10.685
	474 10.7202
	475 10.7612
	476 10.8078
	35 10.86
LINE 28 35 94.9468 9
	477 10.5875
	478 10.5591
	479 10.5388
	480 10.5267
	481 10.5226
	482 10.5267
	483 10.5388
	484 10.5591
	35 10.5875
LINE 29 30 149.641 14
	485 10.7042
	486 10.697
	487 10.691
	488 10.6862
	489 10.6826
	490 10.6802
	491 10.679
	492 10.679
	493 10.6802
	494 10.6826
	495 10.6862
	496 10.691
	497 10.697
	30 10.7042
LINE 29 38 151.777 14
	498 10.851
	499 10.8465
	500 10.8427
	501 10.8397
	502 10.8374
	503 10.8359
	504 10.8351
	505 10.8351
	506 10.8359
	507 10.8374
	508 10.8397
	509 10.8427
	510 10.8465
	38 10.851
LINE 30 31 204.672 19
	511 10.8606
	512 10.8312
	513 10.8053
	514 10.7827
	515 10.7636
	516 10.748
	517 10.7358
	518 10.7271
	519 10.7218
	520 10.7201
	521 10.7218
	522 10.7271
	523 10.7358
	524 10.748
	525 10.7636
	526 10.7827
	527 10.8053
	528 10.8312
	31 10.8606
LINE 30 38 172.549 15
	529 12.9273
	530 12.3482
	531 11.836
	532 11.3999
	533 11.0488
	534 10.791
	535 10.6333
	536 10.5802
	537 10.6333
	538 10.791
	539 11.0488
	540 11.3999
	541 11.836
	542 12.3482
	38 12.9273
LINE 31 32 153.802 14
	543 11.6804
	544 11.3682
	545 11.1014
	546 10.8831
	547 10.7166
	548 10.6041
	549 10.5474
	550 10.5474
	551 10.6041
	552 10.7166
	553 10.8831
	554 11.1014
	555 11.3682
	32 11.6804
LINE 31 39 98.6447 9
	556 11.0606
	557 10.9858
	558 10.932
	559 10.8996
	560 10.8888
	561 10.8996
	562 10.932
	563 10.9858
	39 11.0606
LINE 33 34 217.194 19
	564 12.713
	565 12.307
	566 11.9373
	567 11.6073
	568 11.3207
	569 11.0806
	570 10.8902
	571 10.7522
	572 10.6685
	573 10.6404
	574 10.6685
	575 10.7522
	576 10.8902
	577 11.0806
	578 11.3207
	579 11.6073
	580 11.9373
	581 12.307
	34 12.713
LINE 33 41 66.4052 6
	582 11.692
	583 10.9504
	584 10.5602
	585 10.5602
	586 10.9504
	41 11.692
LINE 35 36 214.348 20
	587 10.7341
	588 10.7288
	589 10.7242
	590 10.7201
	591 10.7165
	592 10.7136
	593 10.7112
	594 10.7095
	595 10.7083
	596 10.7077
	597 10.7077
	598 10.7083
	599 10.7095
	600 10.7112
	601 10.7136
	602 10.7165
	603 10.7201
	604 10.7242
	605 10.7288
	36 10.7341
LINE 36 37 137.579 13
	606 10.8503
	607 10.718
	608 10.6085
	609 10.5226
	610 10.4608
	611 10.4235
	612 10.4111
	613 10.4235
	614 10.4608
	615 10.5226
	616 10.6085
	617 10.718
	37 10.8503
LINE 36 44 225.441 21
	618 10.9952
	619 10.9181
	620 10.8487
	621 10.787
	622 10.7334
	623 10.6877
	624 10.6502
	625 10.621
	626 10.6
	627 10.5874
	628 10.5832
	629 10.5874
	630 10.6
	631 10.621
	632 10.6502
	633 10.6877
	634 10.7334
	635 10.787
	636 10.8487
	637 10.9181
	44 10.9952
LINE 37 38 117.935 10
	638 12.5351
	639 12.0515
	640 11.6756
	641 11.4181
	642 11.2872
	643 11.2872
	644 11.4181
	645 11.6756
	646 12.0515
	38 12.5351
LINE 38 46 236.497 21
	647 11.9483
	648 11.7482
	649 11.5662
	650 11.4032
	651 11.2601
	652 11.1375
	653 11.0362
	654 10.9568
	655 10.8997
	656 10.8653
	657 10.8538
	658 10.8653
	659 10.8997
	660 10.9568
	661 11.0362
	662 11.1375
	663 11.2601
	664 11.4032
	665 11.5662
	666 11.7482
	46 11.9483
LINE 39 47 261.883 23
	667 12.7014
	668 12.3618
	669 12.0463
	670 11.7568
	671 11.4954
	672 11.2639
	673 11.0642
	674 10.8981
	675 10.7671
	676 10.6726
	677 10.6155
	678 10.5964
	679 10.6155
	680 10.6726
	681 10.7671
	682 10.8981
	683 11.0642
	684 11.2639
	685 11.4954
	686 11.7568
	687 12.0463
	688 12.3618
	47 12.7014
LINE 40 48 187.317 16
	689 13.2834
	690 12.6885
	691 12.1555
	692 11.6927
	693 11.3089
	694 11.0122
	695 10.81
	696 10.7074
	697 10.7074
	698 10.81
	699 11.0122
	700 11.3089
	701 11.6927
	702 12.1555
	703 12.6885
	48 13.2834
LINE 42 49 74.0271 6
	704 13.2358
	705 12.1728
	706 11.6049
	707 11.6049
	708 12.1728
	49 13.2358
LINE 43 50 150.172 14
	709 10.7511
	710 10.7398
	711 10.7304
	712 10.7228
	713 10.7171
	714 10.7134
	715 10.7115
	716 10.7115
	717 10.7134
	718 10.7171
	719 10.7228
	720 10.7304
	721 10.7398
	50 10.7511
LINE 44 45 238.033 22
	722 11.1586
	723 11.0632
	724 10.9767
	725 10.8991
	726 10.8309
	727 10.772
	728 10.7227
	729 10.6831
	730 10.6533
	731 10.6334
	732 10.6234
	733 10.6234
	734 10.6334
	735 10.6533
	736 10.6831
	737 10.7227
	738 10.772
	739 10.8309
	740 10.8991
	741 10.9767
	742 11.0632
	45 11.1586
LINE 45 46 74.4665 7
	743 10.9569
	744 10.6404
	745 10.4458
	746 10.3802
	747 10.4458
	748 10.6404
	46 10.9569
LINE 45 52 207.111 19
	749 10.9723
	750 10.9485
	751 10.9274
	752 10.9091
	753 10.8936
	754 10.8809
	755 10.871
	756 10.8639
	757 10.8596
	758 10.8582
	759 10.8596
	760 10.8639
	761 10.871
	762 10.8809
	763 10.8936
	764 10.9091
	765 10.9274
	766 10.9485
	52 10.9723
LINE 46 53 156.112 14
	767 11.5412
	768 11.3636
	769 11.2136
	770 11.0921
	771 11.0001
	772 10.9383
	773 10.9073
	774 10.9073
	775 10.9383
	776 11.0001
	777 11.0921
	778 11.2136
	779 11.3636
	53 11.5412
LINE 49 56 235.721 20
	780 13.0076
	781 12.6398
	782 12.3037
	783 12.0019
	784 11.7371
	785 11.5117
	786 11.3282
	787 11.1886
	788 11.0945
	789 11.0472
	790 11.0472
	791 11.0945
	792 11.1886
	793 11.3282
	794 11.5117
	795 11.7371
	796 12.0019
	797 12.3037
	798 12.6398
	56 13.0076
LINE 50 57 240.287 22
	799 11.0075
	800 10.9832
	801 10.9613
	802 10.9418
	803 10.9247
	804 10.91
	805 10.8977
	806 10.8879
	807 10.8806
	808 10.8757
	809 10.8732
	810 10.8732
	811 10.8757
	812 10.8806
	813 10.8879
	814 10.8977
	815 10.91
	816 10.9247
	817 10.9418
	818 10.9613
	819 10.9832
	57 11.0075
LINE 51 52 108.773 10
	820 11.1688
	821 10.9763
	822 10.8296
	823 10.7308
	824 10.681
	825 10.681
	826 10.7308
	827 10.8296
	828 10.9763
	52 11.1688
LINE 53 59 102.167 9
	829 11.3856
	830 11.3603
	831 11.3422
	832 11.3313
	833 11.3277
	834 11.3313
	835 11.3422
	836 11.3603
	59 11.3856
LINE 54 62 233.314 21
	837 11.542
	838 11.4148
	839 11.2999
	840 11.1974
	841 11.1079
	842 11.0315
	843 10.9687
	844 10.9195
	845 10.8843
	846 10.8631
	847 10.856
	848 10.8631
	849 10.8843
	850 10.9195
	851 10.9687
	852 11.0315
	853 11.1079
	854 11.1974
	855 11.2999
	856 11.4148
	62 11.542
LINE 55 63 217.784 20
	857 11.3394
	858 11.1999
	859 11.0745
	860 10.9636
	861 10.8677
	862 10.7871
	863 10.7221
	864 10.6732
	865 10.6404
	866 10.624
	867 10.624
	868 10.6404
	869 10.6732
	870 10.7221
	871 10.7871
	872 10.8677
	873 10.9636
	874 11.0745
	875 11.1999
	63 11.3394
LINE 57 58 185.937 16
	876 12.6127
	877 12.2306
	878 11.8932
	879 11.6046
	880 11.3685
	881 11.1881
	882 11.0662
	883 11.0047
	884 11.0047
	885 11.0662
	886 11.1881
	887 11.3685
	888 11.6046
	889 11.8932
	890 12.2306
	58 12.6127
LINE 57 65 122.674 11
	891 11.5407
	892 11.3106
	893 11.1283
	894 10.9963
	895 10.9163
	896 10.8895
	897 10.9163
	898 10.9963
	899 11.1283
	900 11.3106
	65 11.5407
LINE 59 66 277.626 24
	901 12.8494
	902 12.5323
	903 12.2369
	904 11.9648
	905 11.7177
	906 11.497
	907 11.3045
	908 11.1415
	909 11.0094
	910 10.9092
	911 10.842
	912 10.8082
	913 10.8082
	914 10.842
	915 10.9092
	916 11.0094
	917 11.1415
	918 11.3045
	919 11.497
	920 11.7177
	921 11.9648
	922 12.2369
	923 12.5323
	66 12.8494
LINE 59 67 257.224 24
	924 10.7202
	925 10.7195
	926 10.7189
	927 10.7184
	928 10.7179
	929 10.7175
	930 10.7171
	931 10.7168
	932 10.7166
	933 10.7164
	934 10.7163
	935 10.7162
	936 10.7162
	937 10.7163
	938 10.7164
	939 10.7166
	940 10.7168
	941 10.7171
	942 10.7175
	943 10.7179
	944 10.7184
	945 10.7189
	946 10.7195
	67 10.7202
LINE 60 61 230.291 20
	947 12.9189
	948 12.4996
	949 12.1146
	950 11.7675
	951 11.4616
	952 11.2003
	953 10.9868
	954 10.8239
	955 10.7139
	956 10.6585
	957 10.6585
	958 10.7139
	959 10.8239
	960 10.9868
	961 11.2003
	962 11.4616
	963 11.7675
	964 12.1146
	965 12.4996
	61 12.9189
LINE 62 68 81.58 8
	966 10.1996
	967 10.1978
	968 10.1966
	969 10.196
	970 10.196
	971 10.1966
	972 10.1978
	68 10.1996
LINE 63 64 127.367 12
	973 10.6408
	974 10.6261
	975 10.6144
	976 10.6056
	977 10.5997
	978 10.5968
	979 10.5968
	980 10.5997
	981 10.6056
	982 10.6144
	983 10.6261
	64 10.6408
LINE 66 71 192.455 17
	984 12.5068
	985 12.0822
	986 11.7018
	987 11.37
	988 11.0911
	989 10.8692
	990 10.708
	991 10.61
	992 10.5772
	993 10.61
	994 10.708
	995 10.8692
	996 11.0911
	997 11.37
	998 11.7018
	999 12.0822
	71 12.5068
LINE 66 72 118.316 10
	1000 13.1844
	1001 12.3179
	1002 11.6257
	1003 11.1404
	1004 10.8896
	1005 10.8896
	1006 11.1404
	1007 11.6257
	1008 12.3179
	72 13.1844
LINE 67 73 148.133 14
	1009 10.7801
	1010 10.6889
	1011 10.6123
	1012 10.5506
	1013 10.5041
	1014 10.473
	1015 10.4574
	1016 10.4574
	1017 10.473
	1018 10.5041
	1019 10.5506
	1020 10.6123
	1021 10.6889
	73 10.7801
LINE 68 69 135.903 12
	1022 11.6142
	1023 11.4582
	1024 11.3317
	1025 11.236
	1026 11.1717
	1027 11.1394
	1028 11.1394
	1029 11.1717
	1030 11.236
	1031 11.3317
	1032 11.4582
	69 11.6142
LINE 68 74 188.496 17
	1033 11.1895
	1034 11.1516
	1035 11.1186
	1036 11.0907
	1037 11.0677
	1038 11.0498
	1039 11.037
	1040 11.0294
	1041 11.0268
	1042 11.0294
	1043 11.037
	1044 11.0498
	1045 11.0677
	1046 11.0907
	1047 11.1186
	1048 11.1516
	74 11.1895
LINE 69 74 260.396 24
	1049 11.16
	1050 11.0802
	1051 11.0072
	1052 10.941
	1053 10.8819
	1054 10.8299
	1055 10.7851
	1056 10.7477
	1057 10.7176
	1058 10.695
	1059 10.6799
	1060 10.6724
	1061 10.6724
	1062 10.6799
	1063 10.695
	1064 10.7176
	1065 10.7477
	1066 10.7851
	1067 10.8299
	1068 10.8819
	1069 10.941
	1070 11.0072
	1071 11.0802
	74 11.16
LINE 70 71 220.077 20
	1072 11.7075
	1073 11.4918
	1074 11.2967
	1075 11.1231
	1076 10.9722
	1077 10.8448
	1078 10.7418
	1079 10.6638
	1080 10.6116
	1081 10.5854
	1082 10.5854
	1083 10.6116
	1084 10.6638
	1085 10.7418
	1086 10.8448
	1087 10.9722
	1088 11.1231
	1089 11.2967
	1090 11.4918
	71 11.7075
COORDENADAS :
1	63.5482	903.587
2	157.817	893.999
3	315.789	915.888
4	422.42	909.951
5	575.804	900.742
6	667.691	901.12
7	941.984	921.312
8	54.0738	791.333
9	182.277	810.496
10	227.738	792.534
11	324.591	818.366
12	481.997	809.176
13	617.325	789.426
14	819.291	811.081
15	924.591	825.631
16	75.8789	708.118
17	265.892	726.114
18	316.404	675.189
19	464.93	709.537
20	530.607	670.953
21	627.201	710.024
22	739.246	688.695
23	841.106	712.606
24	971.544	722.818
25	52.2344	609.114
26	171.25	629.379
27	225.514	610.449
28	343.546	584.095
29	624.935	626.2
30	720.008	596.283
31	855.511	587.496
32	953.741	582.126
33	37.1714	474.081
34	171.94	475.766
35	335.274	521.504
36	478.043	521.611
37	567.443	509.402
38	640.656	526.302
39	831.371	526.787
40	931.438	483.805
41	53.3453	435.275
42	119.143	372.036
43	252.104	396.213
44	422.004	384.452
45	577.785	382.63
46	625.635	375.093
47	880.592	371.944
48	918.673	370.447
49	138.925	330.366
50	243.279	296.631
51	381.608	324.939
52	452.773	325.283
53	563.924	294.175
54	733.518	266.64
55	52.1682	233.173
56	143.285	183.213
57	356.366	184.196
58	463.258	232.506
59	545.862	228.652
60	615.879	232.205
61	757.485	221.367
62	855.744	176.307
63	30.9398	93.147
64	115.676	95.5909
65	321.134	112.532
66	475.234	70.8761
67	672.151	112.681
68	863.781	122.525
69	952.486	114.33
70	225.37	14.6018
71	366.33	20.7778
72	417.552	27.144
73	660.493	15.796
74	821.359	4.97565
75	0	975.915
76	414.411	971.306
77	322.489	389.959
78	0.335704	811.115
79	119.938	62.1599
80	70.2482	897.428
81	77.0402	892.173
82	83.924	887.821
83	90.8997	884.373
84	97.9673	881.828
85	105.127	880.187
86	112.378	879.449
87	119.722	879.615
88	127.157	880.685
89	134.684	882.658
90	142.303	885.535
91	150.014	889.315
92	66.8152	896.245
93	69.5677	888.947
94	71.8056	881.693
95	73.5289	874.481
96	74.7377	867.313
97	75.4319	860.189
98	75.6116	853.108
99	75.2767	846.07
100	74.4273	839.076
101	73.0633	832.126
102	71.1848	825.218
103	68.7917	818.354
104	65.884	811.534
105	62.4618	804.757
106	58.5251	798.023
107	322.981	916.988
108	330.161	917.874
109	337.33	918.547
110	344.486	919.006
111	351.63	919.252
112	358.763	919.283
113	365.884	919.101
114	372.992	918.705
115	380.089	918.096
116	387.174	917.273
117	394.247	916.236
118	401.308	914.985
119	408.357	913.521
120	415.395	911.843
121	430.249	906.079
122	437.53	901.884
123	444.264	897.365
124	450.45	892.523
125	456.089	887.357
126	461.181	881.867
127	465.726	876.054
128	469.723	869.917
129	473.173	863.457
130	476.075	856.673
131	478.431	849.566
132	480.239	842.135
133	481.499	834.381
134	482.213	826.302
135	482.379	817.901
136	580.187	894.917
137	584.327	889.002
138	588.224	882.997
139	591.879	876.901
140	595.291	870.715
141	598.461	864.439
142	601.389	858.071
143	604.074	851.614
144	606.516	845.066
145	608.716	838.427
146	610.673	831.699
147	612.388	824.879
148	613.861	817.969
149	615.091	810.969
150	616.078	803.878
151	616.823	796.697
152	668.314	892.932
153	668.489	884.947
154	668.216	877.164
155	667.494	869.583
156	666.325	862.205
157	664.707	855.028
158	662.641	848.053
159	660.126	841.281
160	657.164	834.711
161	653.753	828.343
162	649.894	822.177
163	645.586	816.213
164	640.83	810.451
165	635.627	804.892
166	629.974	799.534
167	623.874	794.379
168	936.486	916.702
169	931.002	912.076
170	925.533	907.433
171	920.079	902.773
172	914.64	898.097
173	909.215	893.404
174	903.806	888.695
175	898.412	883.968
176	893.033	879.226
177	887.668	874.466
178	882.319	869.69
179	876.984	864.898
180	871.665	860.088
181	866.36	855.263
182	861.07	850.42
183	855.796	845.561
184	850.536	840.685
185	845.291	835.793
186	840.061	830.884
187	834.846	825.958
188	829.646	821.016
189	824.461	816.057
190	51.4253	783.229
191	49.5888	775.337
192	48.5642	767.657
193	48.3516	760.191
194	48.9508	752.937
195	50.3619	745.896
196	52.585	739.068
197	55.62	732.453
198	59.4668	726.05
199	64.1256	719.86
200	69.5963	713.883
201	186.71	805.051
202	191.203	799.666
203	195.757	794.341
204	200.372	789.076
205	205.047	783.872
206	209.783	778.728
207	214.58	773.644
208	219.438	768.62
209	224.357	763.656
210	229.336	758.753
211	234.376	753.909
212	239.477	749.126
213	244.638	744.404
214	249.86	739.741
215	255.143	735.139
216	260.487	730.596
217	233.784	797.647
218	239.964	802.258
219	246.279	806.366
220	252.728	809.971
221	259.311	813.073
222	266.027	815.672
223	272.879	817.769
224	279.864	819.362
225	286.983	820.453
226	294.236	821.042
227	301.624	821.127
228	309.145	820.709
229	316.801	819.789
230	332.071	823.516
231	339.52	828.136
232	346.938	832.225
233	354.325	835.784
234	361.681	838.813
235	369.006	841.312
236	376.3	843.281
237	383.563	844.719
238	390.795	845.627
239	397.997	846.004
240	405.167	845.852
241	412.306	845.169
242	419.415	843.956
243	426.492	842.212
244	433.539	839.939
245	440.554	837.135
246	447.539	833.8
247	454.492	829.936
248	461.415	825.541
249	468.307	820.616
250	475.168	815.161
251	476.661	802.764
252	471.959	796.243
253	467.889	789.614
254	464.453	782.877
255	461.651	776.031
256	459.482	769.077
257	457.946	762.014
258	457.044	754.843
259	456.775	747.563
260	457.139	740.175
261	458.137	732.678
262	459.768	725.073
263	462.032	717.359
264	617.742	782.147
265	618.255	774.881
266	618.864	767.627
267	619.569	760.385
268	620.371	753.154
269	621.268	745.936
270	622.262	738.729
271	623.353	731.535
272	624.539	724.353
273	625.822	717.182
274	825.88	815.17
275	832.53	818.814
276	839.242	822.012
277	846.016	824.764
278	852.851	827.071
279	859.748	828.932
280	866.707	830.347
281	873.727	831.317
282	880.808	831.842
283	887.951	831.921
284	895.156	831.554
285	902.422	830.742
286	909.75	829.484
287	917.14	827.78
288	926.51	818.742
289	928.565	811.914
290	930.755	805.148
291	933.08	798.444
292	935.541	791.802
293	938.137	785.222
294	940.869	778.703
295	943.736	772.246
296	946.738	765.851
297	949.876	759.518
298	953.149	753.247
299	956.557	747.038
300	960.101	740.89
301	963.78	734.804
302	967.594	728.78
303	307.664	675.439
304	299.332	675.115
305	291.407	674.219
306	283.891	672.75
307	276.782	670.709
308	270.081	668.094
309	263.789	664.907
310	257.904	661.147
311	252.427	656.814
312	247.359	651.909
313	242.698	646.431
314	238.445	640.38
315	234.6	633.756
316	231.163	626.56
317	228.135	618.791
318	469.437	703.536
319	474.236	698.035
320	479.328	693.031
321	484.712	688.527
322	490.39	684.521
323	496.361	681.013
324	502.624	678.004
325	509.18	675.493
326	516.029	673.481
327	523.172	671.968
328	538.621	670.987
329	546.464	671.445
330	554.136	672.327
331	561.636	673.634
332	568.964	675.364
333	576.121	677.519
334	583.107	680.097
335	589.921	683.1
336	596.563	686.527
337	603.034	690.378
338	609.333	694.653
339	615.461	699.353
340	621.417	704.476
341	745.726	691.611
342	752.251	694.338
343	758.82	696.876
344	765.433	699.225
345	772.091	701.386
346	778.793	703.357
347	785.54	705.14
348	792.33	706.735
349	799.165	708.14
350	806.045	709.356
351	812.968	710.384
352	819.936	711.223
353	826.949	711.873
354	834.005	712.334
355	748.345	687.969
356	757.088	686.834
357	765.475	685.29
358	773.506	683.337
359	781.18	680.974
360	788.498	678.201
361	795.459	675.02
362	802.065	671.429
363	808.314	667.429
364	814.207	663.019
365	819.743	658.2
366	824.923	652.972
367	829.747	647.334
368	834.215	641.287
369	838.326	634.831
370	842.081	627.965
371	845.48	620.69
372	848.522	613.006
373	851.208	604.912
374	853.538	596.409
375	845.029	706.015
376	848.584	699.382
377	851.772	692.706
378	854.593	685.989
379	857.046	679.228
380	859.132	672.426
381	860.851	665.581
382	862.202	658.694
383	863.186	651.764
384	863.803	644.793
385	864.052	637.779
386	863.934	630.722
387	863.448	623.624
388	862.596	616.483
389	861.376	609.3
390	859.788	602.074
391	857.834	594.807
392	49.7297	602.198
393	47.4152	595.26
394	45.2909	588.302
395	43.3568	581.322
396	41.613	574.321
397	40.0593	567.299
398	38.6959	560.256
399	37.5227	553.191
400	36.5397	546.105
401	35.7469	538.998
402	35.1443	531.87
403	34.7319	524.721
404	34.5098	517.55
405	34.4778	510.358
406	34.6361	503.145
407	34.9846	495.911
408	35.5233	488.655
409	36.2523	481.379
410	167.039	623.667
411	162.799	617.981
412	158.529	612.321
413	154.23	606.686
414	149.901	601.076
415	145.543	595.492
416	141.156	589.933
417	136.739	584.4
418	132.292	578.892
419	127.816	573.41
420	123.311	567.953
421	118.776	562.521
422	114.211	557.115
423	109.617	551.735
424	104.994	546.38
425	100.341	541.05
426	95.6588	535.746
427	90.947	530.467
428	86.2057	525.214
429	81.4349	519.986
430	76.6347	514.784
431	71.8049	509.607
432	66.9457	504.455
433	62.057	499.329
434	57.1388	494.228
435	52.1912	489.153
436	47.2141	484.104
437	42.2075	479.079
438	173.347	622.073
439	175.238	614.766
440	176.922	607.459
441	178.4	600.151
442	179.672	592.841
443	180.737	585.531
444	181.596	578.22
445	182.248	570.908
446	182.693	563.595
447	182.933	556.281
448	182.966	548.966
449	182.792	541.65
450	182.412	534.333
451	181.826	527.016
452	181.033	519.697
453	180.033	512.378
454	178.827	505.057
455	177.415	497.736
456	175.796	490.413
457	173.971	483.09
458	232.001	607.235
459	238.384	603.892
460	244.661	600.418
461	250.833	596.815
462	256.9	593.082
463	262.861	589.219
464	268.718	585.227
465	274.469	581.104
466	280.115	576.852
467	285.655	572.469
468	291.091	567.957
469	296.421	563.315
470	301.646	558.543
471	306.766	553.642
472	311.78	548.61
473	316.69	543.448
474	321.494	538.157
475	326.192	532.736
476	330.786	527.185
477	343.401	577.039
478	343.062	570.007
479	342.529	563.002
480	341.803	556.022
481	340.884	549.067
482	339.772	542.138
483	338.466	535.234
484	336.967	528.357
485	631.873	624.531
486	638.789	622.79
487	645.682	620.977
488	652.552	619.093
489	659.4	617.136
490	666.225	615.107
491	673.027	613.006
492	679.806	610.833
493	686.563	608.588
494	693.298	606.271
495	700.009	603.882
496	706.698	601.421
497	713.365	598.888
498	626.446	619.125
499	627.897	612.041
500	629.288	604.948
501	630.62	597.845
502	631.892	590.733
503	633.105	583.612
504	634.258	576.481
505	635.351	569.341
506	636.384	562.191
507	637.358	555.032
508	638.272	547.864
509	639.126	540.686
510	639.921	533.499
511	727.065	594.662
512	734.13	593.17
513	741.203	591.807
514	748.285	590.572
515	755.375	589.466
516	762.473	588.489
517	769.58	587.64
518	776.695	586.92
519	783.819	586.329
520	790.95	585.867
521	798.09	585.533
522	805.239	585.328
523	812.396	585.252
524	819.561	585.304
525	826.734	585.485
526	833.916	585.795
527	841.106	586.233
528	848.305	586.801
529	717.994	587.904
530	715.511	580.055
531	712.56	572.737
532	709.142	565.949
533	705.255	559.692
534	700.901	553.965
535	696.079	548.769
536	690.788	544.104
537	685.03	539.969
538	678.804	536.365
539	672.11	533.291
540	664.949	530.748
541	657.319	528.736
542	649.221	527.254
543	862.345	583.762
544	869.206	580.543
545	876.096	577.84
546	883.013	575.652
547	889.959	573.98
548	896.933	572.823
549	903.935	572.182
550	910.966	572.056
551	918.025	572.446
552	925.111	573.351
553	932.226	574.771
554	939.37	576.707
555	946.541	579.159
556	854.032	580.273
557	852.252	573.168
558	850.172	566.184
559	847.79	559.319
560	845.108	552.573
561	842.125	545.947
562	838.841	539.441
563	835.257	533.054
564	44.3225	469.532
565	51.4671	465.498
566	58.6053	461.98
567	65.737	458.976
568	72.8623	456.489
569	79.9811	454.516
570	87.0935	453.059
571	94.1995	452.117
572	101.299	451.691
573	108.392	451.779
574	115.479	452.383
575	122.559	453.503
576	129.633	455.137
577	136.7	457.287
578	143.761	459.952
579	150.815	463.133
580	157.863	466.829
581	164.905	471.04
582	36.7152	466.299
583	37.5198	459.043
584	39.585	452.313
585	42.9111	446.108
586	47.4978	440.429
587	342.413	521.007
588	349.552	520.563
589	356.691	520.172
590	363.829	519.834
591	370.968	519.548
592	378.107	519.316
593	385.245	519.136
594	392.384	519.009
595	399.522	518.935
596	406.661	518.914
597	413.799	518.946
598	420.937	519.031
599	428.076	519.168
600	435.214	519.358
601	442.352	519.602
602	449.491	519.898
603	456.629	520.247
604	463.767	520.649
605	470.905	521.103
606	485.196	522.69
607	492.302	523.433
608	499.363	523.84
609	506.378	523.91
610	513.346	523.643
611	520.269	523.041
612	527.146	522.102
613	533.977	520.826
614	540.762	519.214
615	547.501	517.266
616	554.194	514.981
617	560.841	512.36
618	473.534	515.831
619	469.21	509.977
620	465.069	504.047
621	461.113	498.042
622	457.34	491.961
623	453.752	485.806
624	450.347	479.575
625	447.127	473.269
626	444.09	466.888
627	441.238	460.432
628	438.569	453.901
629	436.085	447.294
630	433.784	440.612
631	431.667	433.856
632	429.735	427.023
633	427.986	420.116
634	426.422	413.134
635	425.041	406.076
636	423.845	398.943
637	422.832	391.735
638	573.941	514.656
639	580.623	519.118
640	587.487	522.788
641	594.534	525.666
642	601.764	527.752
643	609.177	529.046
644	616.772	529.548
645	624.551	529.258
646	632.512	528.176
647	643.255	518.773
648	645.522	511.276
649	647.458	503.812
650	649.063	496.381
651	650.336	488.983
652	651.278	481.618
653	651.888	474.286
654	652.167	466.987
655	652.115	459.721
656	651.731	452.487
657	651.016	445.287
658	649.969	438.119
659	648.591	430.985
660	646.881	423.883
661	644.841	416.814
662	642.468	409.778
663	639.765	402.776
664	636.729	395.806
665	633.363	388.869
666	629.665	381.964
667	837.961	521.469
668	844.146	516.023
669	849.926	510.448
670	855.302	504.744
671	860.273	498.912
672	864.84	492.951
673	869.003	486.861
674	872.761	480.643
675	876.114	474.297
676	879.063	467.822
677	881.608	461.218
678	883.748	454.486
679	885.483	447.625
680	886.814	440.635
681	887.741	433.517
682	888.263	426.271
683	888.38	418.895
684	888.093	411.392
685	887.402	403.759
686	886.306	395.998
687	884.806	388.109
688	882.901	380.091
689	925.42	477.308
690	920.099	470.732
691	915.473	464.078
692	911.544	457.346
693	908.31	450.536
694	905.773	443.647
695	903.931	436.679
696	902.785	429.633
697	902.336	422.509
698	902.582	415.307
699	903.524	408.026
700	905.162	400.667
701	907.496	393.229
702	910.526	385.714
703	914.251	378.119
704	126.353	366.948
705	131.997	361.118
706	136.077	354.544
707	138.591	347.227
708	139.541	339.168
709	252.088	389.045
710	251.978	381.886
711	251.773	374.735
712	251.473	367.593
713	251.079	360.459
714	250.591	353.334
715	250.008	346.217
716	249.33	339.108
717	248.558	332.008
718	247.691	324.916
719	246.73	317.832
720	245.674	310.757
721	244.524	303.69
722	429.111	386.648
723	436.216	388.627
724	443.319	390.389
725	450.419	391.934
726	457.516	393.261
727	464.611	394.372
728	471.704	395.266
729	478.793	395.943
730	485.881	396.402
731	492.965	396.645
732	500.048	396.671
733	507.127	396.479
734	514.204	396.071
735	521.279	395.446
736	528.351	394.603
737	535.421	393.544
738	542.488	392.267
739	549.552	390.774
740	556.614	389.063
741	563.673	387.136
742	570.73	384.991
743	584.256	379.243
744	590.85	376.626
745	597.564	374.779
746	604.4	373.703
747	611.357	373.396
748	618.436	373.86
749	571.644	378.655
750	565.454	374.787
751	559.216	371.025
752	552.929	367.369
753	546.593	363.82
754	540.208	360.376
755	533.775	357.039
756	527.293	353.808
757	520.762	350.684
758	514.182	347.666
759	507.554	344.754
760	500.877	341.948
761	494.151	339.249
762	487.377	336.655
763	480.553	334.168
764	473.681	331.788
765	466.761	329.513
766	459.791	327.345
767	619.222	370.843
768	613.117	366.357
769	607.32	361.636
770	601.833	356.68
771	596.653	351.488
772	591.782	346.061
773	587.22	340.399
774	582.967	334.501
775	579.021	328.369
776	575.385	322
777	572.057	315.397
778	569.037	308.558
779	566.327	301.484
780	143.726	323.144
781	148.044	315.908
782	151.879	308.657
783	155.233	301.392
784	158.104	294.113
785	160.492	286.82
786	162.398	279.513
787	163.822	272.191
788	164.764	264.854
789	165.223	257.504
790	165.2	250.139
791	164.694	242.76
792	163.706	235.367
793	162.236	227.959
794	160.284	220.537
795	157.849	213.101
796	154.931	205.651
797	151.532	198.186
798	147.65	190.707
799	247.613	290.709
800	252.023	284.865
801	256.511	279.097
802	261.075	273.407
803	265.716	267.794
804	270.434	262.258
805	275.228	256.8
806	280.1	251.419
807	285.048	246.115
808	290.073	240.888
809	295.175	235.739
810	300.354	230.667
811	305.609	225.672
812	310.942	220.755
813	316.351	215.914
814	321.837	211.151
815	327.4	206.466
816	333.039	201.857
817	338.756	197.326
818	344.549	192.872
819	350.419	188.495
820	388.735	322.784
821	395.86	321.115
822	402.982	319.933
823	410.102	319.237
824	417.22	319.028
825	424.335	319.306
826	431.448	320.07
827	438.559	321.321
828	445.667	323.059
829	561.181	287.097
830	558.621	279.969
831	556.246	272.791
832	554.055	265.561
833	552.048	258.281
834	550.225	250.95
835	548.587	243.568
836	547.132	236.136
837	740.892	264.44
838	748.11	262.029
839	755.173	259.409
840	762.08	256.579
841	768.832	253.538
842	775.429	250.287
843	781.871	246.826
844	788.157	243.155
845	794.288	239.274
846	800.263	235.182
847	806.084	230.881
848	811.749	226.369
849	817.258	221.647
850	822.613	216.715
851	827.812	211.573
852	832.855	206.22
853	837.744	200.658
854	842.477	194.885
855	847.055	188.903
856	851.477	182.71
857	48.4904	226.568
858	45.088	219.922
859	41.9611	213.233
860	39.1095	206.504
861	36.5334	199.732
862	34.2326	192.919
863	32.2073	186.063
864	30.4574	179.166
865	28.9828	172.228
866	27.7837	165.247
867	26.86	158.225
868	26.2117	151.161
869	25.8388	144.056
870	25.7413	136.908
871	25.9192	129.719
872	26.3725	122.488
873	27.1012	115.216
874	28.1053	107.901
875	29.3849	100.545
876	364.743	183.463
877	372.893	183.231
878	380.817	183.499
879	388.515	184.267
880	395.988	185.535
881	403.234	187.304
882	410.253	189.573
883	417.047	192.342
884	423.615	195.612
885	429.956	199.381
886	436.072	203.651
887	441.961	208.422
888	447.625	213.692
889	453.062	219.463
890	458.273	225.735
891	355.45	176.557
892	354.076	169.143
893	352.245	161.953
894	349.957	154.989
895	347.211	148.249
896	344.008	141.734
897	340.348	135.444
898	336.231	129.379
899	331.656	123.538
900	326.624	117.923
901	538.687	223.973
902	531.879	219.129
903	525.44	214.12
904	519.369	208.946
905	513.666	203.608
906	508.331	198.105
907	503.364	192.437
908	498.765	186.604
909	494.534	180.607
910	490.671	174.445
911	487.176	168.118
912	484.049	161.626
913	481.29	154.97
914	478.899	148.149
915	476.877	141.163
916	475.222	134.012
917	473.935	126.697
918	473.017	119.217
919	472.466	111.572
920	472.284	103.762
921	472.469	95.7878
922	473.023	87.6486
923	473.944	79.3447
924	551.256	223.964
925	556.639	219.264
926	562.01	214.55
927	567.37	209.825
928	572.719	205.087
929	578.055	200.336
930	583.381	195.573
931	588.694	190.797
932	593.997	186.009
933	599.288	181.208
934	604.567	176.395
935	609.835	171.569
936	615.091	166.73
937	620.336	161.879
938	625.569	157.016
939	630.791	152.14
940	636.001	147.251
941	641.2	142.35
942	646.387	137.437
943	651.563	132.511
944	656.727	127.572
945	661.88	122.621
946	667.021	117.657
947	623.331	236.522
948	630.744	240.328
949	638.118	243.623
950	645.453	246.406
951	652.749	248.677
952	660.005	250.437
953	667.222	251.686
954	674.401	252.423
955	681.54	252.648
956	688.64	252.362
957	695.7	251.564
958	702.722	250.255
959	709.704	248.435
960	716.648	246.102
961	723.552	243.259
962	730.417	239.904
963	737.243	236.037
964	744.029	231.659
965	750.777	226.769
966	856.928	169.611
967	858.061	162.907
968	859.142	156.196
969	860.172	149.477
970	861.151	142.751
971	862.079	136.017
972	862.956	129.275
973	38.0198	92.704
974	45.0964	92.3786
975	52.1696	92.1707
976	59.2395	92.0805
977	66.3059	92.1078
978	73.3689	92.2527
979	80.4286	92.5151
980	87.4849	92.8951
981	94.5377	93.3927
982	101.587	94.0079
983	108.633	94.7406
984	470.687	63.8869
985	465.908	57.4031
986	460.897	51.4245
987	455.653	45.9511
988	450.176	40.9831
989	444.467	36.5203
990	438.526	32.5628
991	432.353	29.1106
992	425.946	26.1636
993	419.308	23.7219
994	412.437	21.7855
995	405.333	20.3544
996	397.998	19.4285
997	390.429	19.0079
998	382.628	19.0926
999	374.595	19.6826
1000	472.478	62.5297
1001	469.053	55.0662
1002	464.958	48.4857
1003	460.194	42.7881
1004	454.76	37.9734
1005	448.657	34.0417
1006	441.885	30.9929
1007	434.443	28.827
1008	426.332	27.544
1009	673.056	105.552
1010	673.694	98.4544
1011	674.065	91.3893
1012	674.168	84.3563
1013	674.004	77.3555
1014	673.572	70.3868
1015	672.873	63.4504
1016	671.907	56.5461
1017	670.673	49.674
1018	669.172	42.834
1019	667.403	36.0263
1020	665.367	29.2507
1021	663.064	22.5072
1022	871.376	124.033
1023	878.933	125.143
1024	886.454	125.855
1025	893.938	126.168
1026	901.386	126.082
1027	908.796	125.599
1028	916.17	124.717
1029	923.507	123.436
1030	930.807	121.757
1031	938.07	119.68
1032	945.297	117.204
1033	862.478	115.18
1034	861.026	107.889
1035	859.425	100.652
1036	857.674	93.4681
1037	855.775	86.3382
1038	853.727	79.2622
1039	851.529	72.2399
1040	849.183	65.2714
1041	846.688	58.3568
1042	844.043	51.4959
1043	841.25	44.6888
1044	838.307	37.9354
1045	835.215	31.2359
1046	831.975	24.5902
1047	828.585	17.9982
1048	825.046	11.46
1049	945.628	111.446
1050	938.891	108.416
1051	932.276	105.241
1052	925.781	101.921
1053	919.408	98.455
1054	913.156	94.8436
1055	907.026	91.0869
1056	901.016	87.1848
1057	895.128	83.1373
1058	889.362	78.9443
1059	883.716	74.606
1060	878.192	70.1222
1061	872.789	65.4931
1062	867.507	60.7185
1063	862.346	55.7985
1064	857.307	50.7332
1065	852.389	45.5224
1066	847.592	40.1662
1067	842.917	34.6646
1068	838.363	29.0177
1069	833.93	23.2253
1070	829.618	17.2875
1071	825.428	11.2043
1072	232.565	11.5748
1073	239.743	8.89903
1074	246.907	6.57435
1075	254.055	4.60079
1076	261.187	2.97837
1077	268.304	1.70708
1078	275.406	0.786923
1079	282.493	0.217896
1080	289.564	0
1081	296.619	0.133236
1082	303.66	0.617603
1083	310.684	1.4531
1084	317.694	2.63973
1085	324.688	4.17749
1086	331.667	6.06639
1087	338.63	8.30641
1088	345.578	10.8976
1089	352.511	13.8399
1090	359.428	17.1333
