NOMBRE : MTLARP7_10_6_2.dat
VERTICES ORIGINALES : 68
VERTICES TOTALES : 1076
DEPOTS : 6
63
64
65
66
67
68
LINEAS ORIGINALES : 67
LINE 1 2 169.842 16
	69 10.7869
	70 10.7187
	71 10.6599
	72 10.6106
	73 10.571
	74 10.5413
	75 10.5214
	76 10.5114
	77 10.5114
	78 10.5214
	79 10.5413
	80 10.571
	81 10.6106
	82 10.6599
	83 10.7187
	2 10.7869
LINE 1 10 229.111 21
	84 11.0267
	85 10.9919
	86 10.9607
	87 10.933
	88 10.909
	89 10.8886
	90 10.872
	91 10.859
	92 10.8497
	93 10.8441
	94 10.8422
	95 10.8441
	96 10.8497
	97 10.859
	98 10.872
	99 10.8886
	100 10.909
	101 10.933
	102 10.9607
	103 10.9919
	10 11.0267
LINE 1 11 200.018 19
	104 10.5769
	105 10.5604
	106 10.5458
	107 10.5331
	108 10.5224
	109 10.5136
	110 10.5068
	111 10.5019
	112 10.499
	113 10.498
	114 10.499
	115 10.5019
	116 10.5068
	117 10.5136
	118 10.5224
	119 10.5331
	120 10.5458
	121 10.5604
	11 10.5769
LINE 2 3 165.929 15
	122 12.0408
	123 11.6368
	124 11.2837
	125 10.9864
	126 10.7495
	127 10.577
	128 10.4721
	129 10.4369
	130 10.4721
	131 10.577
	132 10.7495
	133 10.9864
	134 11.2837
	135 11.6368
	3 12.0408
LINE 2 12 156.09 14
	136 11.6549
	137 11.4259
	138 11.2316
	139 11.0736
	140 10.9536
	141 10.8729
	142 10.8323
	143 10.8323
	144 10.8729
	145 10.9536
	146 11.0736
	147 11.2316
	148 11.4259
	12 11.6549
LINE 3 4 157.188 14
	149 11.415
	150 11.3292
	151 11.2571
	152 11.1992
	153 11.1555
	154 11.1263
	155 11.1117
	156 11.1117
	157 11.1263
	158 11.1555
	159 11.1992
	160 11.2571
	161 11.3292
	4 11.415
LINE 3 12 222.009 20
	162 11.4951
	163 11.3726
	164 11.2625
	165 11.1653
	166 11.0813
	167 11.0109
	168 10.9541
	169 10.9114
	170 10.8828
	171 10.8685
	172 10.8685
	173 10.8828
	174 10.9114
	175 10.9541
	176 11.0109
	177 11.0813
	178 11.1653
	179 11.2625
	180 11.3726
	12 11.4951
LINE 4 5 145.745 13
	181 11.2732
	182 11.2423
	183 11.2169
	184 11.1971
	185 11.1829
	186 11.1744
	187 11.1716
	188 11.1744
	189 11.1829
	190 11.1971
	191 11.2169
	192 11.2423
	5 11.2732
LINE 4 13 195.507 18
	193 11.0368
	194 10.9754
	195 10.9214
	196 10.8748
	197 10.8359
	198 10.8047
	199 10.7812
	200 10.7655
	201 10.7577
	202 10.7577
	203 10.7655
	204 10.7812
	205 10.8047
	206 10.8359
	207 10.8748
	208 10.9214
	209 10.9754
	13 11.0368
LINE 5 6 76.0802 7
	210 10.8834
	211 10.8686
	212 10.8597
	213 10.8567
	214 10.8597
	215 10.8686
	6 10.8834
LINE 7 16 111.507 10
	216 11.1599
	217 11.1538
	218 11.1491
	219 11.146
	220 11.1445
	221 11.1445
	222 11.146
	223 11.1491
	224 11.1538
	16 11.1599
LINE 8 17 268.329 25
	225 11.0232
	226 10.9517
	227 10.8859
	228 10.8261
	229 10.7723
	230 10.7246
	231 10.6831
	232 10.6478
	233 10.6189
	234 10.5963
	235 10.5802
	236 10.5705
	237 10.5673
	238 10.5705
	239 10.5802
	240 10.5963
	241 10.6189
	242 10.6478
	243 10.6831
	244 10.7246
	245 10.7723
	246 10.8261
	247 10.8859
	248 10.9517
	17 11.0232
LINE 9 19 146.812 14
	249 10.4868
	250 10.4867
	251 10.4866
	252 10.4865
	253 10.4865
	254 10.4864
	255 10.4864
	256 10.4864
	257 10.4864
	258 10.4865
	259 10.4865
	260 10.4866
	261 10.4867
	19 10.4868
LINE 10 20 120.793 11
	262 11.1103
	263 11.0332
	264 10.9728
	265 10.9294
	266 10.9033
	267 10.8946
	268 10.9033
	269 10.9294
	270 10.9728
	271 11.0332
	20 11.1103
LINE 12 22 167.548 15
	272 11.2387
	273 11.2093
	274 11.1843
	275 11.1639
	276 11.148
	277 11.1366
	278 11.1297
	279 11.1274
	280 11.1297
	281 11.1366
	282 11.148
	283 11.1639
	284 11.1843
	285 11.2093
	22 11.2387
LINE 12 23 181.327 16
	286 11.7114
	287 11.5622
	288 11.4328
	289 11.3239
	290 11.2359
	291 11.1695
	292 11.125
	293 11.1027
	294 11.1027
	295 11.125
	296 11.1695
	297 11.2359
	298 11.3239
	299 11.4328
	300 11.5622
	23 11.7114
LINE 13 14 182.164 16
	301 12.3586
	302 11.9835
	303 11.6524
	304 11.3691
	305 11.1373
	306 10.9602
	307 10.8405
	308 10.7802
	309 10.7802
	310 10.8405
	311 10.9602
	312 11.1373
	313 11.3691
	314 11.6524
	315 11.9835
	14 12.3586
LINE 15 25 239.592 22
	316 10.9707
	317 10.9479
	318 10.9273
	319 10.909
	320 10.8929
	321 10.8792
	322 10.8677
	323 10.8584
	324 10.8515
	325 10.8469
	326 10.8446
	327 10.8446
	328 10.8469
	329 10.8515
	330 10.8584
	331 10.8677
	332 10.8792
	333 10.8929
	334 10.909
	335 10.9273
	336 10.9479
	25 10.9707
LINE 15 26 265.986 25
	337 10.6818
	338 10.6712
	339 10.6616
	340 10.6528
	341 10.645
	342 10.6381
	343 10.6321
	344 10.627
	345 10.6229
	346 10.6196
	347 10.6173
	348 10.6159
	349 10.6155
	350 10.6159
	351 10.6173
	352 10.6196
	353 10.6229
	354 10.627
	355 10.6321
	356 10.6381
	357 10.645
	358 10.6528
	359 10.6616
	360 10.6712
	26 10.6818
LINE 16 26 217.058 20
	361 10.853
	362 10.853
	363 10.853
	364 10.8529
	365 10.8529
	366 10.8529
	367 10.8528
	368 10.8528
	369 10.8528
	370 10.8528
	371 10.8528
	372 10.8528
	373 10.8528
	374 10.8528
	375 10.8529
	376 10.8529
	377 10.8529
	378 10.853
	379 10.853
	26 10.853
LINE 17 18 85.6581 8
	380 10.7158
	381 10.7085
	382 10.7036
	383 10.7012
	384 10.7012
	385 10.7036
	386 10.7085
	18 10.7158
LINE 18 27 172.523 15
	387 12.3588
	388 12.0029
	389 11.6933
	390 11.4338
	391 11.2278
	392 11.0783
	393 10.9876
	394 10.9573
	395 10.9876
	396 11.0783
	397 11.2278
	398 11.4338
	399 11.6933
	400 12.0029
	27 12.3588
LINE 20 21 176.727 16
	401 11.3222
	402 11.2127
	403 11.118
	404 11.0385
	405 10.9744
	406 10.9261
	407 10.8938
	408 10.8776
	409 10.8776
	410 10.8938
	411 10.9261
	412 10.9744
	413 11.0385
	414 11.118
	415 11.2127
	21 11.3222
LINE 20 30 117.102 11
	416 10.8541
	417 10.7299
	418 10.6324
	419 10.5621
	420 10.5198
	421 10.5056
	422 10.5198
	423 10.5621
	424 10.6324
	425 10.7299
	30 10.8541
LINE 21 22 135.748 13
	426 10.5122
	427 10.4773
	428 10.4486
	429 10.4262
	430 10.4102
	431 10.4006
	432 10.3974
	433 10.4006
	434 10.4102
	435 10.4262
	436 10.4486
	437 10.4773
	22 10.5122
LINE 22 23 130.878 12
	438 10.9987
	439 10.9486
	440 10.9083
	441 10.878
	442 10.8578
	443 10.8476
	444 10.8476
	445 10.8578
	446 10.878
	447 10.9083
	448 10.9486
	23 10.9987
LINE 23 24 187.001 17
	449 11.0164
	450 11.0103
	451 11.005
	452 11.0005
	453 10.9968
	454 10.994
	455 10.9919
	456 10.9907
	457 10.9903
	458 10.9907
	459 10.9919
	460 10.994
	461 10.9968
	462 11.0005
	463 11.005
	464 11.0103
	24 11.0164
LINE 24 25 201.779 19
	465 10.6324
	466 10.6282
	467 10.6246
	468 10.6214
	469 10.6187
	470 10.6165
	471 10.6148
	472 10.6136
	473 10.6129
	474 10.6126
	475 10.6129
	476 10.6136
	477 10.6148
	478 10.6165
	479 10.6187
	480 10.6214
	481 10.6246
	482 10.6282
	25 10.6324
LINE 26 27 205.951 18
	483 12.5591
	484 12.1817
	485 11.8416
	486 11.5421
	487 11.2865
	488 11.0778
	489 10.9186
	490 10.8112
	491 10.7571
	492 10.7571
	493 10.8112
	494 10.9186
	495 11.0778
	496 11.2865
	497 11.5421
	498 11.8416
	499 12.1817
	27 12.5591
LINE 26 34 131.61 12
	500 11.0125
	501 10.988
	502 10.9683
	503 10.9536
	504 10.9437
	505 10.9388
	506 10.9388
	507 10.9437
	508 10.9536
	509 10.9683
	510 10.988
	34 11.0125
LINE 27 28 155.755 14
	511 11.6177
	512 11.3947
	513 11.2054
	514 11.0516
	515 10.9348
	516 10.8563
	517 10.8168
	518 10.8168
	519 10.8563
	520 10.9348
	521 11.0516
	522 11.2054
	523 11.3947
	28 11.6177
LINE 27 34 236.498 22
	524 10.8757
	525 10.84
	526 10.8077
	527 10.7789
	528 10.7537
	529 10.732
	530 10.7139
	531 10.6994
	532 10.6886
	533 10.6813
	534 10.6777
	535 10.6777
	536 10.6813
	537 10.6886
	538 10.6994
	539 10.7139
	540 10.732
	541 10.7537
	542 10.7789
	543 10.8077
	544 10.84
	34 10.8757
LINE 27 35 127.951 12
	545 10.7558
	546 10.7051
	547 10.6645
	548 10.6338
	549 10.6134
	550 10.6031
	551 10.6031
	552 10.6134
	553 10.6338
	554 10.6645
	555 10.7051
	35 10.7558
LINE 27 36 265.852 25
	556 10.6578
	557 10.6519
	558 10.6465
	559 10.6416
	560 10.6372
	561 10.6333
	562 10.63
	563 10.6271
	564 10.6248
	565 10.623
	566 10.6217
	567 10.6209
	568 10.6206
	569 10.6209
	570 10.6217
	571 10.623
	572 10.6248
	573 10.6271
	574 10.63
	575 10.6333
	576 10.6372
	577 10.6416
	578 10.6465
	579 10.6519
	36 10.6578
LINE 29 30 176.959 16
	580 11.2038
	581 11.1466
	582 11.0973
	583 11.0561
	584 11.023
	585 10.9981
	586 10.9815
	587 10.9731
	588 10.9731
	589 10.9815
	590 10.9981
	591 11.023
	592 11.0561
	593 11.0973
	594 11.1466
	30 11.2038
LINE 29 37 86.4661 8
	595 10.8083
	596 10.8083
	597 10.8083
	598 10.8083
	599 10.8083
	600 10.8083
	601 10.8083
	37 10.8083
LINE 30 31 131.071 12
	602 11.2707
	603 11.0831
	604 10.9308
	605 10.8151
	606 10.7373
	607 10.6982
	608 10.6982
	609 10.7373
	610 10.8151
	611 10.9308
	612 11.0831
	31 11.2707
LINE 31 32 218.534 19
	613 12.5036
	614 12.1827
	615 11.8924
	616 11.6349
	617 11.4125
	618 11.2273
	619 11.0811
	620 10.9755
	621 10.9116
	622 10.8902
	623 10.9116
	624 10.9755
	625 11.0811
	626 11.2273
	627 11.4125
	628 11.6349
	629 11.8924
	630 12.1827
	32 12.5036
LINE 32 41 181.845 17
	631 10.763
	632 10.7382
	633 10.7167
	634 10.6985
	635 10.6835
	636 10.6719
	637 10.6636
	638 10.6586
	639 10.6569
	640 10.6586
	641 10.6636
	642 10.6719
	643 10.6835
	644 10.6985
	645 10.7167
	646 10.7382
	41 10.763
LINE 33 41 73.0655 7
	647 10.7799
	648 10.4406
	649 10.2317
	650 10.1611
	651 10.2317
	652 10.4406
	41 10.7799
LINE 34 43 97.2303 9
	653 11.3268
	654 10.9403
	655 10.6557
	656 10.4812
	657 10.4223
	658 10.4812
	659 10.6557
	660 10.9403
	43 11.3268
LINE 34 44 204.8 19
	661 10.8785
	662 10.8454
	663 10.8162
	664 10.7908
	665 10.7693
	666 10.7516
	667 10.7379
	668 10.728
	669 10.7221
	670 10.7202
	671 10.7221
	672 10.728
	673 10.7379
	674 10.7516
	675 10.7693
	676 10.7908
	677 10.8162
	678 10.8454
	44 10.8785
LINE 35 36 178.519 16
	679 11.3901
	680 11.2979
	681 11.2183
	682 11.1514
	683 11.0977
	684 11.0572
	685 11.0302
	686 11.0166
	687 11.0166
	688 11.0302
	689 11.0572
	690 11.0977
	691 11.1514
	692 11.2183
	693 11.2979
	36 11.3901
LINE 35 45 246.17 22
	694 12.0838
	695 11.8378
	696 11.612
	697 11.4075
	698 11.2255
	699 11.0671
	700 10.9334
	701 10.8252
	702 10.7434
	703 10.6884
	704 10.6609
	705 10.6609
	706 10.6884
	707 10.7434
	708 10.8252
	709 10.9334
	710 11.0671
	711 11.2255
	712 11.4075
	713 11.612
	714 11.8378
	45 12.0838
LINE 36 45 128.903 12
	715 10.8148
	716 10.7752
	717 10.7434
	718 10.7194
	719 10.7034
	720 10.6954
	721 10.6954
	722 10.7034
	723 10.7194
	724 10.7434
	725 10.7752
	45 10.8148
LINE 37 38 180.395 16
	726 12.0062
	727 11.7218
	728 11.4724
	729 11.2604
	730 11.0879
	731 10.9567
	732 10.8684
	733 10.8239
	734 10.8239
	735 10.8684
	736 10.9567
	737 11.0879
	738 11.2604
	739 11.4724
	740 11.7218
	38 12.0062
LINE 37 47 249.35 23
	741 10.8513
	742 10.8486
	743 10.8461
	744 10.8439
	745 10.8419
	746 10.8403
	747 10.8388
	748 10.8377
	749 10.8367
	750 10.8361
	751 10.8357
	752 10.8356
	753 10.8357
	754 10.8361
	755 10.8367
	756 10.8377
	757 10.8388
	758 10.8403
	759 10.8419
	760 10.8439
	761 10.8461
	762 10.8486
	47 10.8513
LINE 38 39 174.572 16
	763 11.5117
	764 11.2771
	765 11.072
	766 10.8982
	767 10.7571
	768 10.65
	769 10.5781
	770 10.5419
	771 10.5419
	772 10.5781
	773 10.65
	774 10.7571
	775 10.8982
	776 11.072
	777 11.2771
	39 11.5117
LINE 39 40 163.847 14
	778 12.5843
	779 12.1903
	780 11.8519
	781 11.5741
	782 11.3613
	783 11.2172
	784 11.1444
	785 11.1444
	786 11.2172
	787 11.3613
	788 11.5741
	789 11.8519
	790 12.1903
	40 12.5843
LINE 41 49 249.127 22
	791 12.1302
	792 11.9075
	793 11.7035
	794 11.5191
	795 11.3553
	796 11.213
	797 11.093
	798 10.9961
	799 10.9229
	800 10.8737
	801 10.8491
	802 10.8491
	803 10.8737
	804 10.9229
	805 10.9961
	806 11.093
	807 11.213
	808 11.3553
	809 11.5191
	810 11.7035
	811 11.9075
	49 12.1302
LINE 42 51 232.202 21
	812 11.6038
	813 11.4436
	814 11.2984
	815 11.1687
	816 11.055
	817 10.958
	818 10.8779
	819 10.8152
	820 10.7702
	821 10.7431
	822 10.734
	823 10.7431
	824 10.7702
	825 10.8152
	826 10.8779
	827 10.958
	828 11.055
	829 11.1687
	830 11.2984
	831 11.4436
	51 11.6038
LINE 43 52 262.979 24
	832 11.6142
	833 11.4478
	834 11.2944
	835 11.1545
	836 11.0287
	837 10.9175
	838 10.8212
	839 10.7403
	840 10.6752
	841 10.626
	842 10.5931
	843 10.5767
	844 10.5767
	845 10.5931
	846 10.626
	847 10.6752
	848 10.7403
	849 10.8212
	850 10.9175
	851 11.0287
	852 11.1545
	853 11.2944
	854 11.4478
	52 11.6142
LINE 44 45 110.494 10
	855 11.5653
	856 11.2269
	857 10.9663
	858 10.789
	859 10.6993
	860 10.6993
	861 10.789
	862 10.9663
	863 11.2269
	45 11.5653
LINE 44 52 269.781 25
	864 10.8208
	865 10.8134
	866 10.8067
	867 10.8006
	868 10.7951
	869 10.7903
	870 10.7861
	871 10.7826
	872 10.7797
	873 10.7774
	874 10.7758
	875 10.7748
	876 10.7745
	877 10.7748
	878 10.7758
	879 10.7774
	880 10.7797
	881 10.7826
	882 10.7861
	883 10.7903
	884 10.7951
	885 10.8006
	886 10.8067
	887 10.8134
	52 10.8208
LINE 44 53 197.685 18
	888 11.2181
	889 11.1358
	890 11.0632
	891 11.0007
	892 10.9483
	893 10.9062
	894 10.8745
	895 10.8533
	896 10.8427
	897 10.8427
	898 10.8533
	899 10.8745
	900 10.9062
	901 10.9483
	902 11.0007
	903 11.0632
	904 11.1358
	53 11.2181
LINE 46 47 93.6511 9
	905 10.5167
	906 10.4337
	907 10.374
	908 10.3381
	909 10.326
	910 10.3381
	911 10.374
	912 10.4337
	47 10.5167
LINE 46 55 130.652 12
	913 11.2583
	914 11.0588
	915 10.8966
	916 10.7733
	917 10.6904
	918 10.6486
	919 10.6486
	920 10.6904
	921 10.7733
	922 10.8966
	923 11.0588
	55 11.2583
LINE 47 48 229.314 20
	924 12.4866
	925 12.1772
	926 11.8955
	927 11.6434
	928 11.4229
	929 11.2358
	930 11.0839
	931 10.9686
	932 10.891
	933 10.852
	934 10.852
	935 10.891
	936 10.9686
	937 11.0839
	938 11.2358
	939 11.4229
	940 11.6434
	941 11.8955
	942 12.1772
	48 12.4866
LINE 50 51 206.488 19
	943 11.2536
	944 11.1271
	945 11.0143
	946 10.9156
	947 10.8313
	948 10.7619
	949 10.7076
	950 10.6687
	951 10.6453
	952 10.6374
	953 10.6453
	954 10.6687
	955 10.7076
	956 10.7619
	957 10.8313
	958 10.9156
	959 11.0143
	960 11.1271
	51 11.2536
LINE 52 60 158.309 15
	961 10.6089
	962 10.5854
	963 10.5655
	964 10.5491
	965 10.5364
	966 10.5273
	967 10.5219
	968 10.5201
	969 10.5219
	970 10.5273
	971 10.5364
	972 10.5491
	973 10.5655
	974 10.5854
	60 10.6089
LINE 53 54 226.629 21
	975 10.8232
	976 10.8138
	977 10.8054
	978 10.798
	979 10.7915
	980 10.7861
	981 10.7816
	982 10.7781
	983 10.7756
	984 10.7741
	985 10.7736
	986 10.7741
	987 10.7756
	988 10.7781
	989 10.7816
	990 10.7861
	991 10.7915
	992 10.798
	993 10.8054
	994 10.8138
	54 10.8232
LINE 53 61 103.981 9
	995 12.3239
	996 11.7584
	997 11.3372
	998 11.0767
	999 10.9886
	1000 11.0767
	1001 11.3372
	1002 11.7584
	61 12.3239
LINE 54 61 246.469 23
	1003 10.7828
	1004 10.7647
	1005 10.7482
	1006 10.7335
	1007 10.7204
	1008 10.7091
	1009 10.6996
	1010 10.6917
	1011 10.6856
	1012 10.6813
	1013 10.6786
	1014 10.6778
	1015 10.6786
	1016 10.6813
	1017 10.6856
	1018 10.6917
	1019 10.6996
	1020 10.7091
	1021 10.7204
	1022 10.7335
	1023 10.7482
	1024 10.7647
	61 10.7828
LINE 54 62 175.151 16
	1025 11.5317
	1026 11.3032
	1027 11.1037
	1028 10.9346
	1029 10.7974
	1030 10.6934
	1031 10.6235
	1032 10.5883
	1033 10.5883
	1034 10.6235
	1035 10.6934
	1036 10.7974
	1037 10.9346
	1038 11.1037
	1039 11.3032
	62 11.5317
LINE 56 57 91.9222 8
	1040 12.2007
	1041 11.6025
	1042 11.186
	1043 10.9718
	1044 10.9718
	1045 11.186
	1046 11.6025
	57 12.2007
LINE 58 59 205.544 19
	1047 11.121
	1048 11.0214
	1049 10.9327
	1050 10.8552
	1051 10.7892
	1052 10.735
	1053 10.6926
	1054 10.6622
	1055 10.6439
	1056 10.6378
	1057 10.6439
	1058 10.6622
	1059 10.6926
	1060 10.735
	1061 10.7892
	1062 10.8552
	1063 10.9327
	1064 11.0214
	59 11.121
LINE 60 61 145.434 13
	1065 12.1842
	1066 11.7033
	1067 11.2947
	1068 10.9663
	1069 10.7256
	1070 10.5786
	1071 10.5291
	1072 10.5786
	1073 10.7256
	1074 10.9663
	1075 11.2947
	1076 11.7033
	61 12.1842
COORDENADAS :
1	168.507	653.008
2	272.931	612.217
3	368.475	654.221
4	472.105	657.819
5	567.691	642.412
6	618.349	641.587
7	723.916	615.947
8	956.621	653.57
9	17.3322	548.374
10	139.033	504.106
11	261.825	558.276
12	314.091	519.925
13	445.499	531.51
14	558.71	511.833
15	656.311	568.054
16	706.441	543.736
17	853.782	510.592
18	910.415	517.65
19	52.7306	457.127
20	144.333	424.388
21	259.932	414.678
22	350.043	414.619
23	419.689	466.375
24	525.089	400.004
25	659.212	409.03
26	708.655	399.049
27	829.768	443.474
28	929.394	427.421
29	34.523	304.749
30	143.53	347.351
31	229.026	344.429
32	366.704	335.885
33	445.269	302.181
34	737.971	316.601
35	835.243	358.836
36	939.428	304.523
37	44.9738	248.06
38	159.859	258.898
39	264.905	218.913
40	365.873	243.546
41	457.646	256.407
42	658.96	259.436
43	768.949	262.279
44	841.904	229.214
45	912.902	223.183
46	62.9806	128.342
47	117.255	98.4619
48	251.389	152.551
49	409.827	104.689
50	532.363	146.274
51	661.9	109.188
52	715.367	101.794
53	829.597	99.7009
54	973.856	143.736
55	9.12244	62.3927
56	149.99	28.6221
57	206.841	15.3835
58	332.803	44.1829
59	460.099	0
60	763.19	8.09229
61	849.765	36.9301
62	974.211	30.8417
63	33.1126	678.82
64	834.193	633.317
65	0	377.025
66	572.405	556.453
67	696.432	212.424
68	850.276	587.792
69	174.445	648.951
70	180.461	645.095
71	186.556	641.44
72	192.729	637.986
73	198.981	634.733
74	205.311	631.682
75	211.72	628.831
76	218.207	626.181
77	224.773	623.732
78	231.417	621.484
79	238.14	619.437
80	244.941	617.591
81	251.821	615.946
82	258.779	614.502
83	265.816	613.259
84	168.417	645.657
85	168.196	638.333
86	167.843	631.034
87	167.359	623.762
88	166.744	616.515
89	165.997	609.294
90	165.119	602.1
91	164.11	594.931
92	162.969	587.789
93	161.697	580.672
94	160.293	573.581
95	158.758	566.517
96	157.092	559.478
97	155.294	552.466
98	153.365	545.479
99	151.305	538.519
100	149.113	531.584
101	146.79	524.676
102	144.336	517.793
103	141.75	510.937
104	174.031	648.625
105	179.487	644.176
106	184.875	639.659
107	190.194	635.075
108	195.446	630.424
109	200.629	625.707
110	205.745	620.922
111	210.793	616.07
112	215.772	611.151
113	220.684	606.165
114	225.527	601.112
115	230.302	595.992
116	235.01	590.805
117	239.649	585.551
118	244.22	580.23
119	248.723	574.842
120	253.159	569.387
121	257.526	563.865
122	277.69	618.682
123	282.679	624.623
124	287.898	630.041
125	293.347	634.935
126	299.026	639.306
127	304.935	643.153
128	311.075	646.477
129	317.444	649.277
130	324.044	651.554
131	330.874	653.307
132	337.934	654.537
133	345.224	655.243
134	352.744	655.426
135	360.495	655.085
136	273.245	604.454
137	273.963	596.87
138	275.084	589.467
139	276.61	582.244
140	278.54	575.201
141	280.874	568.339
142	283.612	561.656
143	286.754	555.154
144	290.3	548.832
145	294.25	542.69
146	298.604	536.729
147	303.363	530.947
148	308.525	525.346
149	375.817	656.225
150	383.167	657.96
151	390.528	659.426
152	397.897	660.624
153	405.276	661.553
154	412.664	662.213
155	420.061	662.604
156	427.468	662.727
157	434.884	662.58
158	442.31	662.166
159	449.744	661.482
160	457.189	660.53
161	464.642	659.309
162	363.44	648.445
163	358.648	642.569
164	354.1	636.595
165	349.796	630.522
166	345.736	624.35
167	341.919	618.08
168	338.347	611.71
169	335.018	605.242
170	331.933	598.676
171	329.092	592.01
172	326.494	585.246
173	324.141	578.383
174	322.031	571.422
175	320.166	564.361
176	318.544	557.202
177	317.166	549.944
178	316.031	542.588
179	315.141	535.132
180	314.494	527.578
181	479.618	657.628
182	487.104	657.272
183	494.564	656.749
184	501.997	656.061
185	509.403	655.208
186	516.782	654.188
187	524.135	653.003
188	531.461	651.652
189	538.761	650.136
190	546.033	648.453
191	553.279	646.605
192	560.499	644.591
193	469.015	651.141
194	466.114	644.424
195	463.404	637.666
196	460.883	630.869
197	458.551	624.031
198	456.409	617.154
199	454.457	610.237
200	452.695	603.28
201	451.122	596.282
202	449.739	589.245
203	448.545	582.168
204	447.541	575.051
205	446.727	567.894
206	446.102	560.697
207	445.667	553.461
208	445.421	546.184
209	445.365	538.867
210	574.936	642.802
211	582.179	643.023
212	589.418	643.074
213	596.655	642.957
214	603.889	642.669
215	611.121	642.213
216	721.787	608.819
217	719.742	601.67
218	717.782	594.5
219	715.907	587.31
220	714.117	580.099
221	712.412	572.867
222	710.792	565.616
223	709.257	558.343
224	707.807	551.05
225	954.205	646.629
226	951.648	639.79
227	948.95	633.053
228	946.11	626.418
229	943.129	619.885
230	940.006	613.453
231	936.741	607.123
232	933.335	600.895
233	929.788	594.769
234	926.099	588.745
235	922.268	582.822
236	918.296	577.001
237	914.182	571.282
238	909.927	565.665
239	905.531	560.149
240	900.993	554.735
241	896.313	549.423
242	891.492	544.213
243	886.529	539.105
244	881.425	534.098
245	876.179	529.193
246	870.792	524.39
247	865.264	519.689
248	859.593	515.089
249	19.8071	541.836
250	22.2902	535.301
251	24.7816	528.768
252	27.2812	522.24
253	29.7891	515.714
254	32.3052	509.191
255	34.8295	502.672
256	37.3621	496.156
257	39.9029	489.643
258	42.452	483.133
259	45.0093	476.627
260	47.5748	470.124
261	50.1486	463.624
262	140.964	496.955
263	142.605	489.785
264	143.956	482.596
265	145.018	475.387
266	145.789	468.16
267	146.271	460.912
268	146.463	453.646
269	146.365	446.36
270	145.978	439.056
271	145.3	431.731
272	317.483	513.245
273	320.733	506.515
274	323.841	499.738
275	326.806	492.911
276	329.63	486.037
277	332.311	479.113
278	334.85	472.141
279	337.247	465.121
280	339.501	458.052
281	341.614	450.934
282	343.584	443.768
283	345.412	436.554
284	347.098	429.291
285	348.642	421.979
286	321.817	518.799
287	329.393	517.377
288	336.819	515.658
289	344.094	513.643
290	351.22	511.333
291	358.195	508.726
292	365.02	505.823
293	371.695	502.624
294	378.219	499.13
295	384.594	495.339
296	390.819	491.251
297	396.893	486.868
298	402.817	482.189
299	408.591	477.214
300	414.215	471.942
301	453.266	534.259
302	460.941	536.477
303	468.524	538.164
304	476.015	539.321
305	483.413	539.948
306	490.719	540.044
307	497.933	539.61
308	505.055	538.645
309	512.085	537.15
310	519.022	535.125
311	525.867	532.569
312	532.62	529.483
313	539.281	525.866
314	545.85	521.719
315	552.326	517.041
316	657.55	560.846
317	658.683	553.636
318	659.711	546.424
319	660.633	539.21
320	661.45	531.994
321	662.162	524.776
322	662.768	517.556
323	663.269	510.335
324	663.664	503.111
325	663.954	495.886
326	664.139	488.658
327	664.218	481.429
328	664.192	474.198
329	664.06	466.965
330	663.823	459.73
331	663.481	452.493
332	663.033	445.254
333	662.479	438.013
334	661.821	430.77
335	661.057	423.525
336	660.187	416.279
337	659.162	561.528
338	661.949	554.983
339	664.673	548.418
340	667.335	541.833
341	669.933	535.23
342	672.468	528.606
343	674.94	521.963
344	677.349	515.301
345	679.695	508.618
346	681.978	501.917
347	684.198	495.196
348	686.355	488.455
349	688.449	481.695
350	690.479	474.915
351	692.447	468.116
352	694.351	461.297
353	696.193	454.459
354	697.971	447.601
355	699.687	440.724
356	701.339	433.827
357	702.928	426.91
358	704.454	419.974
359	705.918	413.019
360	707.318	406.044
361	706.601	536.503
362	706.755	529.269
363	706.904	522.035
364	707.048	514.801
365	707.187	507.568
366	707.321	500.334
367	707.45	493.099
368	707.573	485.865
369	707.691	478.631
370	707.805	471.397
371	707.913	464.162
372	708.016	456.928
373	708.113	449.693
374	708.206	442.459
375	708.294	435.224
376	708.376	427.989
377	708.453	420.754
378	708.526	413.519
379	708.593	406.284
380	860.907	511.1
381	868.02	511.716
382	875.119	512.438
383	882.205	513.267
384	889.277	514.202
385	896.336	515.245
386	903.382	516.394
387	902.458	515.51
388	894.871	512.969
389	887.651	510.028
390	880.801	506.685
391	874.318	502.942
392	868.205	498.799
393	862.46	494.254
394	857.083	489.309
395	852.075	483.963
396	847.436	478.217
397	843.165	472.07
398	839.263	465.522
399	835.729	458.573
400	832.564	451.224
401	151.382	421.689
402	158.455	419.27
403	165.551	417.129
404	172.67	415.267
405	179.813	413.684
406	186.98	412.38
407	194.17	411.355
408	201.383	410.608
409	208.62	410.141
410	215.88	409.952
411	223.163	410.043
412	230.47	410.412
413	237.8	411.06
414	245.154	411.988
415	252.531	413.194
416	142.441	417.404
417	140.913	410.415
418	139.749	403.423
419	138.948	396.428
420	138.512	389.428
421	138.439	382.425
422	138.729	375.418
423	139.384	368.407
424	140.402	361.392
425	141.784	354.373
426	266.864	415.707
427	273.797	416.563
428	280.729	417.246
429	287.661	417.758
430	294.592	418.098
431	301.524	418.265
432	308.456	418.261
433	315.387	418.084
434	322.319	417.735
435	329.25	417.214
436	336.181	416.521
437	343.112	415.656
438	355.121	419.908
439	360.332	425.02
440	365.674	429.954
441	371.148	434.711
442	376.754	439.29
443	382.491	443.692
444	388.361	447.916
445	394.363	451.963
446	400.496	455.832
447	406.762	459.524
448	413.159	463.038
449	426.158	462.899
450	432.594	459.369
451	438.996	455.786
452	445.365	452.149
453	451.699	448.459
454	458	444.715
455	464.268	440.918
456	470.502	437.067
457	476.702	433.163
458	482.868	429.206
459	489.001	425.195
460	495.1	421.13
461	501.165	417.012
462	507.196	412.84
463	513.194	408.615
464	519.159	404.336
465	532.177	400.048
466	539.262	400.14
467	546.344	400.28
468	553.422	400.468
469	560.497	400.703
470	567.569	400.987
471	574.638	401.318
472	581.704	401.698
473	588.766	402.125
474	595.825	402.6
475	602.881	403.123
476	609.934	403.694
477	616.983	404.312
478	624.029	404.979
479	631.072	405.693
480	638.112	406.456
481	645.149	407.266
482	652.182	408.124
483	713.892	405.581
484	719.306	411.635
485	724.894	417.211
486	730.658	422.309
487	736.597	426.928
488	742.712	431.07
489	749.002	434.733
490	755.468	437.918
491	762.108	440.625
492	768.925	442.854
493	775.916	444.605
494	783.083	445.878
495	790.425	446.673
496	797.943	446.989
497	805.636	446.827
498	813.505	446.188
499	821.548	445.07
500	711.9	392.464
501	715	385.827
502	717.954	379.138
503	720.762	372.397
504	723.424	365.604
505	725.94	358.759
506	728.31	351.863
507	730.534	344.914
508	732.612	337.914
509	734.544	330.861
510	736.331	323.757
511	836.433	439.529
512	843.168	436.015
513	849.972	432.931
514	856.845	430.277
515	863.788	428.055
516	870.8	426.262
517	877.881	424.9
518	885.032	423.969
519	892.252	423.468
520	899.542	423.398
521	906.901	423.758
522	914.329	424.549
523	921.827	425.77
524	826.712	436.898
525	823.55	430.4
526	820.282	423.979
527	816.908	417.634
528	813.427	411.367
529	809.839	405.177
530	806.146	399.063
531	802.345	393.027
532	798.439	387.068
533	794.426	381.185
534	790.306	375.38
535	786.081	369.651
536	781.749	364
537	777.31	358.425
538	772.765	352.928
539	768.114	347.507
540	763.356	342.164
541	758.492	336.897
542	753.521	331.708
543	748.444	326.595
544	743.261	321.56
545	831.43	436.498
546	832.873	429.509
547	834.097	422.506
548	835.102	415.488
549	835.887	408.456
550	836.453	401.41
551	836.8	394.35
552	836.927	387.275
553	836.835	380.187
554	836.524	373.084
555	835.993	365.967
556	833.688	437.548
557	837.648	431.653
558	841.647	425.789
559	845.684	419.956
560	849.76	414.153
561	853.875	408.38
562	858.028	402.638
563	862.221	396.927
564	866.452	391.247
565	870.722	385.597
566	875.031	379.978
567	879.379	374.389
568	883.765	368.831
569	888.19	363.304
570	892.654	357.807
571	897.157	352.341
572	901.699	346.905
573	906.279	341.5
574	910.898	336.126
575	915.556	330.782
576	920.253	325.469
577	924.988	320.186
578	929.763	314.934
579	934.576	309.713
580	40.7858	308.819
581	47.122	312.702
582	53.5315	316.396
583	60.0144	319.904
584	66.5706	323.223
585	73.2001	326.355
586	79.903	329.299
587	86.6793	332.055
588	93.5288	334.624
589	100.452	337.005
590	107.448	339.199
591	114.518	341.205
592	121.661	343.023
593	128.877	344.653
594	136.167	346.096
595	35.8103	297.659
596	37.103	290.571
597	38.4012	283.483
598	39.7049	276.397
599	41.0139	269.311
600	42.3284	262.226
601	43.6484	255.143
602	150.735	349.48
603	157.927	351.178
604	165.103	352.444
605	172.264	353.279
606	179.411	353.682
607	186.543	353.655
608	193.661	353.195
609	200.763	352.305
610	207.851	350.983
611	214.924	349.229
612	221.983	347.045
613	236.019	339.891
614	243.04	335.808
615	250.088	332.179
616	257.166	329.004
617	264.271	326.283
618	271.404	324.017
619	278.566	322.204
620	285.756	320.846
621	292.974	319.942
622	300.22	319.493
623	307.494	319.497
624	314.797	319.956
625	322.128	320.869
626	329.487	322.236
627	336.874	324.058
628	344.289	326.333
629	351.733	329.063
630	359.204	332.247
631	371.392	330.453
632	376.163	325.116
633	381.017	319.873
634	385.953	314.725
635	390.971	309.671
636	396.073	304.712
637	401.257	299.848
638	406.524	295.078
639	411.874	290.403
640	417.306	285.822
641	422.821	281.336
642	428.418	276.945
643	434.098	272.648
644	439.861	268.446
645	445.707	264.338
646	451.635	260.325
647	449.353	296.268
648	452.666	290.147
649	455.207	283.816
650	456.975	277.277
651	457.971	270.529
652	458.195	263.572
653	743.982	312.03
654	749.35	307.093
655	754.076	301.79
656	758.161	296.12
657	761.603	290.084
658	764.402	283.682
659	766.56	276.914
660	768.076	269.78
661	744.234	312.945
662	750.41	309.185
663	756.497	305.319
664	762.496	301.349
665	768.407	297.274
666	774.229	293.094
667	779.964	288.809
668	785.61	284.419
669	791.169	279.925
670	796.639	275.325
671	802.021	270.621
672	807.315	265.812
673	812.521	260.898
674	817.638	255.88
675	822.668	250.756
676	827.609	245.528
677	832.462	240.195
678	837.227	234.757
679	842.648	357.155
680	849.934	355.246
681	857.101	353.109
682	864.149	350.742
683	871.077	348.148
684	877.887	345.325
685	884.577	342.273
686	891.148	338.993
687	897.6	335.484
688	903.933	331.746
689	910.147	327.78
690	916.241	323.586
691	922.217	319.163
692	928.073	314.511
693	933.81	309.631
694	842.068	354.556
695	848.579	350.097
696	854.777	345.458
697	860.66	340.639
698	866.23	335.641
699	871.486	330.463
700	876.428	325.105
701	881.056	319.568
702	885.371	313.851
703	889.372	307.955
704	893.058	301.879
705	896.431	295.623
706	899.491	289.187
707	902.236	282.572
708	904.668	275.777
709	906.785	268.803
710	908.589	261.649
711	910.079	254.315
712	911.256	246.801
713	912.118	239.108
714	912.667	231.236
715	938.237	297.412
716	936.861	290.361
717	935.3	283.371
718	933.553	276.442
719	931.621	269.573
720	929.503	262.764
721	927.2	256.016
722	924.711	249.329
723	922.037	242.701
724	919.177	236.135
725	916.132	229.629
726	51.8281	252.194
727	58.7259	255.866
728	65.6672	259.078
729	72.652	261.829
730	79.6802	264.119
731	86.7519	265.948
732	93.867	267.316
733	101.026	268.224
734	108.228	268.671
735	115.473	268.657
736	122.762	268.183
737	130.095	267.247
738	137.471	265.851
739	144.89	263.994
740	152.353	261.676
741	47.7659	241.387
742	50.5898	234.728
743	53.4457	228.085
744	56.3334	221.458
745	59.253	214.846
746	62.2044	208.249
747	65.1878	201.668
748	68.2029	195.102
749	71.25	188.552
750	74.3289	182.017
751	77.4398	175.497
752	80.5824	168.993
753	83.757	162.504
754	86.9634	156.03
755	90.2017	149.572
756	93.4718	143.129
757	96.7739	136.702
758	100.108	130.29
759	103.474	123.894
760	106.871	117.513
761	110.301	111.147
762	113.762	104.797
763	167.524	259.287
764	175.042	259.29
765	182.414	258.909
766	189.639	258.143
767	196.717	256.991
768	203.649	255.455
769	210.434	253.533
770	217.073	251.227
771	223.565	248.535
772	229.91	245.459
773	236.109	241.997
774	242.162	238.15
775	248.067	233.918
776	253.827	229.302
777	259.439	224.3
778	273.044	216.875
779	281.04	215.422
780	288.893	214.553
781	296.604	214.267
782	304.172	214.567
783	311.598	215.45
784	318.881	216.917
785	326.022	218.969
786	333.02	221.605
787	339.876	224.825
788	346.589	228.629
789	353.159	233.017
790	359.588	237.99
791	452.019	250.599
792	446.721	244.688
793	441.751	238.673
794	437.111	232.554
795	432.799	226.332
796	428.816	220.005
797	425.163	213.576
798	421.838	207.042
799	418.842	200.405
800	416.175	193.665
801	413.837	186.82
802	411.828	179.872
803	410.147	172.82
804	408.796	165.665
805	407.774	158.406
806	407.08	151.043
807	406.716	143.577
808	406.68	136.006
809	406.974	128.333
810	407.596	120.555
811	408.547	112.674
812	656.162	252.224
813	653.658	245.017
814	651.448	237.817
815	649.531	230.622
816	647.908	223.433
817	646.579	216.249
818	645.544	209.072
819	644.803	201.9
820	644.355	194.734
821	644.201	187.573
822	644.341	180.419
823	644.775	173.27
824	645.502	166.127
825	646.524	158.989
826	647.839	151.857
827	649.448	144.732
828	651.351	137.611
829	653.547	130.497
830	656.038	123.388
831	658.822	116.285
832	769.754	254.579
833	770.294	246.966
834	770.57	239.441
835	770.583	232.005
836	770.331	224.657
837	769.815	217.397
838	769.034	210.225
839	767.99	203.141
840	766.682	196.146
841	765.11	189.239
842	763.273	182.419
843	761.172	175.688
844	758.808	169.046
845	756.179	162.491
846	753.286	156.025
847	750.129	149.646
848	746.708	143.356
849	743.023	137.154
850	739.074	131.041
851	734.861	125.015
852	730.383	119.078
853	725.642	113.228
854	720.636	107.467
855	848.754	225.676
856	855.66	222.79
857	862.621	220.556
858	869.638	218.974
859	876.71	218.045
860	883.838	217.768
861	891.021	218.144
862	898.259	219.171
863	905.552	220.851
864	836.37	224.586
865	830.875	219.92
866	825.42	215.214
867	820.004	210.47
868	814.627	205.686
869	809.29	200.863
870	803.992	196.001
871	798.734	191.1
872	793.515	186.159
873	788.335	181.18
874	783.195	176.161
875	778.094	171.104
876	773.032	166.007
877	768.01	160.871
878	763.028	155.696
879	758.084	150.482
880	753.18	145.229
881	748.316	139.936
882	743.491	134.605
883	738.705	129.234
884	733.958	123.824
885	729.251	118.376
886	724.584	112.888
887	719.956	107.361
888	839.307	222.2
889	836.935	215.166
890	834.788	208.11
891	832.867	201.032
892	831.17	193.933
893	829.699	186.813
894	828.452	179.671
895	827.431	172.508
896	826.634	165.324
897	826.063	158.118
898	825.717	150.891
899	825.596	143.642
900	825.7	136.372
901	826.029	129.08
902	826.584	121.768
903	827.363	114.433
904	828.367	107.078
905	69.6521	126.186
906	76.1633	123.739
907	82.5143	121.002
908	88.705	117.973
909	94.7356	114.653
910	100.606	111.041
911	106.316	107.139
912	111.866	102.946
913	56.5975	124.394
914	50.559	120.164
915	44.865	115.653
916	39.5155	110.861
917	34.5105	105.787
918	29.8501	100.432
919	25.5341	94.7954
920	21.5628	88.8776
921	17.9359	82.6784
922	14.6535	76.1978
923	11.7157	69.4359
924	122.42	104.99
925	127.747	111.116
926	133.236	116.84
927	138.888	122.161
928	144.702	127.079
929	150.678	131.595
930	156.816	135.708
931	163.117	139.419
932	169.581	142.727
933	176.206	145.633
934	182.994	148.136
935	189.944	150.237
936	197.057	151.935
937	204.331	153.231
938	211.769	154.124
939	219.368	154.614
940	227.13	154.702
941	235.054	154.388
942	243.14	153.67
943	538.507	141.968
944	544.726	137.924
945	551.019	134.141
946	557.388	130.62
947	563.831	127.361
948	570.349	124.363
949	576.942	121.626
950	583.61	119.151
951	590.353	116.938
952	597.171	114.986
953	604.063	113.295
954	611.031	111.867
955	618.073	110.699
956	625.19	109.794
957	632.382	109.149
958	639.649	108.767
959	646.991	108.646
960	654.408	108.786
961	717.741	95.1324
962	720.232	88.5297
963	722.839	81.9863
964	725.563	75.5022
965	728.402	69.0774
966	731.358	62.712
967	734.43	56.4059
968	737.618	50.159
969	740.923	43.9715
970	744.343	37.8434
971	747.88	31.7745
972	751.533	25.765
973	755.303	19.8148
974	759.188	13.9239
975	836.265	102.458
976	842.953	105.149
977	849.661	107.773
978	856.39	110.332
979	863.139	112.825
980	869.907	115.252
981	876.696	117.613
982	883.505	119.908
983	890.335	122.137
984	897.184	124.3
985	904.053	126.397
986	910.943	128.428
987	917.853	130.393
988	924.783	132.291
989	931.733	134.124
990	938.703	135.891
991	945.694	137.592
992	952.704	139.227
993	959.735	140.796
994	966.786	142.299
995	835.379	93.8643
996	840.276	87.7431
997	844.288	81.3375
998	847.414	74.6475
999	849.655	67.6729
1000	851.011	60.4139
1001	851.481	52.8705
1002	851.066	45.0425
1003	969.114	138.334
1004	964.313	133.001
1005	959.452	127.736
1006	954.531	122.541
1007	949.551	117.414
1008	944.512	112.356
1009	939.414	107.368
1010	934.256	102.448
1011	929.039	97.5976
1012	923.762	92.8159
1013	918.426	88.1032
1014	913.031	83.4594
1015	907.577	78.8847
1016	902.063	74.3789
1017	896.489	69.942
1018	890.857	65.5741
1019	885.164	61.2752
1020	879.413	57.0453
1021	873.602	52.8843
1022	867.732	48.7923
1023	861.803	44.7693
1024	855.814	40.8152
1025	970.827	136.671
1026	968.204	129.607
1027	965.988	122.544
1028	964.178	115.482
1029	962.776	108.422
1030	961.781	101.363
1031	961.193	94.3047
1032	961.012	87.2481
1033	961.237	80.1929
1034	961.87	73.1389
1035	962.909	66.0861
1036	964.356	59.0347
1037	966.209	51.9845
1038	968.47	44.9356
1039	971.137	37.888
1040	156.281	23.4666
1041	162.805	19.3113
1042	169.562	16.1562
1043	176.552	14.0012
1044	183.775	12.8465
1045	191.231	12.692
1046	198.919	13.5376
1047	340.212	43.8997
1048	347.542	43.3897
1049	354.793	42.6527
1050	361.965	41.6889
1051	369.059	40.4981
1052	376.074	39.0803
1053	383.01	37.4357
1054	389.867	35.5641
1055	396.645	33.4656
1056	403.345	31.1402
1057	409.966	28.5879
1058	416.508	25.8086
1059	422.972	22.8024
1060	429.357	19.5693
1061	435.663	16.1093
1062	441.89	12.4224
1063	448.038	8.5085
1064	454.108	4.36771
1065	771.141	6.43252
1066	778.877	5.41909
1067	786.398	5.05201
1068	793.704	5.33127
1069	800.794	6.25688
1070	807.669	7.82883
1071	814.329	10.0471
1072	820.773	12.9118
1073	827.002	16.4228
1074	833.016	20.5801
1075	838.814	25.3838
1076	844.398	30.8338
