NOMBRE : MTLARP7_10_4_2.dat
VERTICES ORIGINALES : 63
VERTICES TOTALES : 978
DEPOTS : 4
60
61
62
63
LINEAS ORIGINALES : 61
LINE 1 2 164.698 15
	64 11.1224
	65 11.0617
	66 11.01
	67 10.9675
	68 10.9344
	69 10.9107
	70 10.8964
	71 10.8917
	72 10.8964
	73 10.9107
	74 10.9344
	75 10.9675
	76 11.01
	77 11.0617
	2 11.1224
LINE 3 11 143.167 13
	78 11.5047
	79 11.2632
	80 11.0617
	81 10.9024
	82 10.7872
	83 10.7174
	84 10.6941
	85 10.7174
	86 10.7872
	87 10.9024
	88 11.0617
	89 11.2632
	11 11.5047
LINE 4 14 234.246 20
	90 12.6588
	91 12.371
	92 12.1093
	93 11.8756
	94 11.6716
	95 11.4989
	96 11.3588
	97 11.2525
	98 11.1811
	99 11.1453
	100 11.1453
	101 11.1811
	102 11.2525
	103 11.3588
	104 11.4989
	105 11.6716
	106 11.8756
	107 12.1093
	108 12.371
	14 12.6588
LINE 5 6 161.324 14
	109 12.4334
	110 12.0269
	111 11.6773
	112 11.3899
	113 11.1695
	114 11.0202
	115 10.9447
	116 10.9447
	117 11.0202
	118 11.1695
	119 11.3899
	120 11.6773
	121 12.0269
	6 12.4334
LINE 5 14 121.354 11
	122 11.1326
	123 11.0726
	124 11.0257
	125 10.992
	126 10.9718
	127 10.965
	128 10.9718
	129 10.992
	130 11.0257
	131 11.0726
	14 11.1326
LINE 6 15 187.018 16
	132 12.5063
	133 12.1891
	134 11.9105
	135 11.6732
	136 11.4799
	137 11.3327
	138 11.2336
	139 11.1836
	140 11.1836
	141 11.2336
	142 11.3327
	143 11.4799
	144 11.6732
	145 11.9105
	146 12.1891
	15 12.5063
LINE 7 16 177.839 16
	147 11.1356
	148 11.1273
	149 11.1203
	150 11.1144
	151 11.1096
	152 11.1061
	153 11.1037
	154 11.1026
	155 11.1026
	156 11.1037
	157 11.1061
	158 11.1096
	159 11.1144
	160 11.1203
	161 11.1273
	16 11.1356
LINE 8 9 208.324 19
	162 11.2993
	163 11.1892
	164 11.0912
	165 11.0056
	166 10.9326
	167 10.8725
	168 10.8256
	169 10.7919
	170 10.7716
	171 10.7649
	172 10.7716
	173 10.7919
	174 10.8256
	175 10.8725
	176 10.9326
	177 11.0056
	178 11.0912
	179 11.1892
	9 11.2993
LINE 8 17 201.613 18
	180 11.3071
	181 11.2697
	182 11.2369
	183 11.2087
	184 11.1852
	185 11.1663
	186 11.1521
	187 11.1427
	188 11.1379
	189 11.1379
	190 11.1427
	191 11.1521
	192 11.1663
	193 11.1852
	194 11.2087
	195 11.2369
	196 11.2697
	17 11.3071
LINE 9 18 170.358 15
	197 12.2869
	198 11.9021
	199 11.5666
	200 11.2846
	201 11.0604
	202 10.8974
	203 10.7984
	204 10.7652
	205 10.7984
	206 10.8974
	207 11.0604
	208 11.2846
	209 11.5666
	210 11.9021
	18 12.2869
LINE 9 19 203.751 18
	211 11.9128
	212 11.7083
	213 11.5265
	214 11.3683
	215 11.2348
	216 11.1268
	217 11.0451
	218 10.9903
	219 10.9628
	220 10.9628
	221 10.9903
	222 11.0451
	223 11.1268
	224 11.2348
	225 11.3683
	226 11.5265
	227 11.7083
	19 11.9128
LINE 10 11 227.09 21
	228 10.8253
	229 10.8219
	230 10.8188
	231 10.8161
	232 10.8137
	233 10.8117
	234 10.8101
	235 10.8088
	236 10.8079
	237 10.8073
	238 10.8072
	239 10.8073
	240 10.8079
	241 10.8088
	242 10.8101
	243 10.8117
	244 10.8137
	245 10.8161
	246 10.8188
	247 10.8219
	11 10.8253
LINE 12 13 156.613 14
	248 11.1935
	249 11.1903
	250 11.1877
	251 11.1856
	252 11.184
	253 11.183
	254 11.1825
	255 11.1825
	256 11.183
	257 11.184
	258 11.1856
	259 11.1877
	260 11.1903
	13 11.1935
LINE 13 14 157.09 14
	261 11.3969
	262 11.3161
	263 11.2483
	264 11.1938
	265 11.1528
	266 11.1253
	267 11.1116
	268 11.1116
	269 11.1253
	270 11.1528
	271 11.1938
	272 11.2483
	273 11.3161
	14 11.3969
LINE 14 22 316.552 29
	274 11.0373
	275 11.0114
	276 10.9873
	277 10.9651
	278 10.9448
	279 10.9264
	280 10.9099
	281 10.8954
	282 10.8827
	283 10.872
	284 10.8632
	285 10.8564
	286 10.8515
	287 10.8486
	288 10.8476
	289 10.8486
	290 10.8515
	291 10.8564
	292 10.8632
	293 10.872
	294 10.8827
	295 10.8954
	296 10.9099
	297 10.9264
	298 10.9448
	299 10.9651
	300 10.9873
	301 11.0114
	22 11.0373
LINE 15 24 196.878 18
	302 10.9887
	303 10.9708
	304 10.955
	305 10.9415
	306 10.9302
	307 10.9211
	308 10.9144
	309 10.9098
	310 10.9076
	311 10.9076
	312 10.9098
	313 10.9144
	314 10.9211
	315 10.9302
	316 10.9415
	317 10.955
	318 10.9708
	24 10.9887
LINE 17 27 265.897 23
	319 12.6605
	320 12.3739
	321 12.1087
	322 11.8664
	323 11.6484
	324 11.4562
	325 11.291
	326 11.1539
	327 11.0462
	328 10.9686
	329 10.9218
	330 10.9061
	331 10.9218
	332 10.9686
	333 11.0462
	334 11.1539
	335 11.291
	336 11.4562
	337 11.6484
	338 11.8664
	339 12.1087
	340 12.3739
	27 12.6605
LINE 18 19 94.0911 8
	341 12.2036
	342 11.8286
	343 11.5719
	344 11.4414
	345 11.4414
	346 11.5719
	347 11.8286
	19 12.2036
LINE 18 27 216.791 20
	348 11.0336
	349 10.9728
	350 10.9185
	351 10.8708
	352 10.8297
	353 10.7954
	354 10.7678
	355 10.7471
	356 10.7333
	357 10.7263
	358 10.7263
	359 10.7333
	360 10.7471
	361 10.7678
	362 10.7954
	363 10.8297
	364 10.8708
	365 10.9185
	366 10.9728
	27 11.0336
LINE 20 21 205.643 18
	367 11.8236
	368 11.685
	369 11.5624
	370 11.4562
	371 11.367
	372 11.2951
	373 11.2409
	374 11.2046
	375 11.1864
	376 11.1864
	377 11.2046
	378 11.2409
	379 11.2951
	380 11.367
	381 11.4562
	382 11.5624
	383 11.685
	21 11.8236
LINE 20 29 147.913 13
	384 11.4409
	385 11.4095
	386 11.3837
	387 11.3636
	388 11.3492
	389 11.3406
	390 11.3377
	391 11.3406
	392 11.3492
	393 11.3636
	394 11.3837
	395 11.4095
	29 11.4409
LINE 20 31 227.769 21
	396 11.0258
	397 10.9723
	398 10.9242
	399 10.8817
	400 10.8446
	401 10.8132
	402 10.7874
	403 10.7673
	404 10.7529
	405 10.7443
	406 10.7414
	407 10.7443
	408 10.7529
	409 10.7673
	410 10.7874
	411 10.8132
	412 10.8446
	413 10.8817
	414 10.9242
	415 10.9723
	31 11.0258
LINE 21 22 97.3482 9
	416 10.8331
	417 10.8206
	418 10.8117
	419 10.8063
	420 10.8046
	421 10.8063
	422 10.8117
	423 10.8206
	22 10.8331
LINE 22 23 197.99 18
	424 11.0101
	425 11.0063
	426 11.003
	427 11.0002
	428 10.9979
	429 10.996
	430 10.9946
	431 10.9937
	432 10.9932
	433 10.9932
	434 10.9937
	435 10.9946
	436 10.996
	437 10.9979
	438 11.0002
	439 11.003
	440 11.0063
	23 11.0101
LINE 24 34 177.904 16
	441 11.3985
	442 11.2879
	443 11.1923
	444 11.112
	445 11.0473
	446 10.9985
	447 10.9659
	448 10.9496
	449 10.9496
	450 10.9659
	451 10.9985
	452 11.0473
	453 11.112
	454 11.1923
	455 11.2879
	34 11.3985
LINE 25 26 83.5766 8
	456 10.4473
	457 10.4471
	458 10.447
	459 10.4469
	460 10.4469
	461 10.447
	462 10.4471
	26 10.4473
LINE 25 35 240.482 22
	463 11.0808
	464 11.0383
	465 10.9999
	466 10.9656
	467 10.9356
	468 10.9097
	469 10.8881
	470 10.8709
	471 10.8579
	472 10.8492
	473 10.8449
	474 10.8449
	475 10.8492
	476 10.8579
	477 10.8709
	478 10.8881
	479 10.9097
	480 10.9356
	481 10.9656
	482 10.9999
	483 11.0383
	35 11.0808
LINE 26 36 217.886 20
	484 10.9652
	485 10.9429
	486 10.923
	487 10.9056
	488 10.8906
	489 10.8781
	490 10.8681
	491 10.8606
	492 10.8556
	493 10.8531
	494 10.8531
	495 10.8556
	496 10.8606
	497 10.8681
	498 10.8781
	499 10.8906
	500 10.9056
	501 10.923
	502 10.9429
	36 10.9652
LINE 27 28 87.3838 8
	503 11.2161
	504 10.9668
	505 10.7974
	506 10.7116
	507 10.7116
	508 10.7974
	509 10.9668
	28 11.2161
LINE 27 38 178.188 15
	510 12.8814
	511 12.4671
	512 12.1054
	513 11.8013
	514 11.5592
	515 11.3832
	516 11.2762
	517 11.2403
	518 11.2762
	519 11.3832
	520 11.5592
	521 11.8013
	522 12.1054
	523 12.4671
	38 12.8814
LINE 29 39 231.174 21
	524 11.0887
	525 11.0647
	526 11.0431
	527 11.024
	528 11.0075
	529 10.9935
	530 10.982
	531 10.9731
	532 10.9667
	533 10.9628
	534 10.9615
	535 10.9628
	536 10.9667
	537 10.9731
	538 10.982
	539 10.9935
	540 11.0075
	541 11.024
	542 11.0431
	543 11.0647
	39 11.0887
LINE 30 31 174.401 16
	544 10.9404
	545 10.9243
	546 10.9105
	547 10.899
	548 10.8897
	549 10.8828
	550 10.8782
	551 10.8759
	552 10.8759
	553 10.8782
	554 10.8828
	555 10.8897
	556 10.899
	557 10.9105
	558 10.9243
	31 10.9404
LINE 30 40 115.563 11
	559 10.5058
	560 10.5058
	561 10.5057
	562 10.5056
	563 10.5056
	564 10.5056
	565 10.5056
	566 10.5056
	567 10.5057
	568 10.5058
	40 10.5058
LINE 30 41 174.818 16
	569 10.937
	570 10.9327
	571 10.9289
	572 10.9258
	573 10.9234
	574 10.9215
	575 10.9203
	576 10.9196
	577 10.9196
	578 10.9203
	579 10.9215
	580 10.9234
	581 10.9258
	582 10.9289
	583 10.9327
	41 10.937
LINE 31 32 141.865 12
	584 12.6565
	585 12.2137
	586 11.8476
	587 11.5654
	588 11.3733
	589 11.2761
	590 11.2761
	591 11.3733
	592 11.5654
	593 11.8476
	594 12.2137
	32 12.6565
LINE 31 41 116.912 11
	595 10.8702
	596 10.7263
	597 10.6131
	598 10.5314
	599 10.4821
	600 10.4656
	601 10.4821
	602 10.5314
	603 10.6131
	604 10.7263
	41 10.8702
LINE 32 42 122.324 11
	605 11.3381
	606 11.2084
	607 11.1065
	608 11.0331
	609 10.9889
	610 10.9741
	611 10.9889
	612 11.0331
	613 11.1065
	614 11.2084
	42 11.3381
LINE 33 34 187.64 17
	615 11.1164
	616 11.0869
	617 11.0614
	618 11.0397
	619 11.0219
	620 11.0081
	621 10.9982
	622 10.9923
	623 10.9903
	624 10.9923
	625 10.9982
	626 11.0081
	627 11.0219
	628 11.0397
	629 11.0614
	630 11.0869
	34 11.1164
LINE 33 42 212.431 19
	631 11.2854
	632 11.2506
	633 11.2198
	634 11.1931
	635 11.1704
	636 11.1518
	637 11.1373
	638 11.1269
	639 11.1207
	640 11.1186
	641 11.1207
	642 11.1269
	643 11.1373
	644 11.1518
	645 11.1704
	646 11.1931
	647 11.2198
	648 11.2506
	42 11.2854
LINE 34 44 126.701 12
	649 10.5728
	650 10.565
	651 10.5587
	652 10.5539
	653 10.5508
	654 10.5492
	655 10.5492
	656 10.5508
	657 10.5539
	658 10.5587
	659 10.565
	44 10.5728
LINE 36 47 218.465 20
	660 10.9362
	661 10.9321
	662 10.9285
	663 10.9253
	664 10.9226
	665 10.9203
	666 10.9185
	667 10.9172
	668 10.9162
	669 10.9158
	670 10.9158
	671 10.9162
	672 10.9172
	673 10.9185
	674 10.9203
	675 10.9226
	676 10.9253
	677 10.9285
	678 10.9321
	47 10.9362
LINE 37 47 154.224 13
	679 12.9458
	680 12.4242
	681 11.9805
	682 11.6237
	683 11.362
	684 11.202
	685 11.1482
	686 11.202
	687 11.362
	688 11.6237
	689 11.9805
	690 12.4242
	47 12.9458
LINE 41 42 207.471 19
	691 10.9693
	692 10.9528
	693 10.9381
	694 10.9254
	695 10.9147
	696 10.9059
	697 10.899
	698 10.8941
	699 10.8912
	700 10.8902
	701 10.8912
	702 10.8941
	703 10.899
	704 10.9059
	705 10.9147
	706 10.9254
	707 10.9381
	708 10.9528
	42 10.9693
LINE 41 50 165.774 15
	709 11.5485
	710 11.3396
	711 11.1599
	712 11.0106
	713 10.8931
	714 10.8083
	715 10.7572
	716 10.7401
	717 10.7572
	718 10.8083
	719 10.8931
	720 11.0106
	721 11.1599
	722 11.3396
	50 11.5485
LINE 42 43 129.102 12
	723 10.8695
	724 10.8092
	725 10.7607
	726 10.7242
	727 10.6999
	728 10.6876
	729 10.6876
	730 10.6999
	731 10.7242
	732 10.7607
	733 10.8092
	43 10.8695
LINE 42 51 120.677 11
	734 11.064
	735 11.0081
	736 10.9645
	737 10.9332
	738 10.9144
	739 10.9082
	740 10.9144
	741 10.9332
	742 10.9645
	743 11.0081
	51 11.064
LINE 42 52 179.95 16
	744 11.2702
	745 11.2609
	746 11.2529
	747 11.2462
	748 11.2409
	749 11.2368
	750 11.2342
	751 11.2328
	752 11.2328
	753 11.2342
	754 11.2368
	755 11.2409
	756 11.2462
	757 11.2529
	758 11.2609
	52 11.2702
LINE 43 44 141.85 13
	759 11.0468
	760 10.9795
	761 10.9242
	762 10.8809
	763 10.8499
	764 10.8313
	765 10.8251
	766 10.8313
	767 10.8499
	768 10.8809
	769 10.9242
	770 10.9795
	44 11.0468
LINE 44 53 93.8013 9
	771 10.4224
	772 10.4224
	773 10.4224
	774 10.4224
	775 10.4223
	776 10.4224
	777 10.4224
	778 10.4224
	53 10.4224
LINE 45 46 180.027 16
	779 11.6362
	780 11.4847
	781 11.3532
	782 11.2425
	783 11.1532
	784 11.0857
	785 11.0404
	786 11.0177
	787 11.0177
	788 11.0404
	789 11.0857
	790 11.1532
	791 11.2425
	792 11.3532
	793 11.4847
	46 11.6362
LINE 45 54 265.948 23
	794 12.599
	795 12.3283
	796 12.0781
	797 11.8498
	798 11.6446
	799 11.4639
	800 11.3086
	801 11.18
	802 11.079
	803 11.0062
	804 10.9623
	805 10.9477
	806 10.9623
	807 11.0062
	808 11.079
	809 11.18
	810 11.3086
	811 11.4639
	812 11.6446
	813 11.8498
	814 12.0781
	815 12.3283
	54 12.599
LINE 47 55 214.033 20
	816 10.7699
	817 10.7484
	818 10.7293
	819 10.7125
	820 10.6981
	821 10.6861
	822 10.6765
	823 10.6693
	824 10.6645
	825 10.662
	826 10.662
	827 10.6645
	828 10.6693
	829 10.6765
	830 10.6861
	831 10.6981
	832 10.7125
	833 10.7293
	834 10.7484
	55 10.7699
LINE 48 56 256.475 23
	835 11.6673
	836 11.5297
	837 11.4037
	838 11.2898
	839 11.1883
	840 11.0996
	841 11.024
	842 10.9617
	843 10.913
	844 10.8782
	845 10.8572
	846 10.8502
	847 10.8572
	848 10.8782
	849 10.913
	850 10.9617
	851 11.024
	852 11.0996
	853 11.1883
	854 11.2898
	855 11.4037
	856 11.5297
	56 11.6673
LINE 49 57 204.268 18
	857 12.0114
	858 11.7835
	859 11.5803
	860 11.4034
	861 11.2538
	862 11.1327
	863 11.0409
	864 10.9794
	865 10.9485
	866 10.9485
	867 10.9794
	868 11.0409
	869 11.1327
	870 11.2538
	871 11.4034
	872 11.5803
	873 11.7835
	57 12.0114
LINE 50 51 139.764 13
	874 10.8426
	875 10.797
	876 10.7596
	877 10.7304
	878 10.7094
	879 10.6969
	880 10.6927
	881 10.6969
	882 10.7094
	883 10.7304
	884 10.7596
	885 10.797
	51 10.8426
LINE 50 57 232.495 21
	886 11.3136
	887 11.2416
	888 11.1769
	889 11.1194
	890 11.0693
	891 11.0268
	892 10.9919
	893 10.9647
	894 10.9452
	895 10.9335
	896 10.9295
	897 10.9335
	898 10.9452
	899 10.9647
	900 10.9919
	901 11.0268
	902 11.0693
	903 11.1194
	904 11.1769
	905 11.2416
	57 11.3136
LINE 50 58 196.649 17
	906 12.4541
	907 12.1328
	908 11.8473
	909 11.6003
	910 11.3941
	911 11.2312
	912 11.1134
	913 11.042
	914 11.0182
	915 11.042
	916 11.1134
	917 11.2312
	918 11.3941
	919 11.6003
	920 11.8473
	921 12.1328
	58 12.4541
LINE 51 58 156.761 14
	922 11.2764
	923 11.2399
	924 11.2095
	925 11.1851
	926 11.1667
	927 11.1545
	928 11.1484
	929 11.1484
	930 11.1545
	931 11.1667
	932 11.1851
	933 11.2095
	934 11.2399
	58 11.2764
LINE 51 59 250.83 22
	935 12.182
	936 11.9661
	937 11.7685
	938 11.5899
	939 11.4314
	940 11.2938
	941 11.1778
	942 11.0841
	943 11.0133
	944 10.9659
	945 10.9421
	946 10.9421
	947 10.9659
	948 11.0133
	949 11.0841
	950 11.1778
	951 11.2938
	952 11.4314
	953 11.5899
	954 11.7685
	955 11.9661
	59 12.182
LINE 52 53 165.126 15
	956 11.0178
	957 11.0138
	958 11.0104
	959 11.0076
	960 11.0054
	961 11.0038
	962 11.0029
	963 11.0026
	964 11.0029
	965 11.0038
	966 11.0054
	967 11.0076
	968 11.0104
	969 11.0138
	53 11.0178
LINE 58 59 117.297 10
	970 12.2993
	971 11.926
	972 11.6381
	973 11.4422
	974 11.3429
	975 11.3429
	976 11.4422
	977 11.6381
	978 11.926
	59 12.2993
COORDENADAS :
1	119.372	641.284
2	228.278	639.784
3	444.142	647.033
4	711.068	600.656
5	805.73	623.85
6	903.264	653.912
7	13.0399	560.831
8	95.1976	550.731
9	231.043	562.517
10	299.829	537.43
11	450.158	554.546
12	654.582	513.756
13	750.126	555.759
14	853.756	559.357
15	949.342	543.95
16	0	443.125
17	105.567	417.486
18	238.272	455.108
19	298.983	449.912
20	520.684	405.644
21	643.476	459.814
22	695.742	421.463
23	827.15	433.048
24	940.361	413.371
25	37.962	369.592
26	88.0923	345.275
27	235.433	312.13
28	292.066	319.188
29	434.382	358.665
30	525.984	325.926
31	641.583	316.217
32	731.694	316.157
33	801.339	367.913
34	906.74	301.542
35	40.8631	210.568
36	90.3055	200.587
37	211.419	245.012
38	311.045	228.96
39	416.174	206.287
40	525.181	248.889
41	610.677	245.967
42	748.355	237.424
43	826.919	203.719
44	919.622	218.139
45	16.8938	160.374
46	121.079	106.061
47	226.625	149.598
48	441.51	160.436
49	546.556	120.451
50	647.524	145.084
51	739.297	157.945
52	840.611	160.974
53	950.6	163.818
54	123.555	30.752
55	294.552	24.7212
56	544.631	29.8804
57	598.906	0
58	733.04	54.0889
59	791.478	6.2273
60	683.394	62.3275
61	338.687	690.228
62	612.316	547.032
63	220.519	601.144
64	126.653	642.686
65	133.931	643.874
66	141.206	644.847
67	148.479	645.606
68	155.748	646.15
69	163.014	646.479
70	170.278	646.594
71	177.538	646.494
72	184.795	646.179
73	192.05	645.65
74	199.302	644.906
75	206.55	643.947
76	213.796	642.774
77	221.038	641.387
78	441.783	639.735
79	439.894	632.467
80	438.475	625.231
81	437.527	618.025
82	437.049	610.849
83	437.041	603.704
84	437.504	596.59
85	438.437	589.506
86	439.841	582.453
87	441.715	575.43
88	444.059	568.438
89	446.873	561.477
90	717.088	594.742
91	723.226	589.233
92	729.481	584.129
93	735.853	579.43
94	742.342	575.137
95	748.949	571.249
96	755.673	567.766
97	762.514	564.688
98	769.473	562.015
99	776.548	559.748
100	783.741	557.885
101	791.052	556.428
102	798.479	555.376
103	806.024	554.729
104	813.686	554.488
105	821.465	554.651
106	829.362	555.22
107	837.376	556.194
108	845.507	557.573
109	813.858	622.227
110	821.808	621.185
111	829.579	620.723
112	837.172	620.84
113	844.585	621.538
114	851.82	622.815
115	858.876	624.672
116	865.754	627.109
117	872.452	630.127
118	878.972	633.724
119	885.313	637.901
120	891.476	642.658
121	897.459	647.995
122	811.125	618.753
123	816.314	613.503
124	821.297	608.1
125	826.075	602.543
126	830.647	596.834
127	835.013	590.971
128	839.173	584.955
129	843.127	578.785
130	846.876	572.462
131	850.419	565.986
132	909.594	648.484
133	915.463	642.865
134	920.873	637.052
135	925.822	631.047
136	930.312	624.849
137	934.341	618.458
138	937.911	611.874
139	941.021	605.098
140	943.671	598.129
141	945.861	590.967
142	947.591	583.613
143	948.861	576.066
144	949.671	568.326
145	950.021	560.393
146	949.912	552.268
147	12.794	553.411
148	12.4721	546
149	12.0744	538.597
150	11.6008	531.203
151	11.0513	523.817
152	10.426	516.439
153	9.72482	509.07
154	8.94776	501.709
155	8.09482	494.357
156	7.16603	487.013
157	6.16136	479.677
158	5.08082	472.35
159	3.92442	465.031
160	2.69215	457.721
161	1.38401	450.419
162	102.545	549.07
163	109.871	547.663
164	117.174	546.51
165	124.456	545.61
166	131.716	544.963
167	138.953	544.57
168	146.169	544.43
169	153.363	544.544
170	160.535	544.911
171	167.684	545.531
172	174.812	546.405
173	181.918	547.532
174	189.002	548.912
175	196.063	550.546
176	203.103	552.433
177	210.121	554.574
178	217.117	556.968
179	224.091	559.616
180	97.0712	543.429
181	98.7922	536.116
182	100.361	528.79
183	101.776	521.453
184	103.039	514.104
185	104.15	506.743
186	105.107	499.37
187	105.912	491.986
188	106.565	484.589
189	107.065	477.181
190	107.412	469.76
191	107.606	462.328
192	107.648	454.884
193	107.537	447.428
194	107.274	439.96
195	106.857	432.481
196	106.289	424.989
197	227.585	555.091
198	224.69	547.703
199	222.358	540.353
200	220.589	533.041
201	219.382	525.767
202	218.739	518.53
203	218.658	511.332
204	219.14	504.171
205	220.185	497.049
206	221.792	489.964
207	223.963	482.917
208	226.696	475.908
209	229.992	468.937
210	233.85	462.003
211	232.152	554.653
212	233.574	546.978
213	235.31	539.492
214	237.36	532.196
215	239.723	525.088
216	242.4	518.17
217	245.391	511.442
218	248.695	504.902
219	252.313	498.552
220	256.244	492.391
221	260.489	486.419
222	265.047	480.636
223	269.919	475.042
224	275.105	469.638
225	280.604	464.423
226	286.417	459.397
227	292.543	454.56
228	306.94	538.66
229	314.056	539.849
230	321.177	540.996
231	328.303	542.101
232	335.433	543.165
233	342.568	544.188
234	349.707	545.169
235	356.852	546.109
236	364.001	547.007
237	371.154	547.863
238	378.313	548.678
239	385.476	549.452
240	392.644	550.184
241	399.817	550.874
242	406.994	551.523
243	414.176	552.131
244	421.363	552.697
245	428.555	553.221
246	435.751	553.705
247	442.952	554.146
248	661.54	516.452
249	668.478	519.195
250	675.395	521.985
251	682.291	524.822
252	689.167	527.706
253	696.023	530.636
254	702.857	533.613
255	709.672	536.636
256	716.465	539.707
257	723.239	542.824
258	729.991	545.988
259	736.723	549.198
260	743.435	552.455
261	757.587	554.323
262	765.039	553.147
263	772.482	552.232
264	779.915	551.577
265	787.34	551.182
266	794.756	551.049
267	802.162	551.175
268	809.56	551.562
269	816.949	552.21
270	824.328	553.119
271	831.699	554.287
272	839.06	555.717
273	846.412	557.407
274	849.2	553.579
275	844.58	547.873
276	839.897	542.241
277	835.15	536.682
278	830.339	531.196
279	825.465	525.783
280	820.526	520.444
281	815.524	515.177
282	810.458	509.984
283	805.328	504.863
284	800.135	499.816
285	794.877	494.841
286	789.556	489.94
287	784.171	485.112
288	778.723	480.357
289	773.21	475.675
290	767.634	471.067
291	761.994	466.531
292	756.29	462.069
293	750.522	457.679
294	744.691	453.363
295	738.795	449.119
296	732.836	444.949
297	726.813	440.852
298	720.727	436.828
299	714.576	432.877
300	708.362	429
301	702.084	425.195
302	947.955	536.757
303	946.672	529.556
304	945.494	522.349
305	944.42	515.134
306	943.451	507.912
307	942.586	500.682
308	941.826	493.446
309	941.171	486.202
310	940.619	478.952
311	940.173	471.694
312	939.831	464.428
313	939.593	457.156
314	939.46	449.877
315	939.431	442.59
316	939.507	435.296
317	939.687	427.995
318	939.972	420.687
319	113.914	416.234
320	122.016	414.68
321	129.872	412.823
322	137.482	410.663
323	144.847	408.201
324	151.967	405.436
325	158.84	402.368
326	165.469	398.998
327	171.852	395.325
328	177.989	391.35
329	183.881	387.072
330	189.527	382.491
331	194.928	377.608
332	200.083	372.422
333	204.993	366.933
334	209.657	361.142
335	214.076	355.048
336	218.249	348.652
337	222.177	341.953
338	225.859	334.951
339	229.296	327.647
340	232.487	320.04
341	245.617	451.609
342	253.032	448.925
343	260.516	447.055
344	268.07	445.998
345	275.694	445.756
346	283.387	446.327
347	291.15	447.713
348	236.404	447.993
349	234.718	440.875
350	233.213	433.753
351	231.89	426.628
352	230.749	419.499
353	229.79	412.366
354	229.012	405.23
355	228.416	398.09
356	228.001	390.946
357	227.768	383.799
358	227.717	376.649
359	227.848	369.494
360	228.16	362.336
361	228.654	355.175
362	229.33	348.01
363	230.187	340.841
364	231.226	333.669
365	232.446	326.493
366	233.849	319.313
367	526.473	410.993
368	532.384	416.067
369	538.417	420.865
370	544.571	425.389
371	550.846	429.637
372	557.243	433.609
373	563.761	437.307
374	570.401	440.729
375	577.162	443.876
376	584.045	446.748
377	591.048	449.345
378	598.174	451.666
379	605.421	453.712
380	612.789	455.483
381	620.278	456.979
382	627.889	458.199
383	635.622	459.144
384	513.556	402.928
385	506.51	400.062
386	499.546	397.047
387	492.663	393.882
388	485.861	390.568
389	479.141	387.104
390	472.503	383.49
391	465.946	379.726
392	459.47	375.813
393	453.076	371.751
394	446.763	367.538
395	440.531	363.176
396	527.427	402.719
397	534.072	399.661
398	540.618	396.469
399	547.066	393.144
400	553.415	389.686
401	559.665	386.094
402	565.817	382.369
403	571.87	378.511
404	577.824	374.519
405	583.68	370.394
406	589.437	366.136
407	595.096	361.744
408	600.655	357.219
409	606.117	352.56
410	611.479	347.768
411	616.743	342.843
412	621.908	337.785
413	626.975	332.593
414	631.943	327.267
415	636.812	321.809
416	649.593	455.976
417	655.633	452.032
418	661.596	447.982
419	667.481	443.826
420	673.288	439.565
421	679.018	435.198
422	684.67	430.726
423	690.245	426.147
424	703.007	422.512
425	710.276	423.514
426	717.549	424.468
427	724.826	425.374
428	732.108	426.232
429	739.394	427.042
430	746.683	427.805
431	753.978	428.521
432	761.276	429.188
433	768.578	429.808
434	775.885	430.38
435	783.196	430.904
436	790.511	431.381
437	797.831	431.81
438	805.154	432.191
439	812.482	432.525
440	819.814	432.81
441	940.286	405.772
442	939.942	398.255
443	939.326	390.819
444	938.441	383.464
445	937.286	376.19
446	935.86	368.998
447	934.164	361.887
448	932.198	354.857
449	929.961	347.908
450	927.455	341.041
451	924.678	334.255
452	921.631	327.55
453	918.313	320.926
454	914.726	314.384
455	910.868	307.922
456	44.2047	366.504
457	50.4542	363.429
458	56.7104	360.369
459	62.9733	357.322
460	69.243	354.29
461	75.5194	351.271
462	81.8025	348.266
463	39.6116	362.391
464	41.1166	355.188
465	42.4771	347.982
466	43.6931	340.773
467	44.7645	333.562
468	45.6913	326.348
469	46.4737	319.132
470	47.1114	311.913
471	47.6047	304.691
472	47.9534	297.467
473	48.1575	290.24
474	48.2171	283.01
475	48.1321	275.778
476	47.9026	268.543
477	47.5286	261.305
478	47.01	254.065
479	46.3469	246.822
480	45.5392	239.577
481	44.587	232.328
482	43.4902	225.078
483	42.2489	217.824
484	89.2468	338.056
485	90.2915	330.836
486	91.2263	323.614
487	92.0512	316.391
488	92.7662	309.166
489	93.3713	301.939
490	93.8666	294.711
491	94.2519	287.48
492	94.5274	280.249
493	94.693	273.015
494	94.7487	265.78
495	94.6946	258.543
496	94.5305	251.304
497	94.2566	244.064
498	93.8728	236.822
499	93.3791	229.579
500	92.7755	222.333
501	92.0621	215.086
502	91.2387	207.838
503	242.235	315.235
504	249.116	317.705
505	256.076	319.54
506	263.116	320.74
507	270.235	321.305
508	277.433	321.235
509	284.71	320.529
510	243.577	309.407
511	251.278	306.281
512	258.536	302.751
513	265.35	298.819
514	271.721	294.483
515	277.648	289.745
516	283.133	284.603
517	288.173	279.059
518	292.771	273.111
519	296.925	266.76
520	300.636	260.006
521	303.903	252.849
522	306.727	245.289
523	309.107	237.326
524	432.406	351.541
525	430.541	344.404
526	428.787	337.254
527	427.144	330.091
528	425.612	322.914
529	424.191	315.724
530	422.881	308.521
531	421.681	301.305
532	420.592	294.075
533	419.614	286.833
534	418.747	279.576
535	417.991	272.307
536	417.346	265.025
537	416.811	257.729
538	416.388	250.42
539	416.075	243.097
540	415.873	235.762
541	415.782	228.413
542	415.802	221.051
543	415.932	213.676
544	533.275	326.109
545	540.557	326.187
546	547.831	326.159
547	555.096	326.026
548	562.352	325.788
549	569.599	325.444
550	576.837	324.995
551	584.066	324.441
552	591.287	323.782
553	598.499	323.017
554	605.701	322.147
555	612.895	321.171
556	620.081	320.091
557	627.257	318.905
558	634.424	317.613
559	525.866	318.923
560	525.756	311.92
561	525.656	304.917
562	525.565	297.914
563	525.483	290.911
564	525.41	283.907
565	525.346	276.904
566	525.291	269.9
567	525.245	262.897
568	525.208	255.893
569	530.994	320.629
570	536.043	315.372
571	541.129	310.155
572	546.253	304.978
573	551.414	299.841
574	556.613	294.744
575	561.85	289.686
576	567.124	284.669
577	572.437	279.691
578	577.786	274.754
579	583.174	269.856
580	588.599	264.998
581	594.062	260.181
582	599.563	255.403
583	605.101	250.665
584	649.095	320.059
585	656.606	323.203
586	664.117	325.646
587	671.627	327.39
588	679.137	328.434
589	686.647	328.779
590	694.156	328.425
591	701.664	327.37
592	709.173	325.616
593	716.68	323.163
594	724.187	320.01
595	640.566	309.041
596	639.191	302.024
597	637.457	295.164
598	635.365	288.463
599	632.914	281.918
600	630.104	275.532
601	626.936	269.303
602	623.409	263.233
603	619.524	257.32
604	615.28	251.564
605	735.067	309.393
606	738.069	302.55
607	740.699	295.628
608	742.957	288.628
609	744.844	281.549
610	746.358	274.391
611	747.501	267.155
612	748.272	259.84
613	748.672	252.447
614	748.699	244.975
615	808.133	364.951
616	814.852	361.871
617	821.496	358.673
618	828.067	355.357
619	834.564	351.924
620	840.986	348.373
621	847.334	344.704
622	853.609	340.918
623	859.809	337.014
624	865.934	332.992
625	871.986	328.852
626	877.964	324.595
627	883.867	320.22
628	889.697	315.727
629	895.452	311.117
630	901.133	306.388
631	797.357	361.53
632	793.507	355.093
633	789.789	348.602
634	786.205	342.057
635	782.753	335.459
636	779.434	328.807
637	776.247	322.1
638	773.193	315.34
639	770.272	308.526
640	767.483	301.658
641	764.827	294.737
642	762.304	287.761
643	759.913	280.732
644	757.655	273.648
645	755.53	266.511
646	753.537	259.32
647	751.677	252.075
648	749.95	244.776
649	908.281	294.664
650	909.737	287.773
651	911.107	280.869
652	912.393	273.951
653	913.594	267.021
654	914.71	260.077
655	915.741	253.12
656	916.687	246.15
657	917.548	239.167
658	918.324	232.171
659	919.016	225.162
660	96.9654	197.621
661	103.642	194.698
662	110.334	191.819
663	117.044	188.984
664	123.769	186.193
665	130.511	183.446
666	137.27	180.743
667	144.045	178.083
668	150.836	175.468
669	157.644	172.897
670	164.468	170.369
671	171.308	167.886
672	178.165	165.446
673	185.039	163.05
674	191.929	160.698
675	198.835	158.391
676	205.758	156.127
677	212.697	153.907
678	219.653	151.731
679	216.921	238.363
680	221.701	231.599
681	225.76	224.72
682	229.096	217.725
683	231.71	210.616
684	233.601	203.392
685	234.771	196.052
686	235.219	188.598
687	234.944	181.028
688	233.948	173.343
689	232.229	165.543
690	229.788	157.628
691	617.978	246.392
692	625.272	246.72
693	632.561	246.951
694	639.843	247.085
695	647.119	247.121
696	654.39	247.06
697	661.654	246.902
698	668.912	246.647
699	676.164	246.295
700	683.411	245.845
701	690.651	245.298
702	697.885	244.654
703	705.113	243.913
704	712.335	243.074
705	719.551	242.139
706	726.761	241.106
707	733.965	239.976
708	741.163	238.748
709	610.476	238.27
710	610.654	230.713
711	611.211	223.294
712	612.149	216.013
713	613.466	208.872
714	615.163	201.869
715	617.24	195.005
716	619.696	188.279
717	622.532	181.692
718	625.748	175.244
719	629.344	168.935
720	633.319	162.764
721	637.675	156.732
722	642.409	150.839
723	754.38	233.397
724	760.499	229.592
725	766.714	226.008
726	773.023	222.646
727	779.428	219.505
728	785.927	216.585
729	792.522	213.887
730	799.211	211.411
731	805.996	209.156
732	812.875	207.122
733	819.85	205.31
734	746.306	230.338
735	744.502	223.224
736	742.943	216.083
737	741.63	208.913
738	740.561	201.716
739	739.738	194.491
740	739.159	187.237
741	738.826	179.956
742	738.738	172.647
743	738.895	165.31
744	753.73	232.174
745	759.158	226.987
746	764.637	221.863
747	770.168	216.802
748	775.752	211.804
749	781.388	206.869
750	787.076	201.996
751	792.816	197.187
752	798.608	192.44
753	804.452	187.756
754	810.348	183.135
755	816.296	178.577
756	822.297	174.082
757	828.349	169.65
758	834.454	165.281
759	833.825	206.279
760	840.768	208.597
761	847.748	210.673
762	854.766	212.508
763	861.822	214.101
764	868.915	215.452
765	876.046	216.561
766	883.215	217.428
767	890.421	218.054
768	897.665	218.438
769	904.946	218.58
770	912.265	218.481
771	923.047	212.094
772	926.477	206.051
773	929.911	200.011
774	933.349	193.973
775	936.791	187.937
776	940.237	181.904
777	943.687	175.873
778	947.142	169.844
779	24.5615	159.197
780	32.075	157.724
781	39.4344	155.956
782	46.6396	153.892
783	53.6907	151.532
784	60.5877	148.877
785	67.3304	145.926
786	73.9191	142.679
787	80.3536	139.137
788	86.6339	135.299
789	92.7601	131.165
790	98.7321	126.736
791	104.55	122.01
792	110.214	116.989
793	115.723	111.673
794	18.3212	152.097
795	20.0404	144.06
796	22.0514	136.263
797	24.3542	128.706
798	26.9489	121.389
799	29.8354	114.313
800	33.0137	107.476
801	36.4838	100.88
802	40.2458	94.5239
803	44.2995	88.4079
804	48.6451	82.5321
805	53.2826	76.8963
806	58.2118	71.5007
807	63.4329	66.3453
808	68.9458	61.4299
809	74.7506	56.7547
810	80.8471	52.3197
811	87.2355	48.1247
812	93.9157	44.1699
813	100.888	40.4552
814	108.152	36.9807
815	115.707	33.7463
816	229.129	142.87
817	231.728	136.192
818	234.42	129.565
819	237.207	122.989
820	240.087	116.465
821	243.061	109.991
822	246.129	103.568
823	249.291	97.1969
824	252.546	90.8765
825	255.896	84.6071
826	259.339	78.3888
827	262.876	72.2215
828	266.507	66.1053
829	270.232	60.0401
830	274.051	54.026
831	277.963	48.0629
832	281.97	42.1509
833	286.07	36.29
834	290.264	30.4801
835	448.238	156.532
836	454.762	152.467
837	461.081	148.241
838	467.197	143.854
839	473.109	139.306
840	478.816	134.596
841	484.32	129.725
842	489.619	124.694
843	494.715	119.501
844	499.606	114.147
845	504.294	108.632
846	508.777	102.955
847	513.057	97.1178
848	517.132	91.1192
849	521.004	84.9594
850	524.671	78.6385
851	528.135	72.1565
852	531.394	65.5133
853	534.45	58.709
854	537.301	51.7436
855	539.949	44.617
856	542.392	37.3292
857	552.49	115.074
858	558.068	109.543
859	563.29	103.857
860	568.157	98.0157
861	572.667	92.0202
862	576.821	85.8699
863	580.619	79.565
864	584.061	73.1054
865	587.148	66.491
866	589.878	59.7219
867	592.252	52.7982
868	594.271	45.7197
869	595.933	38.4865
870	597.24	31.0986
871	598.19	23.556
872	598.785	15.8587
873	599.024	8.00672
874	654.417	147.26
875	661.338	149.238
876	668.287	151.018
877	675.263	152.601
878	682.267	153.985
879	689.299	155.172
880	696.358	156.162
881	703.446	156.953
882	710.561	157.547
883	717.703	157.943
884	724.873	158.141
885	732.071	158.142
886	643.361	138.795
887	639.383	132.443
888	635.59	126.03
889	631.982	119.554
890	628.558	113.017
891	625.319	106.418
892	622.265	99.7565
893	619.396	93.0335
894	616.711	86.2485
895	614.211	79.4016
896	611.896	72.4929
897	609.766	65.5222
898	607.82	58.4896
899	606.059	51.3951
900	604.483	44.2386
901	603.092	37.0203
902	601.885	29.7401
903	600.863	22.3979
904	600.026	14.9939
905	599.374	7.52788
906	655.375	142.382
907	662.873	139.349
908	670.019	135.984
909	676.812	132.288
910	683.252	128.261
911	689.34	123.902
912	695.076	119.212
913	700.459	114.19
914	705.489	108.838
915	710.167	103.154
916	714.492	97.1385
917	718.465	90.7919
918	722.085	84.1139
919	725.352	77.1046
920	728.268	69.764
921	730.83	62.0921
922	739.981	150.458
923	740.491	142.983
924	740.827	135.517
925	740.989	128.062
926	740.977	120.618
927	740.791	113.184
928	740.431	105.76
929	739.897	98.347
930	739.189	90.9445
931	738.307	83.5524
932	737.251	76.1708
933	736.021	68.7997
934	734.618	61.439
935	745.049	152.211
936	750.478	146.366
937	755.586	140.411
938	760.372	134.345
939	764.836	128.168
940	768.978	121.881
941	772.798	115.483
942	776.296	108.974
943	779.473	102.355
944	782.327	95.6243
945	784.86	88.7834
946	787.071	81.8318
947	788.96	74.7695
948	790.528	67.5965
949	791.773	60.3128
950	792.696	52.9184
951	793.298	45.4133
952	793.578	37.7975
953	793.536	30.071
954	793.172	22.2338
955	792.486	14.2859
956	847.954	160.778
957	855.295	160.637
958	862.634	160.551
959	869.973	160.52
960	877.31	160.545
961	884.645	160.624
962	891.979	160.759
963	899.312	160.948
964	906.643	161.193
965	913.973	161.492
966	921.301	161.847
967	928.628	162.257
968	935.954	162.722
969	943.278	163.242
970	740.905	51.7704
971	748.321	48.9036
972	755.287	45.4884
973	761.805	41.5248
974	767.873	37.0129
975	773.493	31.9525
976	778.663	26.3438
977	783.384	20.1867
978	787.656	13.4812
