NOMBRE : MTLARP7_9_5_1.dat
VERTICES ORIGINALES : 54
VERTICES TOTALES : 713
DEPOTS : 5
50
51
52
53
54
LINEAS ORIGINALES : 44
LINE 1 6 204.312 18
	55 11.6823
	56 11.5668
	57 11.4648
	58 11.3767
	59 11.3027
	60 11.2431
	61 11.1982
	62 11.1682
	63 11.1532
	64 11.1532
	65 11.1682
	66 11.1982
	67 11.2431
	68 11.3027
	69 11.3767
	70 11.4648
	71 11.5668
	6 11.6823
LINE 1 7 165.465 14
	72 13.0453
	73 12.5031
	74 12.0326
	75 11.6426
	76 11.3413
	77 11.1359
	78 11.0317
	79 11.0317
	80 11.1359
	81 11.3413
	82 11.6426
	83 12.0326
	84 12.5031
	7 13.0453
LINE 2 7 172.727 15
	85 12.2656
	86 11.9528
	87 11.6816
	88 11.455
	89 11.2756
	90 11.1456
	91 11.0669
	92 11.0406
	93 11.0669
	94 11.1456
	95 11.2756
	96 11.455
	97 11.6816
	98 11.9528
	7 12.2656
LINE 3 4 145.414 13
	99 11.2743
	100 11.2301
	101 11.1939
	102 11.1656
	103 11.1454
	104 11.1332
	105 11.1292
	106 11.1332
	107 11.1454
	108 11.1656
	109 11.1939
	110 11.2301
	4 11.2743
LINE 4 5 198.941 16
	111 14.1202
	112 13.484
	113 12.9137
	114 12.4185
	115 12.0076
	116 11.6899
	117 11.4733
	118 11.3634
	119 11.3634
	120 11.4733
	121 11.6899
	122 12.0076
	123 12.4185
	124 12.9137
	125 13.484
	5 14.1202
LINE 4 10 183.475 16
	126 11.6898
	127 11.6015
	128 11.5253
	129 11.4614
	130 11.41
	131 11.3713
	132 11.3454
	133 11.3325
	134 11.3325
	135 11.3454
	136 11.3713
	137 11.41
	138 11.4614
	139 11.5253
	140 11.6015
	10 11.6898
LINE 5 11 225.342 19
	141 13.0472
	142 12.6692
	143 12.326
	144 12.0206
	145 11.7561
	146 11.5351
	147 11.3603
	148 11.2337
	149 11.1571
	150 11.1314
	151 11.1571
	152 11.2337
	153 11.3603
	154 11.5351
	155 11.7561
	156 12.0206
	157 12.326
	158 12.6692
	11 13.0472
LINE 5 12 268.797 24
	159 11.7773
	160 11.6304
	161 11.4953
	162 11.3722
	163 11.2618
	164 11.1642
	165 11.0799
	166 11.0091
	167 10.9522
	168 10.9093
	169 10.8806
	170 10.8662
	171 10.8662
	172 10.8806
	173 10.9093
	174 10.9522
	175 11.0091
	176 11.0799
	177 11.1642
	178 11.2618
	179 11.3722
	180 11.4953
	181 11.6304
	12 11.7773
LINE 6 7 252.708 21
	182 13.408
	183 13.0171
	184 12.657
	185 12.3306
	186 12.0405
	187 11.7895
	188 11.5801
	189 11.4146
	190 11.2949
	191 11.2224
	192 11.1982
	193 11.2224
	194 11.2949
	195 11.4146
	196 11.5801
	197 11.7895
	198 12.0405
	199 12.3306
	200 12.657
	201 13.0171
	7 13.408
LINE 8 9 89.1541 8
	202 11.3059
	203 11.1679
	204 11.075
	205 11.0282
	206 11.0282
	207 11.075
	208 11.1679
	9 11.3059
LINE 10 18 156.113 14
	209 11.1514
	210 11.1512
	211 11.151
	212 11.1508
	213 11.1507
	214 11.1506
	215 11.1506
	216 11.1506
	217 11.1506
	218 11.1507
	219 11.1508
	220 11.151
	221 11.1512
	18 11.1514
LINE 11 12 110.852 10
	222 11.0853
	223 11.0853
	224 11.0852
	225 11.0852
	226 11.0852
	227 11.0852
	228 11.0852
	229 11.0852
	230 11.0853
	12 11.0853
LINE 13 14 109.197 10
	231 10.9204
	232 10.9199
	233 10.9196
	234 10.9194
	235 10.9193
	236 10.9193
	237 10.9194
	238 10.9196
	239 10.9199
	14 10.9204
LINE 15 16 204.268 18
	240 11.63
	241 11.5317
	242 11.4449
	243 11.3701
	244 11.3073
	245 11.2568
	246 11.2188
	247 11.1934
	248 11.1807
	249 11.1807
	250 11.1934
	251 11.2188
	252 11.2568
	253 11.3073
	254 11.3701
	255 11.4449
	256 11.5317
	16 11.63
LINE 16 21 193.067 17
	257 11.4468
	258 11.4132
	259 11.384
	260 11.3592
	261 11.3389
	262 11.3231
	263 11.3118
	264 11.305
	265 11.3028
	266 11.305
	267 11.3118
	268 11.3231
	269 11.3389
	270 11.3592
	271 11.384
	272 11.4132
	21 11.4468
LINE 16 23 224.846 19
	273 13.5106
	274 12.9863
	275 12.5055
	276 12.0732
	277 11.695
	278 11.3763
	279 11.122
	280 10.9368
	281 10.8241
	282 10.7863
	283 10.8241
	284 10.9368
	285 11.122
	286 11.3763
	287 11.695
	288 12.0732
	289 12.5055
	290 12.9863
	23 13.5106
LINE 17 24 178.725 15
	291 13.0921
	292 12.6084
	293 12.1841
	294 11.8257
	295 11.5392
	296 11.3301
	297 11.2028
	298 11.16
	299 11.2028
	300 11.3301
	301 11.5392
	302 11.8257
	303 12.1841
	304 12.6084
	24 13.0921
LINE 18 25 184.335 16
	305 12.4693
	306 12.1034
	307 11.7806
	308 11.5048
	309 11.2793
	310 11.1071
	311 10.9908
	312 10.9322
	313 10.9322
	314 10.9908
	315 11.1071
	316 11.2793
	317 11.5048
	318 11.7806
	319 12.1034
	25 12.4693
LINE 19 20 174.152 15
	320 12.0701
	321 11.8763
	322 11.7098
	323 11.5719
	324 11.4634
	325 11.3853
	326 11.3381
	327 11.3224
	328 11.3381
	329 11.3853
	330 11.4634
	331 11.5719
	332 11.7098
	333 11.8763
	20 12.0701
LINE 19 26 234.593 21
	334 11.2873
	335 11.2526
	336 11.2215
	337 11.194
	338 11.17
	339 11.1498
	340 11.1331
	341 11.1202
	342 11.1109
	343 11.1054
	344 11.1035
	345 11.1054
	346 11.1109
	347 11.1202
	348 11.1331
	349 11.1498
	350 11.17
	351 11.194
	352 11.2215
	353 11.2526
	26 11.2873
LINE 20 27 229.106 21
	354 10.9346
	355 10.9272
	356 10.9205
	357 10.9146
	358 10.9095
	359 10.9052
	360 10.9017
	361 10.8989
	362 10.897
	363 10.8958
	364 10.8954
	365 10.8958
	366 10.897
	367 10.8989
	368 10.9017
	369 10.9052
	370 10.9095
	371 10.9146
	372 10.9205
	373 10.9272
	27 10.9346
LINE 21 22 150.505 13
	374 12.9244
	375 12.2816
	376 11.7295
	377 11.2814
	378 10.9502
	379 10.7465
	380 10.6777
	381 10.7465
	382 10.9502
	383 11.2814
	384 11.7295
	385 12.2816
	22 12.9244
LINE 23 24 200.488 17
	386 12.5944
	387 12.303
	388 12.0448
	389 11.8218
	390 11.6362
	391 11.4898
	392 11.3841
	393 11.3202
	394 11.2988
	395 11.3202
	396 11.3841
	397 11.4898
	398 11.6362
	399 11.8218
	400 12.0448
	401 12.303
	24 12.5944
LINE 24 30 229.288 20
	402 12.4711
	403 12.1659
	404 11.888
	405 11.6394
	406 11.4221
	407 11.2377
	408 11.088
	409 10.9744
	410 10.898
	411 10.8596
	412 10.8596
	413 10.898
	414 10.9744
	415 11.088
	416 11.2377
	417 11.4221
	418 11.6394
	419 11.888
	420 12.1659
	30 12.4711
LINE 25 32 151.895 13
	421 13.0815
	422 12.4156
	423 11.843
	424 11.3777
	425 11.0333
	426 10.8214
	427 10.7499
	428 10.8214
	429 11.0333
	430 11.3777
	431 11.843
	432 12.4156
	32 13.0815
LINE 28 35 147.805 12
	433 13.7928
	434 13.0243
	435 12.3753
	436 11.8652
	437 11.5126
	438 11.3322
	439 11.3322
	440 11.5126
	441 11.8652
	442 12.3753
	443 13.0243
	35 13.7928
LINE 29 36 233.837 20
	444 13.1227
	445 12.6955
	446 12.3034
	447 11.9497
	448 11.638
	449 11.3717
	450 11.1541
	451 10.988
	452 10.8759
	453 10.8194
	454 10.8194
	455 10.8759
	456 10.988
	457 11.1541
	458 11.3717
	459 11.638
	460 11.9497
	461 12.3034
	462 12.6955
	36 13.1227
LINE 30 31 168.454 14
	463 13.0236
	464 12.5816
	465 12.201
	466 11.8877
	467 11.6473
	468 11.4841
	469 11.4017
	470 11.4017
	471 11.4841
	472 11.6473
	473 11.8877
	474 12.201
	475 12.5816
	31 13.0236
LINE 32 33 242.534 21
	476 12.6806
	477 12.3564
	478 12.0589
	479 11.7902
	480 11.5523
	481 11.3471
	482 11.1763
	483 11.0417
	484 10.9446
	485 10.8859
	486 10.8662
	487 10.8859
	488 10.9446
	489 11.0417
	490 11.1763
	491 11.3471
	492 11.5523
	493 11.7902
	494 12.0589
	495 12.3564
	33 12.6806
LINE 33 38 250.479 22
	496 11.7826
	497 11.671
	498 11.5697
	499 11.4788
	500 11.3987
	501 11.3297
	502 11.2718
	503 11.2252
	504 11.1902
	505 11.1668
	506 11.155
	507 11.155
	508 11.1668
	509 11.1902
	510 11.2252
	511 11.2718
	512 11.3297
	513 11.3987
	514 11.4788
	515 11.5697
	516 11.671
	38 11.7826
LINE 34 39 154.681 13
	517 13.6146
	518 12.8047
	519 12.1017
	520 11.5253
	521 11.0953
	522 10.8292
	523 10.739
	524 10.8292
	525 11.0953
	526 11.5253
	527 12.1017
	528 12.8047
	39 13.6146
LINE 35 41 218.522 19
	529 11.9112
	530 11.7768
	531 11.6569
	532 11.5519
	533 11.4624
	534 11.3886
	535 11.3309
	536 11.2895
	537 11.2646
	538 11.2563
	539 11.2646
	540 11.2895
	541 11.3309
	542 11.3886
	543 11.4624
	544 11.5519
	545 11.6569
	546 11.7768
	41 11.9112
LINE 36 42 154.442 14
	547 11.5914
	548 11.3384
	549 11.1233
	550 10.9481
	551 10.8149
	552 10.7251
	553 10.6799
	554 10.6799
	555 10.7251
	556 10.8149
	557 10.9481
	558 11.1233
	559 11.3384
	42 11.5914
LINE 36 43 194.036 17
	560 12.4087
	561 12.0498
	562 11.7299
	563 11.4522
	564 11.22
	565 11.0359
	566 10.9025
	567 10.8217
	568 10.7947
	569 10.8217
	570 10.9025
	571 11.0359
	572 11.22
	573 11.4522
	574 11.7299
	575 12.0498
	43 12.4087
LINE 37 43 177.657 16
	576 11.2985
	577 11.2211
	578 11.1544
	579 11.0984
	580 11.0535
	581 11.0196
	582 10.997
	583 10.9857
	584 10.9857
	585 10.997
	586 11.0196
	587 11.0535
	588 11.0984
	589 11.1544
	590 11.2211
	43 11.2985
LINE 37 45 181.772 16
	591 11.5034
	592 11.4467
	593 11.3978
	594 11.3569
	595 11.3241
	596 11.2995
	597 11.283
	598 11.2748
	599 11.2748
	600 11.283
	601 11.2995
	602 11.3241
	603 11.3569
	604 11.3978
	605 11.4467
	45 11.5034
LINE 38 39 245.421 21
	606 12.4227
	607 12.2084
	608 12.0134
	609 11.8387
	610 11.6851
	611 11.5536
	612 11.4449
	613 11.3596
	614 11.2983
	615 11.2614
	616 11.249
	617 11.2614
	618 11.2983
	619 11.3596
	620 11.4449
	621 11.5536
	622 11.6851
	623 11.8387
	624 12.0134
	625 12.2084
	39 12.4227
LINE 38 47 85.3852 8
	626 10.6779
	627 10.6738
	628 10.6711
	629 10.6697
	630 10.6697
	631 10.6711
	632 10.6738
	47 10.6779
LINE 39 40 160.967 14
	633 12.1411
	634 11.851
	635 11.6037
	636 11.402
	637 11.2484
	638 11.1447
	639 11.0926
	640 11.0926
	641 11.1447
	642 11.2484
	643 11.402
	644 11.6037
	645 11.851
	40 12.1411
LINE 39 48 173.633 15
	646 12.649
	647 12.2068
	648 11.8197
	649 11.4933
	650 11.2328
	651 11.043
	652 10.9276
	653 10.8888
	654 10.9276
	655 11.043
	656 11.2328
	657 11.4933
	658 11.8197
	659 12.2068
	48 12.649
LINE 41 49 94.4345 9
	660 10.5524
	661 10.5077
	662 10.4757
	663 10.4564
	664 10.45
	665 10.4564
	666 10.4757
	667 10.5077
	49 10.5524
LINE 42 43 241.5 21
	668 12.5459
	669 12.2452
	670 11.9698
	671 11.7214
	672 11.5018
	673 11.3126
	674 11.1554
	675 11.0317
	676 10.9424
	677 10.8885
	678 10.8704
	679 10.8885
	680 10.9424
	681 11.0317
	682 11.1554
	683 11.3126
	684 11.5018
	685 11.7214
	686 11.9698
	687 12.2452
	43 12.5459
LINE 44 45 146.22 12
	688 13.6246
	689 12.8745
	690 12.2414
	691 11.7441
	692 11.4006
	693 11.2249
	694 11.2249
	695 11.4006
	696 11.7441
	697 12.2414
	698 12.8745
	45 13.6246
LINE 45 46 174.782 16
	699 10.965
	700 10.9486
	701 10.9345
	702 10.9227
	703 10.9133
	704 10.9062
	705 10.9015
	706 10.8991
	707 10.8991
	708 10.9015
	709 10.9062
	710 10.9133
	711 10.9227
	712 10.9345
	713 10.9486
	46 10.965
COORDENADAS :
1	102.117	619.885
2	211.081	638.05
3	317.269	619.883
4	413.215	629.765
5	534.225	633.322
6	8.15817	524.604
7	164.358	538.018
8	261.681	502.611
9	320.461	501.799
10	466.607	521.335
11	566.806	496.14
12	640.707	495.922
13	727.586	554.52
14	800.335	551.938
15	17.246	405.225
16	150.779	418.065
17	311.083	433.279
18	439.235	420.927
19	629.589	431.162
20	741.375	449.15
21	54.9601	333.048
22	147.408	328.917
23	223.204	302.213
24	348.598	328.173
25	460.301	306.315
26	510.171	331.645
27	645.84	330.237
28	821.536	323.927
29	2.57176	241.166
30	239.788	232.741
31	345.323	245.631
32	407.383	229.637
33	557.686	253.123
34	639.974	240.252
35	799.97	236.059
36	65.3019	111.365
37	236.789	110.722
38	509.12	96.9131
39	657.778	148.9
40	749.047	100.156
41	819.829	94.8686
42	2.30685	34.1829
43	154.345	27.4706
44	228.323	17.9427
45	317.857	21.9034
46	432.029	0
47	519.557	40.9742
48	618.917	47.1822
49	864.08	50.4486
50	204.002	407.95
51	134.951	242.259
52	31.5114	589.941
53	53.1826	223.289
54	641.244	650.975
55	98.5497	612.961
56	94.7882	606.23
57	90.8322	599.69
58	86.6818	593.342
59	82.337	587.186
60	77.7976	581.221
61	73.0639	575.448
62	68.1356	569.867
63	63.0129	564.478
64	57.6958	559.28
65	52.1842	554.275
66	46.4781	549.461
67	40.5776	544.839
68	34.4826	540.408
69	28.1932	536.169
70	21.7093	532.122
71	15.031	528.267
72	102.856	611.219
73	104.166	602.987
74	106.046	595.189
75	108.496	587.824
76	111.517	580.893
77	115.107	574.395
78	119.268	568.331
79	123.999	562.7
80	129.3	557.502
81	135.171	552.738
82	141.612	548.408
83	148.624	544.511
84	156.206	541.047
85	204.738	632.888
86	198.857	627.512
87	193.437	621.92
88	188.478	616.112
89	183.98	610.089
90	179.943	603.851
91	176.367	597.398
92	173.252	590.729
93	170.598	583.845
94	168.405	576.745
95	166.674	569.431
96	165.403	561.9
97	164.594	554.155
98	164.245	546.194
99	324.527	621.838
100	331.805	623.595
101	339.103	625.152
102	346.422	626.51
103	353.761	627.669
104	361.121	628.628
105	368.501	629.388
106	375.902	629.949
107	383.324	630.311
108	390.766	630.473
109	398.228	630.436
110	405.711	630.2
111	420.942	624.389
112	428.648	619.76
113	436.332	615.878
114	443.994	612.741
115	451.634	610.351
116	459.252	608.708
117	466.848	607.81
118	474.422	607.659
119	481.974	608.255
120	489.504	609.597
121	497.013	611.685
122	504.499	614.52
123	511.964	618.101
124	519.406	622.428
125	526.827	627.502
126	418.271	623.835
127	423.098	617.792
128	427.696	611.636
129	432.065	605.367
130	436.204	598.985
131	440.114	592.49
132	443.795	585.883
133	447.247	579.162
134	450.469	572.329
135	453.462	565.383
136	456.226	558.324
137	458.761	551.152
138	461.066	543.867
139	463.142	536.469
140	464.989	528.959
141	531.525	625.053
142	529.316	616.901
143	527.597	608.866
144	526.369	600.947
145	525.632	593.144
146	525.384	585.458
147	525.628	577.888
148	526.361	570.435
149	527.586	563.099
150	529.3	555.879
151	531.506	548.775
152	534.201	541.788
153	537.388	534.917
154	541.064	528.163
155	545.232	521.525
156	549.89	515.004
157	555.038	508.6
158	560.677	502.311
159	536.266	625.74
160	538.516	618.32
161	540.973	611.061
162	543.639	603.964
163	546.513	597.028
164	549.596	590.254
165	552.887	583.641
166	556.386	577.189
167	560.094	570.899
168	564.01	564.771
169	568.134	558.803
170	572.467	552.998
171	577.007	547.353
172	581.757	541.871
173	586.714	536.549
174	591.88	531.389
175	597.254	526.391
176	602.837	521.554
177	608.628	516.878
178	614.627	512.364
179	620.834	508.011
180	627.25	503.82
181	633.874	499.79
182	15.1756	530.14
183	22.2351	535.187
184	29.3367	539.745
185	36.4803	543.812
186	43.666	547.389
187	50.8938	550.477
188	58.1636	553.075
189	65.4755	555.183
190	72.8295	556.802
191	80.2255	557.93
192	87.6636	558.569
193	95.1437	558.718
194	102.666	558.377
195	110.23	557.546
196	117.836	556.226
197	125.485	554.416
198	133.175	552.116
199	140.908	549.326
200	148.682	546.046
201	156.499	542.277
202	269.052	504.187
203	276.416	505.283
204	283.773	505.901
205	291.124	506.039
206	298.468	505.698
207	305.806	504.877
208	313.137	503.578
209	464.74	514.139
210	462.859	506.947
211	460.965	499.758
212	459.057	492.573
213	457.136	485.392
214	455.201	478.215
215	453.252	471.041
216	451.29	463.871
217	449.315	456.704
218	447.326	449.541
219	445.323	442.382
220	443.307	435.227
221	441.278	428.075
222	574.196	496.084
223	581.586	496.035
224	588.976	495.994
225	596.366	495.961
226	603.756	495.936
227	611.146	495.918
228	618.536	495.907
229	625.926	495.904
230	633.317	495.909
231	734.864	554.365
232	742.142	554.186
233	749.419	553.985
234	756.695	553.761
235	763.97	553.514
236	771.245	553.245
237	778.519	552.952
238	785.792	552.637
239	793.064	552.299
240	24.4599	408.067
241	31.6978	410.658
242	38.9599	412.999
243	46.246	415.089
244	53.5562	416.929
245	60.8905	418.519
246	68.2488	419.858
247	75.6312	420.947
248	83.0377	421.785
249	90.4683	422.373
250	97.9229	422.711
251	105.402	422.798
252	112.904	422.635
253	120.431	422.222
254	127.982	421.558
255	135.557	420.644
256	143.156	419.479
257	144.342	413.966
258	138.005	409.755
259	131.768	405.431
260	125.631	400.994
261	119.594	396.445
262	113.657	391.782
263	107.82	387.007
264	102.084	382.119
265	96.4475	377.118
266	90.9111	372.004
267	85.4749	366.778
268	80.1389	361.438
269	74.9029	355.986
270	69.767	350.421
271	64.7313	344.743
272	59.7956	338.952
273	149.992	409.092
274	149.716	400.439
275	149.951	392.105
276	150.696	384.091
277	151.953	376.396
278	153.721	369.021
279	156	361.965
280	158.789	355.229
281	162.09	348.812
282	165.902	342.714
283	170.225	336.936
284	175.059	331.478
285	180.404	326.339
286	186.26	321.519
287	192.626	317.019
288	199.504	312.838
289	206.893	308.977
290	214.793	305.435
291	309.286	424.738
292	308.103	416.416
293	307.534	408.313
294	307.579	400.43
295	308.238	392.765
296	309.511	385.32
297	311.398	378.094
298	313.899	371.087
299	317.014	364.299
300	320.743	357.73
301	325.086	351.38
302	330.043	345.25
303	335.614	339.339
304	341.799	333.646
305	444.493	414.488
306	449.225	407.953
307	453.432	401.321
308	457.113	394.592
309	460.269	387.767
310	462.9	380.845
311	465.004	373.827
312	466.584	366.712
313	467.638	359.5
314	468.166	352.192
315	468.169	344.787
316	467.646	337.286
317	466.598	329.688
318	465.025	321.994
319	462.925	314.203
320	636.599	435.114
321	643.672	438.673
322	650.808	441.838
323	658.007	444.61
324	665.27	446.989
325	672.595	448.975
326	679.984	450.567
327	687.437	451.766
328	694.953	452.572
329	702.532	452.985
330	710.174	453.004
331	717.879	452.631
332	725.648	451.864
333	733.48	450.703
334	624.769	425.384
335	619.861	419.71
336	614.867	414.14
337	609.787	408.674
338	604.619	403.312
339	599.366	398.054
340	594.025	392.899
341	588.599	387.849
342	583.085	382.902
343	577.485	378.059
344	571.798	373.32
345	566.025	368.685
346	560.165	364.154
347	554.219	359.727
348	548.186	355.403
349	542.067	351.184
350	535.861	347.068
351	529.568	343.057
352	523.189	339.149
353	516.723	335.345
354	736.345	443.873
355	731.363	438.559
356	726.43	433.205
357	721.544	427.813
358	716.706	422.382
359	711.916	416.913
360	707.175	411.405
361	702.481	405.858
362	697.836	400.273
363	693.238	394.649
364	688.689	388.986
365	684.188	383.285
366	679.735	377.546
367	675.33	371.767
368	670.973	365.95
369	666.664	360.095
370	662.403	354.2
371	658.19	348.267
372	654.025	342.296
373	649.909	336.286
374	62.2883	337.58
375	69.5803	341.304
376	76.8362	344.22
377	84.056	346.327
378	91.2396	347.625
379	98.3871	348.116
380	105.499	347.798
381	112.574	346.672
382	119.613	344.738
383	126.616	341.995
384	133.583	338.444
385	140.514	334.084
386	231.332	300.108
387	239.366	298.457
388	247.306	297.26
389	255.153	296.517
390	262.905	296.228
391	270.563	296.393
392	278.127	297.012
393	285.597	298.085
394	292.973	299.612
395	300.255	301.593
396	307.443	304.028
397	314.538	306.917
398	321.538	310.26
399	328.444	314.058
400	335.256	318.309
401	341.974	323.014
402	345.857	320.324
403	342.831	312.799
404	339.522	305.598
405	335.928	298.721
406	332.05	292.168
407	327.888	285.938
408	323.442	280.033
409	318.712	274.451
410	313.697	269.194
411	308.399	264.26
412	302.816	259.65
413	296.95	255.365
414	290.799	251.403
415	284.364	247.765
416	277.645	244.451
417	270.642	241.461
418	263.355	238.795
419	255.783	236.453
420	247.928	234.435
421	452.14	303.239
422	444.661	299.693
423	437.864	295.677
424	431.748	291.19
425	426.314	286.232
426	421.562	280.804
427	417.491	274.906
428	414.102	268.537
429	411.395	261.698
430	409.37	254.388
431	408.026	246.608
432	407.363	238.358
433	824.85	315.35
434	827.236	307.001
435	828.691	298.88
436	829.218	290.987
437	828.815	283.323
438	827.482	275.886
439	825.22	268.678
440	822.029	261.698
441	817.908	254.946
442	812.858	248.422
443	806.879	242.126
444	1.24465	232.519
445	0.387397	224.099
446	0	215.906
447	0.0824568	207.94
448	0.634768	200.201
449	1.65693	192.689
450	3.14895	185.404
451	5.11083	178.347
452	7.54255	171.516
453	10.4441	164.912
454	13.8156	158.536
455	17.6569	152.386
456	21.968	146.464
457	26.749	140.769
458	31.9999	135.3
459	37.7206	130.059
460	43.9111	125.045
461	50.5715	120.258
462	57.7018	115.698
463	247.837	229.484
464	255.807	226.87
465	263.698	224.899
466	271.511	223.57
467	279.246	222.884
468	286.902	222.841
469	294.479	223.44
470	301.978	224.682
471	309.398	226.567
472	316.74	229.095
473	324.004	232.265
474	331.189	236.078
475	338.295	240.533
476	413.867	235.06
477	420.419	240.054
478	427.038	244.616
479	433.725	248.748
480	440.478	252.45
481	447.299	255.721
482	454.187	258.561
483	461.143	260.971
484	468.166	262.951
485	475.256	264.5
486	482.413	265.618
487	489.638	266.306
488	496.929	266.563
489	504.289	266.39
490	511.715	265.787
491	519.209	264.752
492	526.77	263.288
493	534.398	261.392
494	542.093	259.066
495	549.856	256.31
496	553.06	246.775
497	548.665	240.354
498	544.5	233.862
499	540.565	227.299
500	536.861	220.664
501	533.387	213.957
502	530.143	207.179
503	527.129	200.329
504	524.346	193.408
505	521.793	186.415
506	519.47	179.35
507	517.378	172.214
508	515.516	165.006
509	513.884	157.726
510	512.482	150.375
511	511.311	142.953
512	510.37	135.458
513	509.659	127.892
514	509.179	120.255
515	508.929	112.546
516	508.909	104.765
517	635.868	232.158
518	632.674	224.241
519	630.393	216.503
520	629.024	208.942
521	628.568	201.559
522	629.025	194.354
523	630.395	187.327
524	632.677	180.478
525	635.872	173.807
526	639.979	167.313
527	645	160.997
528	650.932	154.86
529	803.586	228.989
530	806.917	221.88
531	809.963	214.73
532	812.722	207.54
533	815.196	200.31
534	817.384	193.04
535	819.286	185.729
536	820.903	178.378
537	822.234	170.988
538	823.279	163.556
539	824.039	156.085
540	824.512	148.574
541	824.701	141.022
542	824.603	133.43
543	824.219	125.798
544	823.55	118.126
545	822.596	110.414
546	821.355	102.661
547	63.1361	103.947
548	60.6113	96.8224
549	57.7274	89.9906
550	54.4844	83.4519
551	50.8824	77.2063
552	46.9213	71.2537
553	42.6012	65.5942
554	37.922	60.2277
555	32.8838	55.1542
556	27.4865	50.3738
557	21.7302	45.8865
558	15.6148	41.6922
559	9.14035	37.791
560	67.742	103.461
561	70.5318	95.9274
562	73.6713	88.7654
563	77.1605	81.9745
564	80.9995	75.5548
565	85.1881	69.5063
566	89.7265	63.829
567	94.6146	58.5228
568	99.8524	53.5879
569	105.44	49.0241
570	111.377	44.8315
571	117.664	41.01
572	124.301	37.5598
573	131.287	34.4807
574	138.623	31.7728
575	146.309	29.4361
576	232.89	104.278
577	228.823	97.9986
578	224.59	91.8851
579	220.189	85.9371
580	215.621	80.1546
581	210.886	74.5376
582	205.984	69.0861
583	200.915	63.8002
584	195.679	58.6797
585	190.275	53.7247
586	184.705	48.9353
587	178.967	44.3113
588	173.062	39.8529
589	166.99	35.56
590	160.751	31.4325
591	240.729	104.143
592	244.82	97.7008
593	249.061	91.3958
594	253.452	85.2279
595	257.993	79.197
596	262.684	73.3032
597	267.526	67.5464
598	272.517	61.9267
599	277.659	56.4441
600	282.951	51.0985
601	288.394	45.89
602	293.986	40.8186
603	299.728	35.8842
604	305.621	31.0869
605	311.664	26.4266
606	515.039	102.706
607	521.074	108.166
608	527.225	113.295
609	533.492	118.093
610	539.875	122.559
611	546.374	126.693
612	552.989	130.495
613	559.72	133.966
614	566.566	137.105
615	573.529	139.912
616	580.608	142.387
617	587.803	144.531
618	595.114	146.343
619	602.541	147.824
620	610.084	148.973
621	617.743	149.79
622	625.518	150.275
623	633.409	150.429
624	641.416	150.251
625	649.539	149.741
626	510.701	89.9723
627	512.203	83.0168
628	513.626	76.0465
629	514.97	69.0615
630	516.236	62.0618
631	517.422	55.0473
632	518.529	48.0181
633	665.852	148.329
634	673.687	147.311
635	681.282	145.844
636	688.639	143.93
637	695.756	141.568
638	702.634	138.758
639	709.272	135.5
640	715.672	131.795
641	721.833	127.641
642	727.754	123.04
643	733.436	117.991
644	738.879	112.494
645	744.082	106.549
646	659.196	140.587
647	660.041	132.493
648	660.313	124.618
649	660.013	116.962
650	659.14	109.524
651	657.695	102.306
652	655.677	95.3057
653	653.086	88.5245
654	649.923	81.9621
655	646.187	75.6185
656	641.878	69.4937
657	636.997	63.5877
658	631.543	57.9004
659	625.516	52.4319
660	824.053	89.2432
661	828.451	83.7903
662	833.021	78.5098
663	837.765	73.4018
664	842.682	68.4662
665	847.771	63.7031
666	853.035	59.1125
667	858.471	54.6943
668	9.36258	29.6915
669	16.4367	25.6173
670	23.5293	21.9603
671	30.6403	18.7204
672	37.7697	15.8977
673	44.9175	13.4922
674	52.0837	11.5039
675	59.2684	9.93274
676	66.4715	8.77877
677	73.6929	8.04196
678	80.9329	7.72233
679	88.1912	7.81987
680	95.4679	8.33459
681	102.763	9.26649
682	110.077	10.6156
683	117.409	12.3818
684	124.759	14.5652
685	132.128	17.1658
686	139.515	20.1836
687	146.921	23.6185
688	236.012	13.1083
689	243.66	9.21288
690	251.267	6.25644
691	258.832	4.239
692	266.356	3.16056
693	273.837	3.02112
694	281.278	3.82067
695	288.677	5.55923
696	296.034	8.23678
697	303.35	11.8533
698	310.624	16.4089
699	325.144	21.3222
700	332.411	20.636
701	339.657	19.8447
702	346.884	18.9484
703	354.09	17.947
704	361.276	16.8407
705	368.442	15.6292
706	375.588	14.3128
707	382.714	12.8913
708	389.819	11.3648
709	396.904	9.73325
710	403.97	7.99667
711	411.015	6.15505
712	418.04	4.2084
713	425.045	2.15672
