NOMBRE : MTLARP8_9_4_2.dat
VERTICES ORIGINALES : 68
VERTICES TOTALES : 1073
DEPOTS : 4
65
66
67
68
LINEAS ORIGINALES : 67
LINE 1 2 137.977 13
	69 10.9244
	70 10.7708
	71 10.6436
	72 10.5435
	73 10.4714
	74 10.428
	75 10.4134
	76 10.428
	77 10.4714
	78 10.5435
	79 10.6436
	80 10.7708
	2 10.9244
LINE 3 10 233.422 22
	81 10.6118
	82 10.6113
	83 10.6109
	84 10.6105
	85 10.6101
	86 10.6098
	87 10.6096
	88 10.6094
	89 10.6093
	90 10.6092
	91 10.6091
	92 10.6091
	93 10.6092
	94 10.6093
	95 10.6094
	96 10.6096
	97 10.6098
	98 10.6101
	99 10.6105
	100 10.6109
	101 10.6113
	10 10.6118
LINE 4 5 220.945 20
	102 11.7049
	103 11.503
	104 11.3204
	105 11.1582
	106 11.0173
	107 10.8985
	108 10.8024
	109 10.7299
	110 10.6812
	111 10.6568
	112 10.6568
	113 10.6812
	114 10.7299
	115 10.8024
	116 10.8985
	117 11.0173
	118 11.1582
	119 11.3204
	120 11.503
	5 11.7049
LINE 4 11 205.303 19
	121 11.1328
	122 11.0252
	123 10.9294
	124 10.8456
	125 10.7743
	126 10.7155
	127 10.6696
	128 10.6367
	129 10.6169
	130 10.6103
	131 10.6169
	132 10.6367
	133 10.6696
	134 10.7155
	135 10.7743
	136 10.8456
	137 10.9294
	138 11.0252
	11 11.1328
LINE 5 6 155.614 15
	139 10.3827
	140 10.3791
	141 10.376
	142 10.3736
	143 10.3716
	144 10.3703
	145 10.3694
	146 10.3691
	147 10.3694
	148 10.3703
	149 10.3716
	150 10.3736
	151 10.376
	152 10.3791
	6 10.3827
LINE 5 12 192.32 17
	153 12.316
	154 11.9544
	155 11.6319
	156 11.3519
	157 11.1175
	158 10.9318
	159 10.7971
	160 10.7155
	161 10.6882
	162 10.7155
	163 10.7971
	164 10.9318
	165 11.1175
	166 11.3519
	167 11.6319
	168 11.9544
	12 12.316
LINE 6 7 147.638 14
	169 10.6299
	170 10.5911
	171 10.5587
	172 10.5327
	173 10.5131
	174 10.5
	175 10.4935
	176 10.4935
	177 10.5
	178 10.5131
	179 10.5327
	180 10.5587
	181 10.5911
	7 10.6299
LINE 6 13 241.063 22
	182 11.7738
	183 11.5487
	184 11.3422
	185 11.1555
	186 10.9896
	187 10.8453
	188 10.7236
	189 10.6252
	190 10.5508
	191 10.5009
	192 10.4759
	193 10.4759
	194 10.5009
	195 10.5508
	196 10.6252
	197 10.7236
	198 10.8453
	199 10.9896
	200 11.1555
	201 11.3422
	202 11.5487
	13 11.7738
LINE 7 8 150.595 14
	203 10.9381
	204 10.855
	205 10.7853
	206 10.7292
	207 10.6869
	208 10.6586
	209 10.6444
	210 10.6444
	211 10.6586
	212 10.6869
	213 10.7292
	214 10.7853
	215 10.855
	8 10.9381
LINE 7 14 115.551 11
	216 10.6658
	217 10.5696
	218 10.4943
	219 10.4401
	220 10.4075
	221 10.3965
	222 10.4075
	223 10.4401
	224 10.4943
	225 10.5696
	14 10.6658
LINE 8 14 219.442 20
	226 11.1699
	227 11.108
	228 11.0526
	229 11.004
	230 10.9621
	231 10.9271
	232 10.899
	233 10.8779
	234 10.8638
	235 10.8567
	236 10.8567
	237 10.8638
	238 10.8779
	239 10.899
	240 10.9271
	241 10.9621
	242 11.004
	243 11.0526
	244 11.108
	14 11.1699
LINE 9 10 214.798 20
	245 10.75
	246 10.7468
	247 10.744
	248 10.7415
	249 10.7394
	250 10.7376
	251 10.7362
	252 10.7351
	253 10.7344
	254 10.7341
	255 10.7341
	256 10.7344
	257 10.7351
	258 10.7362
	259 10.7376
	260 10.7394
	261 10.7415
	262 10.744
	263 10.7468
	10 10.75
LINE 10 11 152.721 14
	264 11.6677
	265 11.3274
	266 11.0358
	267 10.7968
	268 10.6141
	269 10.4905
	270 10.4281
	271 10.4281
	272 10.4905
	273 10.6141
	274 10.7968
	275 11.0358
	276 11.3274
	11 11.6677
LINE 11 12 91.8328 9
	277 10.4372
	278 10.2633
	279 10.1373
	280 10.0609
	281 10.0354
	282 10.0609
	283 10.1373
	284 10.2633
	12 10.4372
LINE 12 13 242.258 23
	285 10.5461
	286 10.5425
	287 10.5393
	288 10.5364
	289 10.5338
	290 10.5316
	291 10.5297
	292 10.5282
	293 10.527
	294 10.5261
	295 10.5256
	296 10.5255
	297 10.5256
	298 10.5261
	299 10.527
	300 10.5282
	301 10.5297
	302 10.5316
	303 10.5338
	304 10.5364
	305 10.5393
	306 10.5425
	13 10.5461
LINE 14 15 171.105 16
	307 10.9548
	308 10.8516
	309 10.7624
	310 10.6875
	311 10.6272
	312 10.5817
	313 10.5513
	314 10.5361
	315 10.5361
	316 10.5513
	317 10.5817
	318 10.6272
	319 10.6875
	320 10.7624
	321 10.8516
	15 10.9548
LINE 14 21 165.634 15
	322 11.4634
	323 11.2858
	324 11.1334
	325 11.0071
	326 10.9079
	327 10.8364
	328 10.7934
	329 10.779
	330 10.7934
	331 10.8364
	332 10.9079
	333 11.0071
	334 11.1334
	335 11.2858
	21 11.4634
LINE 15 22 154.38 14
	336 11.6771
	337 11.3844
	338 11.1346
	339 10.9307
	340 10.7752
	341 10.6703
	342 10.6175
	343 10.6175
	344 10.6703
	345 10.7752
	346 10.9307
	347 11.1346
	348 11.3844
	22 11.6771
LINE 16 17 255.997 23
	349 11.8709
	350 11.6753
	351 11.4955
	352 11.3321
	353 11.186
	354 11.0578
	355 10.9482
	356 10.8577
	357 10.7867
	358 10.7358
	359 10.7051
	360 10.6948
	361 10.7051
	362 10.7358
	363 10.7867
	364 10.8577
	365 10.9482
	366 11.0578
	367 11.186
	368 11.3321
	369 11.4955
	370 11.6753
	17 11.8709
LINE 16 25 213.164 20
	371 10.6587
	372 10.6585
	373 10.6584
	374 10.6583
	375 10.6582
	376 10.6581
	377 10.658
	378 10.658
	379 10.6579
	380 10.6579
	381 10.6579
	382 10.6579
	383 10.658
	384 10.658
	385 10.6581
	386 10.6582
	387 10.6583
	388 10.6584
	389 10.6585
	25 10.6587
LINE 17 18 138.609 13
	390 11.2189
	391 10.9464
	392 10.7183
	393 10.5374
	394 10.4063
	395 10.3269
	396 10.3003
	397 10.3269
	398 10.4063
	399 10.5374
	400 10.7183
	401 10.9464
	18 11.2189
LINE 17 26 127.61 12
	402 11.0581
	403 10.8304
	404 10.6448
	405 10.5035
	406 10.4082
	407 10.3602
	408 10.3602
	409 10.4082
	410 10.5035
	411 10.6448
	412 10.8304
	26 11.0581
LINE 18 19 122.109 11
	413 11.4476
	414 11.2419
	415 11.0793
	416 10.9617
	417 10.8905
	418 10.8667
	419 10.8905
	420 10.9617
	421 11.0793
	422 11.2419
	19 11.4476
LINE 20 21 219.342 20
	423 11.7767
	424 11.5297
	425 11.3056
	426 11.1058
	427 10.9316
	428 10.7843
	429 10.665
	430 10.5746
	431 10.514
	432 10.4835
	433 10.4835
	434 10.514
	435 10.5746
	436 10.665
	437 10.7843
	438 10.9316
	439 11.1058
	440 11.3056
	441 11.5297
	21 11.7767
LINE 20 28 268.78 24
	442 12.0866
	443 11.8638
	444 11.6575
	445 11.4687
	446 11.2983
	447 11.147
	448 11.0157
	449 10.905
	450 10.8157
	451 10.7482
	452 10.703
	453 10.6803
	454 10.6803
	455 10.703
	456 10.7482
	457 10.8157
	458 10.905
	459 11.0157
	460 11.147
	461 11.2983
	462 11.4687
	463 11.6575
	464 11.8638
	28 12.0866
LINE 20 29 198.535 18
	465 11.8914
	466 11.5978
	467 11.3348
	468 11.1043
	469 10.9085
	470 10.7494
	471 10.6284
	472 10.547
	473 10.5061
	474 10.5061
	475 10.547
	476 10.6284
	477 10.7494
	478 10.9085
	479 11.1043
	480 11.3348
	481 11.5978
	29 11.8914
LINE 21 31 167.309 16
	482 10.4649
	483 10.4617
	484 10.4589
	485 10.4566
	486 10.4547
	487 10.4533
	488 10.4524
	489 10.4519
	490 10.4519
	491 10.4524
	492 10.4533
	493 10.4547
	494 10.4566
	495 10.4589
	496 10.4617
	31 10.4649
LINE 23 24 163.618 15
	497 11.6395
	498 11.3348
	499 11.0705
	500 10.8494
	501 10.6743
	502 10.5474
	503 10.4706
	504 10.4448
	505 10.4706
	506 10.5474
	507 10.6743
	508 10.8494
	509 11.0705
	510 11.3348
	24 11.6395
LINE 24 25 236.575 21
	511 11.97
	512 11.7648
	513 11.5781
	514 11.4109
	515 11.2639
	516 11.1381
	517 11.034
	518 10.9524
	519 10.8937
	520 10.8584
	521 10.8466
	522 10.8584
	523 10.8937
	524 10.9524
	525 11.034
	526 11.1381
	527 11.2639
	528 11.4109
	529 11.5781
	530 11.7648
	25 11.97
LINE 25 34 166.187 15
	531 11.8597
	532 11.5351
	533 11.2532
	534 11.0171
	535 10.83
	536 10.6943
	537 10.612
	538 10.5845
	539 10.612
	540 10.6943
	541 10.83
	542 11.0171
	543 11.2532
	544 11.5351
	34 11.8597
LINE 26 27 181.457 17
	545 10.7901
	546 10.7468
	547 10.7091
	548 10.6771
	549 10.6508
	550 10.6303
	551 10.6157
	552 10.6069
	553 10.6039
	554 10.6069
	555 10.6157
	556 10.6303
	557 10.6508
	558 10.6771
	559 10.7091
	560 10.7468
	27 10.7901
LINE 26 34 180.66 17
	561 10.7704
	562 10.717
	563 10.6705
	564 10.6309
	565 10.5985
	566 10.5732
	567 10.5551
	568 10.5442
	569 10.5406
	570 10.5442
	571 10.5551
	572 10.5732
	573 10.5985
	574 10.6309
	575 10.6705
	576 10.717
	34 10.7704
LINE 27 28 138.962 13
	577 10.7218
	578 10.7056
	579 10.6923
	580 10.682
	581 10.6746
	582 10.6702
	583 10.6687
	584 10.6702
	585 10.6746
	586 10.682
	587 10.6923
	588 10.7056
	28 10.7218
LINE 27 35 108.46 10
	589 11.1249
	590 10.9406
	591 10.8003
	592 10.7058
	593 10.6582
	594 10.6582
	595 10.7058
	596 10.8003
	597 10.9406
	35 11.1249
LINE 27 36 200.549 18
	598 11.6193
	599 11.454
	600 11.3073
	601 11.1801
	602 11.073
	603 10.9865
	604 10.9212
	605 10.8775
	606 10.8555
	607 10.8555
	608 10.8775
	609 10.9212
	610 10.9865
	611 11.073
	612 11.1801
	613 11.3073
	614 11.454
	36 11.6193
LINE 28 36 144.213 14
	615 10.3011
	616 10.301
	617 10.3009
	618 10.3009
	619 10.3008
	620 10.3008
	621 10.3008
	622 10.3008
	623 10.3008
	624 10.3008
	625 10.3009
	626 10.3009
	627 10.301
	36 10.3011
LINE 29 30 126.292 12
	628 10.5417
	629 10.5322
	630 10.5247
	631 10.519
	632 10.5152
	633 10.5133
	634 10.5133
	635 10.5152
	636 10.519
	637 10.5247
	638 10.5322
	30 10.5417
LINE 29 37 137.908 13
	639 10.7293
	640 10.6691
	641 10.6196
	642 10.5809
	643 10.5532
	644 10.5365
	645 10.5309
	646 10.5365
	647 10.5532
	648 10.5809
	649 10.6196
	650 10.6691
	37 10.7293
LINE 31 39 145.896 13
	651 11.7647
	652 11.499
	653 11.2769
	654 11.1012
	655 10.9739
	656 10.8968
	657 10.871
	658 10.8968
	659 10.9739
	660 11.1012
	661 11.2769
	662 11.499
	39 11.7647
LINE 32 41 105.327 10
	663 10.74
	664 10.6028
	665 10.4987
	666 10.4287
	667 10.3935
	668 10.3935
	669 10.4287
	670 10.4987
	671 10.6028
	41 10.74
LINE 33 41 242.825 23
	672 10.658
	673 10.6307
	674 10.606
	675 10.5839
	676 10.5643
	677 10.5473
	678 10.5329
	679 10.5211
	680 10.5119
	681 10.5053
	682 10.5013
	683 10.5
	684 10.5013
	685 10.5053
	686 10.5119
	687 10.5211
	688 10.5329
	689 10.5473
	690 10.5643
	691 10.5839
	692 10.606
	693 10.6307
	41 10.658
LINE 36 37 213.455 20
	694 10.6737
	695 10.6734
	696 10.6731
	697 10.6729
	698 10.6727
	699 10.6725
	700 10.6724
	701 10.6723
	702 10.6722
	703 10.6722
	704 10.6722
	705 10.6722
	706 10.6723
	707 10.6724
	708 10.6725
	709 10.6727
	710 10.6729
	711 10.6731
	712 10.6734
	37 10.6737
LINE 36 44 120.022 11
	713 11.1315
	714 11.0002
	715 10.8971
	716 10.8227
	717 10.7779
	718 10.7629
	719 10.7779
	720 10.8227
	721 10.8971
	722 11.0002
	44 11.1315
LINE 37 38 69.0554 7
	723 9.86901
	724 9.86506
	725 9.86269
	726 9.8619
	727 9.86269
	728 9.86506
	38 9.86901
LINE 37 45 151.544 14
	729 11.4022
	730 11.1415
	731 10.9195
	732 10.7386
	733 10.6009
	734 10.5081
	735 10.4614
	736 10.4614
	737 10.5081
	738 10.6009
	739 10.7386
	740 10.9195
	741 11.1415
	45 11.4022
LINE 37 46 223.089 20
	742 11.6519
	743 11.498
	744 11.3596
	745 11.237
	746 11.1308
	747 11.0416
	748 10.9697
	749 10.9155
	750 10.8792
	751 10.861
	752 10.861
	753 10.8792
	754 10.9155
	755 10.9697
	756 11.0416
	757 11.1308
	758 11.237
	759 11.3596
	760 11.498
	46 11.6519
LINE 38 39 224.165 20
	761 11.8526
	762 11.6546
	763 11.4756
	764 11.3167
	765 11.1787
	766 11.0624
	767 10.9685
	768 10.8975
	769 10.8499
	770 10.8261
	771 10.8261
	772 10.8499
	773 10.8975
	774 10.9685
	775 11.0624
	776 11.1787
	777 11.3167
	778 11.4756
	779 11.6546
	39 11.8526
LINE 39 47 152.698 14
	780 11.2081
	781 11.0707
	782 10.9549
	783 10.8614
	784 10.7907
	785 10.7434
	786 10.7196
	787 10.7196
	788 10.7434
	789 10.7907
	790 10.8614
	791 10.9549
	792 11.0707
	47 11.2081
LINE 40 41 90.207 8
	793 11.3047
	794 11.28
	795 11.2635
	796 11.2553
	797 11.2553
	798 11.2635
	799 11.28
	41 11.3047
LINE 40 49 189.219 17
	800 11.9754
	801 11.6691
	802 11.397
	803 11.1616
	804 10.9652
	805 10.81
	806 10.6977
	807 10.6298
	808 10.6071
	809 10.6298
	810 10.6977
	811 10.81
	812 10.9652
	813 11.1616
	814 11.397
	815 11.6691
	49 11.9754
LINE 42 50 281.361 26
	816 11.2164
	817 11.1234
	818 11.0374
	819 10.9586
	820 10.8873
	821 10.8234
	822 10.7673
	823 10.7189
	824 10.6784
	825 10.6459
	826 10.6215
	827 10.6052
	828 10.597
	829 10.597
	830 10.6052
	831 10.6215
	832 10.6459
	833 10.6784
	834 10.7189
	835 10.7673
	836 10.8234
	837 10.8873
	838 10.9586
	839 11.0374
	840 11.1234
	50 11.2164
LINE 43 51 205.583 19
	841 10.8607
	842 10.8472
	843 10.8353
	844 10.825
	845 10.8162
	846 10.8091
	847 10.8035
	848 10.7995
	849 10.7971
	850 10.7963
	851 10.7971
	852 10.7995
	853 10.8035
	854 10.8091
	855 10.8162
	856 10.825
	857 10.8353
	858 10.8472
	51 10.8607
LINE 44 52 162.384 15
	859 10.8905
	860 10.8627
	861 10.8392
	862 10.8199
	863 10.8049
	864 10.7942
	865 10.7877
	866 10.7856
	867 10.7877
	868 10.7942
	869 10.8049
	870 10.8199
	871 10.8392
	872 10.8627
	52 10.8905
LINE 45 46 110.36 10
	873 11.1719
	874 11.0817
	875 11.0136
	876 10.9679
	877 10.945
	878 10.945
	879 10.9679
	880 11.0136
	881 11.0817
	46 11.1719
LINE 45 52 220.145 20
	882 11.7378
	883 11.5142
	884 11.3116
	885 11.1314
	886 10.9746
	887 10.8421
	888 10.735
	889 10.6539
	890 10.5996
	891 10.5723
	892 10.5723
	893 10.5996
	894 10.6539
	895 10.735
	896 10.8421
	897 10.9746
	898 11.1314
	899 11.3116
	900 11.5142
	52 11.7378
LINE 45 53 207.86 19
	901 11.1199
	902 11.0604
	903 11.0076
	904 10.9617
	905 10.9226
	906 10.8906
	907 10.8656
	908 10.8478
	909 10.837
	910 10.8334
	911 10.837
	912 10.8478
	913 10.8656
	914 10.8906
	915 10.9226
	916 10.9617
	917 11.0076
	918 11.0604
	53 11.1199
LINE 46 54 132.049 12
	919 11.0677
	920 11.0331
	921 11.0053
	922 10.9844
	923 10.9705
	924 10.9635
	925 10.9635
	926 10.9705
	927 10.9844
	928 11.0053
	929 11.0331
	54 11.0677
LINE 47 55 141.147 13
	930 11.2032
	931 11.0326
	932 10.8909
	933 10.7795
	934 10.6992
	935 10.6507
	936 10.6345
	937 10.6507
	938 10.6992
	939 10.7795
	940 10.8909
	941 11.0326
	55 11.2032
LINE 48 49 120.126 11
	942 11.343
	943 11.0931
	944 10.8949
	945 10.751
	946 10.6637
	947 10.6345
	948 10.6637
	949 10.751
	950 10.8949
	951 11.0931
	49 11.343
LINE 51 59 205.438 19
	952 11.2367
	953 11.0979
	954 10.9739
	955 10.8653
	956 10.7726
	957 10.6961
	958 10.6363
	959 10.5933
	960 10.5674
	961 10.5588
	962 10.5674
	963 10.5933
	964 10.6363
	965 10.6961
	966 10.7726
	967 10.8653
	968 10.9739
	969 11.0979
	59 11.2367
LINE 54 63 100.516 9
	970 11.496
	971 11.2526
	972 11.0755
	973 10.9678
	974 10.9317
	975 10.9678
	976 11.0755
	977 11.2526
	63 11.496
LINE 55 63 181.294 17
	978 11.1115
	979 10.9469
	980 10.8023
	981 10.6784
	982 10.576
	983 10.4956
	984 10.4378
	985 10.403
	986 10.3913
	987 10.403
	988 10.4378
	989 10.4956
	990 10.576
	991 10.6784
	992 10.8023
	993 10.9469
	63 11.1115
LINE 55 64 237.039 22
	994 10.9445
	995 10.8963
	996 10.8527
	997 10.8138
	998 10.7797
	999 10.7504
	1000 10.7259
	1001 10.7062
	1002 10.6915
	1003 10.6816
	1004 10.6767
	1005 10.6767
	1006 10.6816
	1007 10.6915
	1008 10.7062
	1009 10.7259
	1010 10.7504
	1011 10.7797
	1012 10.8138
	1013 10.8527
	1014 10.8963
	64 10.9445
LINE 56 57 192.715 18
	1015 11.1178
	1016 10.9751
	1017 10.8487
	1018 10.7392
	1019 10.6471
	1020 10.5728
	1021 10.5168
	1022 10.4792
	1023 10.4604
	1024 10.4604
	1025 10.4792
	1026 10.5168
	1027 10.5728
	1028 10.6471
	1029 10.7392
	1030 10.8487
	1031 10.9751
	57 11.1178
LINE 57 58 120.947 11
	1032 11.3157
	1033 11.1255
	1034 10.9752
	1035 10.8666
	1036 10.8009
	1037 10.7789
	1038 10.8009
	1039 10.8666
	1040 10.9752
	1041 11.1255
	58 11.3157
LINE 59 60 204.482 19
	1042 11.373
	1043 11.1747
	1044 10.9967
	1045 10.8401
	1046 10.7059
	1047 10.5947
	1048 10.5075
	1049 10.4447
	1050 10.4068
	1051 10.3942
	1052 10.4068
	1053 10.4447
	1054 10.5075
	1055 10.5947
	1056 10.7059
	1057 10.8401
	1058 10.9967
	1059 11.1747
	60 11.373
LINE 61 62 163.508 15
	1060 10.914
	1061 10.9082
	1062 10.9034
	1063 10.8994
	1064 10.8963
	1065 10.894
	1066 10.8927
	1067 10.8923
	1068 10.8927
	1069 10.894
	1070 10.8963
	1071 10.8994
	1072 10.9034
	1073 10.9082
	62 10.914
COORDENADAS :
1	46.2999	711.337
2	121.213	761.666
3	338.329	766.091
4	397.539	761.634
5	539.543	765.264
6	643.14	760.85
7	727.733	711.508
8	826.909	717.075
9	201.269	649.78
10	338.891	610.491
11	433.696	632.192
12	489.427	654.984
13	643.598	607.251
14	705.247	638.658
15	816.832	651.869
16	197.154	549.47
17	353.375	499.601
18	429.058	546.941
19	495.913	503.574
20	602.972	545.89
21	742.448	537.492
22	809.709	553.091
23	0	443.202
24	99.9402	412.848
25	251.696	418.248
26	285.326	452.371
27	394.352	401.814
28	484.371	422.927
29	628.795	422.553
30	712.743	427.682
31	790.07	436.689
32	132.673	322.185
33	229.75	359.863
34	321.207	338.428
35	387.503	331.13
36	501.923	328.402
37	644.157	332.587
38	689.844	338.133
39	833.382	353.019
40	44.2192	258.065
41	104.234	259.032
42	228.868	250.805
43	441.728	252.119
44	544.758	262.109
45	647.601	235.063
46	714.535	206.061
47	808.505	256.14
48	13.6637	110.414
49	83.7834	144.548
50	337.872	102.987
51	390.011	125.522
52	531.596	155.059
53	594.51	108.526
54	687.116	122.756
55	785.022	167.016
56	29.0579	2.28156
57	147.714	43.1489
58	213.944	0
59	300.705	25.9624
60	429.504	53.2579
61	485.322	56.3491
62	593.414	42.9246
63	722.252	67.3702
64	816.163	13.5612
65	302.46	674.756
66	422.187	107.723
67	748.546	748.587
68	388.678	665.821
69	50.835	717.036
70	55.5746	722.43
71	60.5188	727.52
72	65.6676	732.305
73	71.0209	736.785
74	76.5789	740.961
75	82.3415	744.833
76	88.3087	748.4
77	94.4804	751.662
78	100.857	754.62
79	107.438	757.273
80	114.223	759.622
81	338.196	759.017
82	338.079	751.944
83	337.976	744.871
84	337.888	737.798
85	337.815	730.725
86	337.758	723.652
87	337.715	716.579
88	337.688	709.506
89	337.676	702.433
90	337.679	695.36
91	337.697	688.288
92	337.73	681.215
93	337.778	674.142
94	337.841	667.07
95	337.92	659.997
96	338.013	652.925
97	338.122	645.852
98	338.246	638.78
99	338.384	631.708
100	338.538	624.636
101	338.707	617.563
102	404.722	758.585
103	411.896	755.875
104	419.061	753.506
105	426.218	751.477
106	433.366	749.788
107	440.505	748.439
108	447.636	747.43
109	454.758	746.761
110	461.871	746.433
111	468.976	746.444
112	476.071	746.796
113	483.159	747.487
114	490.237	748.519
115	497.307	749.891
116	504.368	751.603
117	511.42	753.655
118	518.464	756.047
119	525.499	758.779
120	532.525	761.851
121	401.606	755.426
122	405.433	749.151
123	409.019	742.808
124	412.365	736.398
125	415.47	729.921
126	418.335	723.377
127	420.959	716.766
128	423.343	710.088
129	425.487	703.342
130	427.39	696.529
131	429.052	689.649
132	430.474	682.702
133	431.656	675.688
134	432.597	668.607
135	433.298	661.458
136	433.758	654.242
137	433.978	646.959
138	433.957	639.609
139	546.434	764.617
140	553.328	764.02
141	560.224	763.474
142	567.122	762.978
143	574.022	762.533
144	580.924	762.138
145	587.828	761.793
146	594.735	761.499
147	601.643	761.255
148	608.554	761.062
149	615.467	760.919
150	622.382	760.826
151	629.299	760.784
152	636.219	760.792
153	532.881	760.465
154	526.683	755.454
155	520.95	750.233
156	515.681	744.801
157	510.876	739.158
158	506.535	733.304
159	502.658	727.239
160	499.246	720.962
161	496.298	714.475
162	493.815	707.777
163	491.795	700.868
164	490.24	693.748
165	489.149	686.417
166	488.522	678.876
167	488.36	671.123
168	488.661	663.159
169	649.755	758.306
170	656.281	755.612
171	662.719	752.766
172	669.07	749.77
173	675.332	746.622
174	681.506	743.324
175	687.593	739.875
176	693.591	736.275
177	699.501	732.524
178	705.324	728.623
179	711.058	724.571
180	716.705	720.367
181	722.263	716.013
182	646.748	753.879
183	650.014	746.907
184	652.938	739.934
185	655.52	732.96
186	657.762	725.984
187	659.661	719.008
188	661.219	712.031
189	662.435	705.053
190	663.31	698.073
191	663.843	691.093
192	664.035	684.112
193	663.885	677.13
194	663.393	670.146
195	662.56	663.162
196	661.385	656.177
197	659.869	649.19
198	658.011	642.203
199	655.811	635.214
200	653.27	628.225
201	650.388	621.235
202	647.163	614.243
203	734.912	710.225
204	742.075	709.201
205	749.225	708.435
206	756.359	707.928
207	763.48	707.679
208	770.585	707.689
209	777.677	707.957
210	784.753	708.484
211	791.816	709.27
212	798.863	710.314
213	805.896	711.616
214	812.915	713.177
215	819.919	714.997
216	727.206	704.417
217	726.375	697.42
218	725.241	690.516
219	723.804	683.706
220	722.063	676.99
221	720.019	670.367
222	717.671	663.838
223	715.02	657.403
224	712.066	651.061
225	708.808	644.813
226	819.876	714.628
227	812.943	712.026
228	806.109	709.269
229	799.376	706.357
230	792.743	703.289
231	786.21	700.067
232	779.777	696.689
233	773.444	693.156
234	767.211	689.468
235	761.078	685.624
236	755.045	681.626
237	749.112	677.472
238	743.278	673.164
239	737.545	668.7
240	731.912	664.081
241	726.379	659.307
242	720.946	654.377
243	715.613	649.293
244	710.38	644.053
245	208.257	648.19
246	215.234	646.561
247	222.2	644.893
248	229.154	643.185
249	236.097	641.437
250	243.029	639.651
251	249.949	637.824
252	256.859	635.958
253	263.757	634.053
254	270.643	632.109
255	277.519	630.124
256	284.383	628.101
257	291.236	626.038
258	298.078	623.935
259	304.908	621.793
260	311.727	619.612
261	318.535	617.391
262	325.332	615.13
263	332.117	612.831
264	344.882	615.453
265	350.993	619.889
266	357.224	623.8
267	363.576	627.187
268	370.047	630.049
269	376.639	632.386
270	383.351	634.199
271	390.182	635.487
272	397.134	636.249
273	404.206	636.487
274	411.399	636.201
275	418.711	635.389
276	426.143	634.053
277	439.164	636.494
278	444.814	640.354
279	450.644	643.771
280	456.656	646.746
281	462.848	649.279
282	469.222	651.369
283	475.776	653.016
284	482.511	654.221
285	496.001	652.489
286	502.586	650.032
287	509.182	647.613
288	515.791	645.233
289	522.411	642.89
290	529.043	640.586
291	535.687	638.32
292	542.343	636.092
293	549.011	633.902
294	555.69	631.75
295	562.381	629.637
296	569.084	627.562
297	575.799	625.524
298	582.526	623.525
299	589.264	621.564
300	596.015	619.642
301	602.777	617.757
302	609.551	615.911
303	616.336	614.102
304	623.134	612.332
305	629.943	610.6
306	636.765	608.906
307	711.985	641.474
308	718.755	644.025
309	725.556	646.31
310	732.389	648.33
311	739.253	650.085
312	746.149	651.574
313	753.076	652.798
314	760.034	653.756
315	767.024	654.449
316	774.045	654.877
317	781.097	655.039
318	788.182	654.936
319	795.297	654.567
320	802.444	653.933
321	809.622	653.034
322	705.286	631.016
323	705.673	623.502
324	706.409	616.117
325	707.495	608.859
326	708.928	601.73
327	710.711	594.729
328	712.842	587.857
329	715.322	581.112
330	718.151	574.496
331	721.329	568.008
332	724.855	561.648
333	728.73	555.417
334	732.954	549.314
335	737.527	543.339
336	813.082	645.047
337	809.83	638.19
338	807.077	631.296
339	804.823	624.366
340	803.068	617.4
341	801.811	610.399
342	801.053	603.361
343	800.793	596.288
344	801.033	589.178
345	801.771	582.033
346	803.007	574.851
347	804.743	567.634
348	806.977	560.381
349	204.991	550.574
350	212.733	551.38
351	220.38	551.888
352	227.931	552.1
353	235.388	552.013
354	242.75	551.63
355	250.017	550.949
356	257.189	549.97
357	264.266	548.694
358	271.248	547.121
359	278.135	545.25
360	284.928	543.082
361	291.625	540.616
362	298.227	537.853
363	304.734	534.792
364	311.147	531.434
365	317.464	527.779
366	323.687	523.826
367	329.814	519.576
368	335.847	515.028
369	341.785	510.183
370	347.628	505.04
371	199.802	542.876
372	202.458	536.286
373	205.123	529.698
374	207.796	523.115
375	210.477	516.535
376	213.166	509.958
377	215.864	503.385
378	218.57	496.815
379	221.285	490.249
380	224.008	483.686
381	226.739	477.126
382	229.479	470.57
383	232.227	464.018
384	234.983	457.469
385	237.748	450.924
386	240.521	444.382
387	243.302	437.843
388	246.092	431.308
389	248.89	424.776
390	357.625	505.755
391	362.137	511.491
392	366.911	516.808
393	371.947	521.706
394	377.244	526.185
395	382.804	530.245
396	388.626	533.887
397	394.709	537.11
398	401.055	539.914
399	407.663	542.299
400	414.533	544.265
401	421.664	545.812
402	349.18	493.538
403	344.717	487.863
404	339.985	482.574
405	334.985	477.672
406	329.717	473.156
407	324.18	469.027
408	318.375	465.285
409	312.302	461.929
410	305.96	458.959
411	299.351	456.377
412	292.472	454.181
413	433.829	540.985
414	438.862	535.431
415	444.156	530.281
416	449.711	525.533
417	455.528	521.187
418	461.606	517.245
419	467.945	513.705
420	474.545	510.568
421	481.407	507.834
422	488.529	505.503
423	610.161	549.045
424	617.327	551.825
425	624.471	554.227
426	631.592	556.254
427	638.691	557.904
428	645.766	559.178
429	652.819	560.075
430	659.85	560.596
431	666.858	560.741
432	673.843	560.509
433	680.805	559.901
434	687.745	558.916
435	694.662	557.556
436	701.557	555.819
437	708.429	553.705
438	715.278	551.215
439	722.105	548.349
440	728.908	545.106
441	735.69	541.487
442	600.748	538.145
443	598.287	530.628
444	595.59	523.339
445	592.657	516.279
446	589.488	509.446
447	586.083	502.841
448	582.441	496.464
449	578.562	490.314
450	574.448	484.393
451	570.097	478.7
452	565.51	473.234
453	560.686	467.997
454	555.626	462.988
455	550.33	458.206
456	544.798	453.652
457	539.029	449.327
458	533.024	445.229
459	526.782	441.359
460	520.304	437.717
461	513.59	434.303
462	506.64	431.117
463	499.453	428.159
464	492.03	425.429
465	600.765	538.275
466	598.987	530.751
467	597.638	523.316
468	596.716	515.97
469	596.223	508.715
470	596.159	501.549
471	596.523	494.473
472	597.315	487.486
473	598.535	480.589
474	600.184	473.782
475	602.261	467.064
476	604.767	460.437
477	607.701	453.898
478	611.063	447.45
479	614.853	441.091
480	619.072	434.822
481	623.72	428.643
482	745.74	531.341
483	748.99	525.17
484	752.198	518.979
485	755.364	512.768
486	758.487	506.538
487	761.569	500.287
488	764.609	494.017
489	767.606	487.727
490	770.561	481.416
491	773.475	475.086
492	776.346	468.736
493	779.175	462.367
494	781.962	455.977
495	784.707	449.567
496	787.41	443.138
497	5.66751	437.902
498	11.4772	433.07
499	17.429	428.706
500	23.523	424.81
501	29.7592	421.382
502	36.1376	418.422
503	42.6581	415.931
504	49.3207	413.907
505	56.1256	412.352
506	63.0726	411.264
507	70.1618	410.645
508	77.3931	410.493
509	84.7667	410.81
510	92.2823	411.595
511	107.287	409.732
512	114.621	406.953
513	121.944	404.512
514	129.254	402.408
515	136.553	400.641
516	143.839	399.212
517	151.114	398.12
518	158.376	397.365
519	165.627	396.947
520	172.865	396.867
521	180.092	397.124
522	187.306	397.719
523	194.509	398.651
524	201.699	399.92
525	208.878	401.526
526	216.044	403.47
527	223.198	405.751
528	230.341	408.369
529	237.471	411.325
530	244.59	414.618
531	253.641	410.585
532	255.969	403.256
533	258.682	396.261
534	261.779	389.601
535	265.26	383.276
536	269.126	377.285
537	273.376	371.629
538	278.01	366.308
539	283.028	361.321
540	288.431	356.669
541	294.217	352.352
542	300.388	348.369
543	306.944	344.72
544	313.883	341.407
545	292.299	450.604
546	299.202	448.687
547	306.035	446.618
548	312.798	444.399
549	319.491	442.028
550	326.115	439.507
551	332.668	436.835
552	339.151	434.012
553	345.564	431.038
554	351.908	427.913
555	358.181	424.637
556	364.384	421.21
557	370.518	417.633
558	376.581	413.904
559	382.575	410.025
560	388.498	405.995
561	286.029	445.226
562	286.908	438.135
563	287.963	431.1
564	289.194	424.121
565	290.601	417.196
566	292.184	410.328
567	293.943	403.514
568	295.878	396.756
569	297.988	390.054
570	300.275	383.407
571	302.737	376.815
572	305.376	370.279
573	308.19	363.798
574	311.181	357.372
575	314.347	351.002
576	317.689	344.687
577	401.439	402.746
578	408.498	403.793
579	415.531	404.956
580	422.537	406.234
581	429.515	407.627
582	436.467	409.136
583	443.392	410.76
584	450.289	412.499
585	457.16	414.354
586	464.003	416.324
587	470.819	418.41
588	477.609	420.611
589	395.796	394.539
590	396.767	387.31
591	397.265	380.127
592	397.29	372.99
593	396.841	365.899
594	395.92	358.853
595	394.525	351.854
596	392.658	344.9
597	390.317	337.992
598	398.768	395.45
599	403.368	389.355
600	408.152	383.529
601	413.119	377.972
602	418.269	372.683
603	423.603	367.664
604	429.121	362.913
605	434.821	358.432
606	440.706	354.219
607	446.774	350.275
608	453.025	346.6
609	459.46	343.193
610	466.078	340.056
611	472.88	337.187
612	479.866	334.588
613	487.035	332.257
614	494.387	330.195
615	485.682	416.186
616	486.984	409.443
617	488.278	402.699
618	489.563	395.953
619	490.838	389.205
620	492.105	382.456
621	493.364	375.705
622	494.613	368.952
623	495.853	362.198
624	497.085	355.442
625	498.308	348.684
626	499.521	341.925
627	500.726	335.164
628	635.822	422.464
629	642.844	422.468
630	649.86	422.567
631	656.87	422.76
632	663.874	423.046
633	670.872	423.427
634	677.865	423.901
635	684.852	424.469
636	691.834	425.132
637	698.809	425.888
638	705.779	426.738
639	628.627	415.402
640	628.684	408.289
641	628.966	401.215
642	629.473	394.18
643	630.205	387.182
644	631.161	380.224
645	632.343	373.303
646	633.75	366.421
647	635.381	359.577
648	637.238	352.772
649	639.319	346.005
650	641.626	339.277
651	790.739	428.874
652	791.852	421.289
653	793.408	413.934
654	795.409	406.809
655	797.853	399.913
656	800.741	393.247
657	804.072	386.811
658	807.848	380.605
659	812.067	374.628
660	816.73	368.881
661	821.837	363.364
662	827.387	358.076
663	128.174	316.615
664	124.042	310.88
665	120.279	304.978
666	116.884	298.912
667	113.856	292.679
668	111.196	286.281
669	108.904	279.717
670	106.979	272.988
671	105.423	266.093
672	223.53	356.429
673	217.378	352.909
674	211.297	349.303
675	205.284	345.61
676	199.341	341.83
677	193.468	337.965
678	187.664	334.013
679	181.929	329.974
680	176.264	325.849
681	170.668	321.638
682	165.141	317.341
683	159.684	312.957
684	154.296	308.486
685	148.978	303.93
686	143.729	299.287
687	138.549	294.557
688	133.439	289.741
689	128.398	284.839
690	123.426	279.85
691	118.524	274.775
692	113.691	269.614
693	108.928	264.366
694	509.031	328.73
695	516.14	329.045
696	523.249	329.348
697	530.358	329.638
698	537.468	329.916
699	544.578	330.181
700	551.688	330.434
701	558.799	330.674
702	565.91	330.902
703	573.022	331.118
704	580.134	331.321
705	587.246	331.511
706	594.358	331.689
707	601.471	331.855
708	608.585	332.008
709	615.699	332.149
710	622.813	332.277
711	629.927	332.393
712	637.042	332.496
713	507.407	323.403
714	512.574	318.199
715	517.423	312.789
716	521.953	307.173
717	526.165	301.352
718	530.059	295.325
719	533.635	289.093
720	536.893	282.655
721	539.833	276.012
722	542.454	269.163
723	650.714	333.131
724	657.261	333.758
725	663.798	334.468
726	670.324	335.26
727	676.841	336.135
728	683.347	337.093
729	641.373	325.514
730	639.054	318.457
731	637.202	311.417
732	635.816	304.394
733	634.896	297.387
734	634.443	290.396
735	634.456	283.422
736	634.935	276.464
737	635.88	269.523
738	637.292	262.598
739	639.17	255.689
740	641.514	248.797
741	644.324	241.922
742	650.138	327.63
743	655.859	322.529
744	661.322	317.284
745	666.525	311.894
746	671.469	306.361
747	676.154	300.683
748	680.58	294.861
749	684.747	288.895
750	688.655	282.785
751	692.303	276.531
752	695.692	270.132
753	698.823	263.59
754	701.694	256.903
755	704.306	250.072
756	706.658	243.097
757	708.752	235.978
758	710.587	228.715
759	712.162	221.308
760	713.478	213.756
761	697.353	335.673
762	704.827	333.551
763	712.267	331.765
764	719.671	330.317
765	727.04	329.207
766	734.374	328.433
767	741.674	327.997
768	748.938	327.898
769	756.167	328.137
770	763.362	328.712
771	770.521	329.625
772	777.646	330.876
773	784.735	332.463
774	791.789	334.388
775	798.809	336.65
776	805.793	339.249
777	812.743	342.185
778	819.658	345.459
779	826.537	349.07
780	829.485	346.643
781	825.915	340.184
782	822.671	333.64
783	819.752	327.014
784	817.16	320.303
785	814.894	313.509
786	812.954	306.631
787	811.34	299.669
788	810.052	292.623
789	809.091	285.494
790	808.455	278.281
791	808.145	270.984
792	808.162	263.604
793	51.7325	257.475
794	59.2426	257.088
795	66.7494	256.904
796	74.2529	256.924
797	81.7531	257.146
798	89.25	257.572
799	96.7437	258.201
800	43.047	250.167
801	42.3123	242.423
802	42.015	234.831
803	42.1552	227.391
804	42.7328	220.104
805	43.7478	212.969
806	45.2002	205.986
807	47.0901	199.157
808	49.4174	192.479
809	52.1821	185.954
810	55.3843	179.582
811	59.0239	173.362
812	63.1009	167.294
813	67.6154	161.379
814	72.5673	155.616
815	77.9566	150.006
816	231.086	243.665
817	233.463	236.64
818	235.997	229.732
819	238.69	222.941
820	241.54	216.265
821	244.548	209.707
822	247.714	203.265
823	251.038	196.939
824	254.52	190.729
825	258.16	184.637
826	261.958	178.66
827	265.913	172.8
828	270.027	167.057
829	274.298	161.429
830	278.728	155.919
831	283.315	150.525
832	288.06	145.247
833	292.963	140.085
834	298.024	135.04
835	303.243	130.112
836	308.62	125.3
837	314.154	120.604
838	319.847	116.025
839	325.698	111.563
840	331.706	107.216
841	438.278	245.754
842	434.908	239.355
843	431.619	232.924
844	428.411	226.459
845	425.285	219.962
846	422.239	213.431
847	419.274	206.867
848	416.39	200.271
849	413.587	193.641
850	410.865	186.978
851	408.224	180.282
852	405.664	173.552
853	403.185	166.79
854	400.787	159.995
855	398.47	153.167
856	396.234	146.305
857	394.078	139.411
858	392.004	132.483
859	542.882	255.095
860	541.15	248.063
861	539.56	241.014
862	538.112	233.947
863	536.807	226.863
864	535.645	219.762
865	534.625	212.643
866	533.747	205.506
867	533.012	198.352
868	532.42	191.18
869	531.97	183.991
870	531.663	176.784
871	531.498	169.56
872	531.476	162.318
873	654.892	233.542
874	662.05	231.714
875	669.075	229.58
876	675.968	227.139
877	682.728	224.392
878	689.355	221.339
879	695.849	217.979
880	702.211	214.312
881	708.439	210.34
882	639.868	233.865
883	632.338	232.373
884	625.012	230.585
885	617.89	228.502
886	610.97	226.124
887	604.255	223.452
888	597.742	220.484
889	591.433	217.221
890	585.328	213.663
891	579.426	209.811
892	573.727	205.663
893	568.232	201.22
894	562.941	196.483
895	557.853	191.45
896	552.968	186.122
897	548.286	180.5
898	543.809	174.582
899	539.534	168.369
900	535.463	161.861
901	646.348	227.756
902	644.924	220.522
903	643.329	213.359
904	641.562	206.268
905	639.625	199.248
906	637.515	192.301
907	635.235	185.426
908	632.783	178.622
909	630.16	171.89
910	627.366	165.231
911	624.4	158.643
912	621.264	152.126
913	617.956	145.682
914	614.476	139.31
915	610.825	133.009
916	607.003	126.781
917	603.01	120.624
918	598.846	114.539
919	713.214	198.802
920	711.717	191.6
921	710.045	184.456
922	708.198	177.37
923	706.176	170.341
924	703.978	163.371
925	701.606	156.457
926	699.058	149.602
927	696.335	142.804
928	693.437	136.063
929	690.364	129.381
930	804.426	249.883
931	800.727	243.526
932	797.406	237.069
933	794.464	230.513
934	791.9	223.857
935	789.715	217.101
936	787.909	210.245
937	786.481	203.289
938	785.432	196.234
939	784.762	189.079
940	784.47	181.824
941	784.557	174.47
942	21.1897	111.152
943	28.4853	112.363
944	35.5506	114.047
945	42.3857	116.204
946	48.9905	118.834
947	55.365	121.937
948	61.5092	125.513
949	67.4232	129.562
950	73.1069	134.085
951	78.5603	139.08
952	387.218	118.571
953	384.213	111.81
954	380.997	105.239
955	377.568	98.8587
956	373.928	92.6681
957	370.075	86.6676
958	366.011	80.8572
959	361.734	75.237
960	357.246	69.8069
961	352.546	64.5669
962	347.633	59.517
963	342.509	54.6572
964	337.173	49.9876
965	331.625	45.5081
966	325.865	41.2187
967	319.893	37.1195
968	313.709	33.2103
969	307.313	29.4913
970	689.017	115.331
971	691.419	108.225
972	694.322	101.435
973	697.725	94.9638
974	701.629	88.8098
975	706.034	82.9735
976	710.939	77.4548
977	716.345	72.2537
978	783.55	159.756
979	781.8	152.671
980	779.772	145.761
981	777.467	139.025
982	774.884	132.464
983	772.024	126.079
984	768.887	119.868
985	765.472	113.831
986	761.78	107.97
987	757.81	102.283
988	753.562	96.7712
989	749.038	91.434
990	744.235	86.2717
991	739.156	81.2841
992	733.798	76.4714
993	728.164	71.8334
994	784.864	159.721
995	784.855	152.457
996	784.997	145.223
997	785.288	138.02
998	785.729	130.847
999	786.32	123.704
1000	787.061	116.592
1001	787.952	109.51
1002	788.993	102.459
1003	790.183	95.4384
1004	791.524	88.448
1005	793.014	81.488
1006	794.655	74.5584
1007	796.445	67.6593
1008	798.385	60.7906
1009	800.475	53.9523
1010	802.715	47.1444
1011	805.105	40.3669
1012	807.645	33.6198
1013	810.334	26.9032
1014	813.174	20.217
1015	36.469	2.17382
1016	43.7837	2.34587
1017	51.0021	2.79769
1018	58.1241	3.5293
1019	65.1497	4.54069
1020	72.079	5.83186
1021	78.9119	7.40281
1022	85.6485	9.25354
1023	92.2887	11.3841
1024	98.8325	13.7944
1025	105.28	16.4844
1026	111.631	19.4543
1027	117.886	22.7039
1028	124.044	26.2334
1029	130.106	30.0426
1030	136.072	34.1316
1031	141.941	38.5003
1032	154.988	41.15
1033	162.012	38.7663
1034	168.785	35.9979
1035	175.307	32.8448
1036	181.578	29.3069
1037	187.599	25.3843
1038	193.369	21.0769
1039	198.889	16.3848
1040	204.158	11.3079
1041	209.176	5.84634
1042	306.846	30.4093
1043	313.058	34.5218
1044	319.341	38.2998
1045	325.694	41.7433
1046	332.119	44.8523
1047	338.614	47.6268
1048	345.18	50.0669
1049	351.817	52.1725
1050	358.525	53.9435
1051	365.304	55.3802
1052	372.154	56.4823
1053	379.075	57.2499
1054	386.066	57.6831
1055	393.129	57.7817
1056	400.262	57.5459
1057	407.466	56.9756
1058	414.742	56.0709
1059	422.088	54.8316
1060	492.471	54.9987
1061	499.629	53.7135
1062	506.795	52.4933
1063	513.968	51.3381
1064	521.15	50.248
1065	528.34	49.2229
1066	535.538	48.2629
1067	542.745	47.3679
1068	549.959	46.538
1069	557.181	45.7731
1070	564.411	45.0733
1071	571.65	44.4386
1072	578.896	43.8689
1073	586.151	43.3642
