NOMBRE : MTLARP6_10_3_2.dat
VERTICES ORIGINALES : 54
VERTICES TOTALES : 851
DEPOTS : 3
52
53
54
LINEAS ORIGINALES : 53
LINE 1 11 186.685 17
	55 11.3864
	56 11.237
	57 11.106
	58 10.9939
	59 10.9013
	60 10.8287
	61 10.7766
	62 10.7452
	63 10.7347
	64 10.7452
	65 10.7766
	66 10.8287
	67 10.9013
	68 10.9939
	69 11.106
	70 11.237
	11 11.3864
LINE 2 3 182.97 17
	71 10.798
	72 10.7849
	73 10.7735
	74 10.7638
	75 10.7559
	76 10.7498
	77 10.7454
	78 10.7427
	79 10.7418
	80 10.7427
	81 10.7454
	82 10.7498
	83 10.7559
	84 10.7638
	85 10.7735
	86 10.7849
	3 10.798
LINE 2 11 173.343 16
	87 10.8544
	88 10.8463
	89 10.8392
	90 10.8334
	91 10.8287
	92 10.8252
	93 10.8228
	94 10.8217
	95 10.8217
	96 10.8228
	97 10.8252
	98 10.8287
	99 10.8334
	100 10.8392
	101 10.8463
	11 10.8544
LINE 3 12 256.042 23
	102 11.2791
	103 11.2393
	104 11.2032
	105 11.1708
	106 11.1421
	107 11.1172
	108 11.096
	109 11.0787
	110 11.0652
	111 11.0556
	112 11.0498
	113 11.0479
	114 11.0498
	115 11.0556
	116 11.0652
	117 11.0787
	118 11.096
	119 11.1172
	120 11.1421
	121 11.1708
	122 11.2032
	123 11.2393
	12 11.2791
LINE 4 5 117.541 10
	124 12.6245
	125 12.0591
	126 11.617
	127 11.3126
	128 11.1574
	129 11.1574
	130 11.3126
	131 11.617
	132 12.0591
	5 12.6245
LINE 5 6 151.674 14
	133 10.9402
	134 10.8913
	135 10.8504
	136 10.8176
	137 10.7929
	138 10.7764
	139 10.7681
	140 10.7681
	141 10.7764
	142 10.7929
	143 10.8176
	144 10.8504
	145 10.8913
	6 10.9402
LINE 6 14 184.012 17
	146 11.143
	147 11.025
	148 10.9218
	149 10.8336
	150 10.761
	151 10.7041
	152 10.6633
	153 10.6388
	154 10.6306
	155 10.6388
	156 10.6633
	157 10.7041
	158 10.761
	159 10.8336
	160 10.9218
	161 11.025
	14 11.143
LINE 7 15 201.738 18
	162 11.7839
	163 11.5852
	164 11.4086
	165 11.2549
	166 11.1253
	167 11.0205
	168 10.9412
	169 10.888
	170 10.8613
	171 10.8613
	172 10.888
	173 10.9412
	174 11.0205
	175 11.1253
	176 11.2549
	177 11.4086
	178 11.5852
	15 11.7839
LINE 7 16 117.299 11
	179 10.8725
	180 10.748
	181 10.6502
	182 10.5798
	183 10.5373
	184 10.5231
	185 10.5373
	186 10.5798
	187 10.6502
	188 10.748
	16 10.8725
LINE 7 17 212.087 19
	189 11.813
	190 11.6019
	191 11.4124
	192 11.2456
	193 11.1026
	194 10.9841
	195 10.8911
	196 10.8241
	197 10.7838
	198 10.7703
	199 10.7838
	200 10.8241
	201 10.8911
	202 10.9841
	203 11.1026
	204 11.2456
	205 11.4124
	206 11.6019
	17 11.813
LINE 8 17 230.122 21
	207 10.9644
	208 10.9625
	209 10.9609
	210 10.9594
	211 10.9581
	212 10.9571
	213 10.9562
	214 10.9555
	215 10.955
	216 10.9547
	217 10.9546
	218 10.9547
	219 10.955
	220 10.9555
	221 10.9562
	222 10.9571
	223 10.9581
	224 10.9594
	225 10.9609
	226 10.9625
	17 10.9644
LINE 9 18 240.073 22
	227 11.2933
	228 11.1863
	229 11.0891
	230 11.002
	231 10.9252
	232 10.859
	233 10.8034
	234 10.7588
	235 10.7252
	236 10.7028
	237 10.6915
	238 10.6915
	239 10.7028
	240 10.7252
	241 10.7588
	242 10.8034
	243 10.859
	244 10.9252
	245 11.002
	246 11.0891
	247 11.1863
	18 11.2933
LINE 10 19 144.131 13
	248 11.5076
	249 11.3005
	250 11.1282
	251 10.9923
	252 10.8942
	253 10.8349
	254 10.8151
	255 10.8349
	256 10.8942
	257 10.9923
	258 11.1282
	259 11.3005
	19 11.5076
LINE 12 13 114.622 10
	260 11.8356
	261 11.5895
	262 11.4015
	263 11.2743
	264 11.2102
	265 11.2102
	266 11.2743
	267 11.4015
	268 11.5895
	13 11.8356
LINE 13 23 97.8271 9
	269 11.3434
	270 10.9931
	271 10.7358
	272 10.5785
	273 10.5255
	274 10.5785
	275 10.7358
	276 10.9931
	23 11.3434
LINE 15 25 209.376 19
	277 11.102
	278 11.0747
	279 11.0505
	280 11.0296
	281 11.0118
	282 10.9972
	283 10.9859
	284 10.9778
	285 10.9729
	286 10.9713
	287 10.9729
	288 10.9778
	289 10.9859
	290 10.9972
	291 11.0118
	292 11.0296
	293 11.0505
	294 11.0747
	25 11.102
LINE 17 27 144.159 13
	295 11.1498
	296 11.1195
	297 11.0947
	298 11.0754
	299 11.0616
	300 11.0533
	301 11.0505
	302 11.0533
	303 11.0616
	304 11.0754
	305 11.0947
	306 11.1195
	27 11.1498
LINE 18 19 184.487 17
	307 11.1214
	308 11.0216
	309 10.9343
	310 10.8599
	311 10.7987
	312 10.7508
	313 10.7164
	314 10.6958
	315 10.6889
	316 10.6958
	317 10.7164
	318 10.7508
	319 10.7987
	320 10.8599
	321 10.9343
	322 11.0216
	19 11.1214
LINE 18 28 123.55 11
	323 11.5613
	324 11.3658
	325 11.2114
	326 11.0997
	327 11.0322
	328 11.0096
	329 11.0322
	330 11.0997
	331 11.2114
	332 11.3658
	28 11.5613
LINE 19 29 113.704 10
	333 11.5596
	334 11.4342
	335 11.3393
	336 11.2755
	337 11.2435
	338 11.2435
	339 11.2755
	340 11.3393
	341 11.4342
	29 11.5596
LINE 20 29 199.605 18
	342 11.7963
	343 11.5538
	344 11.3375
	345 11.1486
	346 10.9888
	347 10.8593
	348 10.7611
	349 10.6951
	350 10.662
	351 10.662
	352 10.6951
	353 10.7611
	354 10.8593
	355 10.9888
	356 11.1486
	357 11.3375
	358 11.5538
	29 11.7963
LINE 21 22 198.352 18
	359 11.5741
	360 11.3828
	361 11.2128
	362 11.0649
	363 10.9402
	364 10.8394
	365 10.7632
	366 10.712
	367 10.6864
	368 10.6864
	369 10.712
	370 10.7632
	371 10.8394
	372 10.9402
	373 11.0649
	374 11.2128
	375 11.3828
	22 11.5741
LINE 21 31 153.358 14
	376 11.1221
	377 11.0451
	378 10.9805
	379 10.9285
	380 10.8894
	381 10.8633
	382 10.8502
	383 10.8502
	384 10.8633
	385 10.8894
	386 10.9285
	387 10.9805
	388 11.0451
	31 11.1221
LINE 21 32 238.534 22
	389 10.8458
	390 10.8448
	391 10.844
	392 10.8432
	393 10.8425
	394 10.842
	395 10.8415
	396 10.8411
	397 10.8408
	398 10.8406
	399 10.8406
	400 10.8406
	401 10.8406
	402 10.8408
	403 10.8411
	404 10.8415
	405 10.842
	406 10.8425
	407 10.8432
	408 10.844
	409 10.8448
	32 10.8458
LINE 23 24 198.364 18
	410 11.4378
	411 11.2929
	412 11.1647
	413 11.0535
	414 10.9601
	415 10.8847
	416 10.8278
	417 10.7898
	418 10.7707
	419 10.7707
	420 10.7898
	421 10.8278
	422 10.8847
	423 10.9601
	424 11.0535
	425 11.1647
	426 11.2929
	24 11.4378
LINE 24 25 162.895 14
	427 12.6179
	428 12.1801
	429 11.8028
	430 11.4921
	431 11.2534
	432 11.0915
	433 11.0096
	434 11.0096
	435 11.0915
	436 11.2534
	437 11.4921
	438 11.8028
	439 12.1801
	25 12.6179
LINE 24 33 208.817 19
	440 11.1048
	441 11.0668
	442 11.0332
	443 11.004
	444 10.9793
	445 10.9589
	446 10.9431
	447 10.9318
	448 10.925
	449 10.9227
	450 10.925
	451 10.9318
	452 10.9431
	453 10.9589
	454 10.9793
	455 11.004
	456 11.0332
	457 11.0668
	33 11.1048
LINE 26 33 241.345 22
	458 11.4368
	459 11.3062
	460 11.1873
	461 11.0806
	462 10.9864
	463 10.905
	464 10.8367
	465 10.7818
	466 10.7404
	467 10.7127
	468 10.6988
	469 10.6988
	470 10.7127
	471 10.7404
	472 10.7818
	473 10.8367
	474 10.905
	475 10.9864
	476 11.0806
	477 11.1873
	478 11.3062
	33 11.4368
LINE 27 34 179.973 16
	479 11.4965
	480 11.3982
	481 11.3133
	482 11.242
	483 11.1846
	484 11.1414
	485 11.1125
	486 11.0981
	487 11.0981
	488 11.1125
	489 11.1414
	490 11.1846
	491 11.242
	492 11.3133
	493 11.3982
	34 11.4965
LINE 28 35 193.428 17
	494 11.8752
	495 11.6925
	496 11.5317
	497 11.3939
	498 11.2799
	499 11.1904
	500 11.1261
	501 11.0873
	502 11.0743
	503 11.0873
	504 11.1261
	505 11.1904
	506 11.2799
	507 11.3939
	508 11.5317
	509 11.6925
	35 11.8752
LINE 29 30 170.765 16
	510 10.742
	511 10.7144
	512 10.6907
	513 10.6709
	514 10.6551
	515 10.6432
	516 10.6352
	517 10.6312
	518 10.6312
	519 10.6352
	520 10.6432
	521 10.6551
	522 10.6709
	523 10.6907
	524 10.7144
	30 10.742
LINE 29 37 219.886 20
	525 11.3206
	526 11.219
	527 11.1279
	528 11.0476
	529 10.9782
	530 10.9201
	531 10.8734
	532 10.8382
	533 10.8147
	534 10.8029
	535 10.8029
	536 10.8147
	537 10.8382
	538 10.8734
	539 10.9201
	540 10.9782
	541 11.0476
	542 11.1279
	543 11.219
	37 11.3206
LINE 30 31 124.914 11
	544 11.6396
	545 11.4709
	546 11.3379
	547 11.242
	548 11.1841
	549 11.1647
	550 11.1841
	551 11.242
	552 11.3379
	553 11.4709
	31 11.6396
LINE 30 37 133.774 12
	554 11.997
	555 11.5473
	556 11.1746
	557 10.8867
	558 10.6905
	559 10.591
	560 10.591
	561 10.6905
	562 10.8867
	563 11.1746
	564 11.5473
	37 11.997
LINE 31 32 205.103 18
	565 12.341
	566 12.0193
	567 11.7305
	568 11.4773
	569 11.2619
	570 11.0866
	571 10.9532
	572 10.8634
	573 10.8183
	574 10.8183
	575 10.8634
	576 10.9532
	577 11.0866
	578 11.2619
	579 11.4773
	580 11.7305
	581 12.0193
	32 12.341
LINE 31 37 170.128 15
	582 11.8643
	583 11.6448
	584 11.4558
	585 11.2988
	586 11.1752
	587 11.086
	588 11.0322
	589 11.0142
	590 11.0322
	591 11.086
	592 11.1752
	593 11.2988
	594 11.4558
	595 11.6448
	37 11.8643
LINE 32 39 98.7322 9
	596 11.8535
	597 11.2081
	598 10.7233
	599 10.4217
	600 10.3191
	601 10.4217
	602 10.7233
	603 11.2081
	39 11.8535
LINE 33 41 203.489 19
	604 10.8005
	605 10.7704
	606 10.7438
	607 10.7207
	608 10.7011
	609 10.6851
	610 10.6726
	611 10.6636
	612 10.6583
	613 10.6565
	614 10.6583
	615 10.6636
	616 10.6726
	617 10.6851
	618 10.7011
	619 10.7207
	620 10.7438
	621 10.7704
	41 10.8005
LINE 35 44 246.54 23
	622 10.7524
	623 10.7433
	624 10.7351
	625 10.7278
	626 10.7213
	627 10.7157
	628 10.7109
	629 10.707
	630 10.704
	631 10.7018
	632 10.7005
	633 10.7001
	634 10.7005
	635 10.7018
	636 10.704
	637 10.707
	638 10.7109
	639 10.7157
	640 10.7213
	641 10.7278
	642 10.7351
	643 10.7433
	44 10.7524
LINE 36 37 211.027 19
	644 11.7963
	645 11.5729
	646 11.3722
	647 11.1953
	648 11.0434
	649 10.9176
	650 10.8187
	651 10.7475
	652 10.7046
	653 10.6902
	654 10.7046
	655 10.7475
	656 10.8187
	657 10.9176
	658 11.0434
	659 11.1953
	660 11.3722
	661 11.5729
	37 11.7963
LINE 36 44 197.371 18
	662 11.1366
	663 11.0765
	664 11.0236
	665 10.9781
	666 10.9401
	667 10.9095
	668 10.8866
	669 10.8712
	670 10.8635
	671 10.8635
	672 10.8712
	673 10.8866
	674 10.9095
	675 10.9401
	676 10.9781
	677 11.0236
	678 11.0765
	44 11.1366
LINE 37 38 178.697 16
	679 11.2781
	680 11.2344
	681 11.1969
	682 11.1656
	683 11.1404
	684 11.1215
	685 11.1089
	686 11.1026
	687 11.1026
	688 11.1089
	689 11.1215
	690 11.1404
	691 11.1656
	692 11.1969
	693 11.2344
	38 11.2781
LINE 37 46 232.417 21
	694 11.0738
	695 11.0719
	696 11.0702
	697 11.0687
	698 11.0674
	699 11.0663
	700 11.0654
	701 11.0647
	702 11.0642
	703 11.0639
	704 11.0638
	705 11.0639
	706 11.0642
	707 11.0647
	708 11.0654
	709 11.0663
	710 11.0674
	711 11.0687
	712 11.0702
	713 11.0719
	46 11.0738
LINE 38 39 122.02 11
	714 11.8012
	715 11.3861
	716 11.0525
	717 10.8079
	718 10.6584
	719 10.6081
	720 10.6584
	721 10.8079
	722 11.0525
	723 11.3861
	39 11.8012
LINE 38 46 206.994 19
	724 11.1411
	725 11.0598
	726 10.9875
	727 10.9244
	728 10.8708
	729 10.8267
	730 10.7923
	731 10.7677
	732 10.7528
	733 10.7479
	734 10.7528
	735 10.7677
	736 10.7923
	737 10.8267
	738 10.8708
	739 10.9244
	740 10.9875
	741 11.0598
	46 11.1411
LINE 39 40 220.052 20
	742 11.5556
	743 11.3851
	744 11.2313
	745 11.0949
	746 10.9768
	747 10.8773
	748 10.797
	749 10.7365
	750 10.6959
	751 10.6756
	752 10.6756
	753 10.6959
	754 10.7365
	755 10.797
	756 10.8773
	757 10.9768
	758 11.0949
	759 11.2313
	760 11.3851
	40 11.5556
LINE 39 47 154.656 14
	761 11.6989
	762 11.4053
	763 11.1547
	764 10.9502
	765 10.7942
	766 10.689
	767 10.636
	768 10.636
	769 10.689
	770 10.7942
	771 10.9502
	772 11.1547
	773 11.4053
	47 11.6989
LINE 39 48 291.655 27
	774 10.9998
	775 10.9546
	776 10.9128
	777 10.8746
	778 10.8398
	779 10.8086
	780 10.781
	781 10.757
	782 10.7367
	783 10.72
	784 10.7071
	785 10.6978
	786 10.6922
	787 10.6904
	788 10.6922
	789 10.6978
	790 10.7071
	791 10.72
	792 10.7367
	793 10.757
	794 10.781
	795 10.8086
	796 10.8398
	797 10.8746
	798 10.9128
	799 10.9546
	48 10.9998
LINE 41 49 98.7895 9
	800 11.4503
	801 11.0999
	802 10.8428
	803 10.6855
	804 10.6326
	805 10.6855
	806 10.8428
	807 11.0999
	49 11.4503
LINE 42 50 152.645 14
	808 11.0932
	809 11.0062
	810 10.9331
	811 10.8743
	812 10.83
	813 10.8003
	814 10.7855
	815 10.7855
	816 10.8003
	817 10.83
	818 10.8743
	819 10.9331
	820 11.0062
	50 11.0932
LINE 43 44 143.079 13
	821 11.1004
	822 11.0534
	823 11.0148
	824 10.9847
	825 10.9632
	826 10.9502
	827 10.9459
	828 10.9502
	829 10.9632
	830 10.9847
	831 11.0148
	832 11.0534
	44 11.1004
LINE 45 46 97.9429 9
	833 11.2657
	834 10.9816
	835 10.7741
	836 10.6476
	837 10.6051
	838 10.6476
	839 10.7741
	840 10.9816
	46 11.2657
LINE 50 51 134.051 12
	841 11.7202
	842 11.4263
	843 11.1856
	844 11.0016
	845 10.8773
	846 10.8145
	847 10.8145
	848 10.8773
	849 11.0016
	850 11.1856
	851 11.4263
	51 11.7202
COORDENADAS :
1	114.903	516.345
2	223.448	560.803
3	344.627	549.122
4	457.637	525.68
5	522.732	561.401
6	616.516	525.298
7	834.854	522.88
8	946.272	550.305
9	46.46	449.891
10	104.666	412.143
11	213.995	445.762
12	458.692	423.88
13	531.149	405.787
14	658.434	412.346
15	731.171	443.969
16	825.61	446.266
17	901.243	403.7
18	0.217755	300.077
19	119.769	319.637
20	243.723	308.118
21	322.553	302.88
22	442.215	348.876
23	508.823	346.712
24	638.013	343.974
25	732.993	305.012
26	833.089	301.604
27	963.134	330.613
28	62.8112	249.081
29	132.081	245.725
30	243.409	224.179
31	322.117	201.628
32	451.598	210
33	699.171	219.87
34	949.827	213.004
35	17.447	132.057
36	95.5542	128.921
37	230.463	140.547
38	348.011	126.206
39	419.4	157.116
40	560.876	141.762
41	764.723	101.874
42	834.313	158.579
43	21.9866	19.5791
44	114.809	0
45	237.793	25.5138
46	296.216	0.303354
47	426.812	58.1863
48	560.487	26.2636
49	745.823	40.9421
50	851.5	59.4104
51	935.695	39.7821
52	838.236	580.651
53	451.871	297.232
54	587.374	497.262
55	122.2	514.254
56	129.314	511.906
57	136.244	509.301
58	142.991	506.437
59	149.554	503.316
60	155.934	499.937
61	162.13	496.301
62	168.142	492.406
63	173.971	488.254
64	179.617	483.845
65	185.079	479.177
66	190.357	474.252
67	195.451	469.07
68	200.363	463.629
69	205.09	457.931
70	209.634	451.975
71	230.646	560.846
72	237.836	560.798
73	245.017	560.658
74	252.189	560.427
75	259.353	560.105
76	266.507	559.692
77	273.653	559.187
78	280.79	558.591
79	287.918	557.904
80	295.038	557.126
81	302.148	556.256
82	309.25	555.295
83	316.343	554.243
84	323.427	553.1
85	330.503	551.865
86	337.569	550.539
87	222.296	553.659
88	221.218	546.509
89	220.216	539.353
90	219.288	532.19
91	218.435	525.022
92	217.657	517.847
93	216.954	510.666
94	216.326	503.479
95	215.773	496.286
96	215.294	489.087
97	214.89	481.881
98	214.562	474.67
99	214.308	467.452
100	214.128	460.228
101	214.024	452.998
102	350.706	544.697
103	356.684	540.179
104	362.56	535.568
105	368.334	530.865
106	374.006	526.068
107	379.576	521.179
108	385.045	516.198
109	390.411	511.123
110	395.676	505.956
111	400.839	500.696
112	405.9	495.344
113	410.86	489.898
114	415.717	484.36
115	420.473	478.73
116	425.127	473.006
117	429.679	467.19
118	434.129	461.281
119	438.478	455.279
120	442.724	449.185
121	446.869	442.997
122	450.912	436.718
123	454.853	430.345
124	466.053	525.779
125	474.045	526.649
126	481.614	528.291
127	488.759	530.705
128	495.48	533.891
129	501.778	537.849
130	507.652	542.579
131	513.102	548.081
132	518.129	554.355
133	528.967	557.616
134	535.273	554.017
135	541.65	550.603
136	548.099	547.375
137	554.619	544.332
138	561.211	541.475
139	567.874	538.803
140	574.608	536.317
141	581.414	534.017
142	588.292	531.902
143	595.24	529.973
144	602.261	528.229
145	609.352	526.671
146	621.069	519.429
147	625.362	513.462
148	629.393	507.399
149	633.164	501.239
150	636.673	494.982
151	639.922	488.628
152	642.91	482.178
153	645.637	475.63
154	648.102	468.986
155	650.307	462.245
156	652.251	455.407
157	653.934	448.472
158	655.356	441.441
159	656.517	434.312
160	657.417	427.087
161	658.056	419.765
162	827.245	520.925
163	819.853	518.684
164	812.68	516.158
165	805.723	513.345
166	798.984	510.247
167	792.463	506.864
168	786.159	503.194
169	780.073	499.239
170	774.204	494.998
171	768.552	490.471
172	763.119	485.658
173	757.902	480.56
174	752.903	475.176
175	748.122	469.506
176	743.558	463.551
177	739.211	457.309
178	735.082	450.782
179	832.204	516.133
180	829.916	509.343
181	827.989	502.509
182	826.425	495.631
183	825.223	488.71
184	824.383	481.745
185	823.904	474.737
186	823.788	467.684
187	824.033	460.589
188	824.641	453.449
189	841.174	518.181
190	847.18	513.308
191	852.872	508.26
192	858.251	503.037
193	863.315	497.639
194	868.065	492.066
195	872.502	486.318
196	876.624	480.395
197	880.432	474.298
198	883.926	468.025
199	887.106	461.578
200	889.973	454.955
201	892.525	448.158
202	894.763	441.185
203	896.687	434.038
204	898.297	426.716
205	899.593	419.219
206	900.575	411.547
207	943.833	543.415
208	941.424	536.515
209	939.044	529.606
210	936.694	522.688
211	934.373	515.761
212	932.082	508.825
213	929.82	501.88
214	927.587	494.926
215	925.384	487.963
216	923.21	480.991
217	921.066	474.01
218	918.951	467.019
219	916.866	460.02
220	914.81	453.012
221	912.784	445.994
222	910.787	438.968
223	908.819	431.932
224	906.881	424.888
225	904.972	417.834
226	903.093	410.772
227	42.0384	443.797
228	37.8377	437.635
229	33.858	431.405
230	30.0992	425.107
231	26.5612	418.74
232	23.2443	412.306
233	20.1482	405.803
234	17.273	399.232
235	14.6188	392.593
236	12.1855	385.885
237	9.97313	379.11
238	7.98167	372.266
239	6.21113	365.354
240	4.66152	358.373
241	3.33282	351.325
242	2.22505	344.208
243	1.33819	337.024
244	0.672264	329.771
245	0.227254	322.45
246	0.00316644	315.06
247	0	307.603
248	103.24	404.604
249	102.246	397.137
250	101.684	389.739
251	101.552	382.412
252	101.851	375.156
253	102.582	367.969
254	103.744	360.854
255	105.337	353.808
256	107.361	346.833
257	109.816	339.928
258	112.703	333.094
259	116.02	326.33
260	466.555	424.541
261	474.281	424.654
262	481.869	424.217
263	489.32	423.231
264	496.635	421.697
265	503.812	419.613
266	510.852	416.98
267	517.755	413.798
268	524.52	410.067
269	526.031	400.22
270	521.572	394.404
271	517.773	388.338
272	514.633	382.024
273	512.152	375.46
274	510.331	368.647
275	509.169	361.584
276	508.666	354.273
277	732.399	436.671
278	733.501	429.37
279	734.478	422.068
280	735.328	414.765
281	736.053	407.459
282	736.652	400.152
283	737.126	392.844
284	737.473	385.533
285	737.695	378.222
286	737.791	370.908
287	737.761	363.593
288	737.605	356.276
289	737.324	348.957
290	736.917	341.637
291	736.383	334.315
292	735.724	326.992
293	734.94	319.667
294	734.029	312.34
295	906.759	398.717
296	912.149	393.628
297	917.413	388.432
298	922.552	383.13
299	927.564	377.721
300	932.451	372.206
301	937.212	366.584
302	941.847	360.855
303	946.356	355.02
304	950.739	349.078
305	954.996	343.03
306	959.128	336.875
307	7.58079	299.207
308	14.9025	298.589
309	22.1829	298.224
310	29.4219	298.112
311	36.6197	298.252
312	43.7761	298.645
313	50.8912	299.291
314	57.9649	300.189
315	64.9974	301.339
316	71.9885	302.742
317	78.9383	304.398
318	85.8467	306.306
319	92.7139	308.467
320	99.5397	310.881
321	106.324	313.547
322	113.067	316.466
323	7.394	297.265
324	14.2731	294.088
325	20.8549	290.546
326	27.1396	286.64
327	33.1271	282.369
328	38.8174	277.733
329	44.2106	272.732
330	49.3065	267.367
331	54.1053	261.636
332	58.6068	255.541
333	122.777	312.542
334	125.39	305.381
335	127.608	298.154
336	129.431	290.861
337	130.86	283.503
338	131.894	276.079
339	132.533	268.589
340	132.777	261.034
341	132.626	253.412
342	239.165	301.709
343	234.414	295.647
344	229.469	289.931
345	224.33	284.561
346	218.999	279.537
347	213.473	274.859
348	207.755	270.527
349	201.842	266.542
350	195.737	262.902
351	189.438	259.609
352	182.945	256.662
353	176.259	254.061
354	169.38	251.807
355	162.307	249.898
356	155.04	248.336
357	147.581	247.119
358	139.927	246.249
359	328.136	308.206
360	333.844	313.206
361	339.677	317.881
362	345.636	322.229
363	351.72	326.252
364	357.929	329.948
365	364.264	333.318
366	370.724	336.363
367	377.309	339.081
368	384.019	341.473
369	390.855	343.54
370	397.817	345.28
371	404.903	346.694
372	412.115	347.783
373	419.452	348.545
374	426.914	348.982
375	434.502	349.092
376	324.156	295.64
377	325.508	288.402
378	326.608	281.165
379	327.457	273.929
380	328.055	266.694
381	328.401	259.46
382	328.495	252.227
383	328.339	244.996
384	327.93	237.765
385	327.27	230.535
386	326.359	223.307
387	325.197	216.079
388	323.782	208.853
389	328.287	298.476
390	334.035	294.09
391	339.794	289.721
392	345.567	285.369
393	351.351	281.034
394	357.148	276.717
395	362.958	272.417
396	368.78	268.135
397	374.614	263.87
398	380.461	259.622
399	386.321	255.392
400	392.193	251.178
401	398.077	246.983
402	403.974	242.804
403	409.883	238.643
404	415.805	234.499
405	421.739	230.373
406	427.686	226.263
407	433.645	222.172
408	439.617	218.097
409	445.601	214.04
410	515.946	343.99
411	523.075	341.57
412	530.21	339.453
413	537.352	337.638
414	544.501	336.125
415	551.655	334.915
416	558.817	334.007
417	565.984	333.401
418	573.158	333.098
419	580.339	333.097
420	587.526	333.398
421	594.719	334.002
422	601.919	334.908
423	609.125	336.116
424	616.337	337.627
425	623.556	339.44
426	630.781	341.556
427	646.362	345.004
428	654.47	345.448
429	662.337	345.305
430	669.963	344.575
431	677.349	343.259
432	684.495	341.356
433	691.399	338.866
434	698.063	335.79
435	704.486	332.127
436	710.669	327.877
437	716.611	323.041
438	722.312	317.618
439	727.773	311.608
440	642.429	338.032
441	646.713	332.025
442	650.863	325.952
443	654.88	319.814
444	658.764	313.61
445	662.515	307.34
446	666.133	301.005
447	669.618	294.604
448	672.97	288.138
449	676.189	281.606
450	679.275	275.009
451	682.228	268.346
452	685.047	261.618
453	687.734	254.824
454	690.287	247.964
455	692.708	241.039
456	694.995	234.048
457	697.15	226.992
458	828.407	295.587
459	823.591	289.788
460	818.642	284.209
461	813.558	278.849
462	808.341	273.708
463	802.99	268.787
464	797.505	264.085
465	791.887	259.602
466	786.134	255.339
467	780.248	251.295
468	774.227	247.47
469	768.073	243.864
470	761.785	240.478
471	755.363	237.311
472	748.808	234.363
473	742.118	231.635
474	735.295	229.126
475	728.338	226.836
476	721.247	224.766
477	714.022	222.914
478	706.663	221.282
479	964.294	323.037
480	965.189	315.491
481	965.818	307.975
482	966.182	300.489
483	966.28	293.034
484	966.112	285.608
485	965.679	278.212
486	964.98	270.847
487	964.016	263.511
488	962.786	256.206
489	961.29	248.93
490	959.528	241.685
491	957.501	234.469
492	955.209	227.284
493	952.651	220.129
494	57.4778	243.231
495	52.4775	237.251
496	47.8103	231.142
497	43.4763	224.904
498	39.4753	218.536
499	35.8075	212.04
500	32.4728	205.415
501	29.4712	198.66
502	26.8027	191.776
503	24.4673	184.763
504	22.4651	177.621
505	20.7959	170.35
506	19.4599	162.95
507	18.457	155.42
508	17.7872	147.762
509	17.4505	139.974
510	138.843	243.369
511	145.632	241.148
512	152.447	239.061
513	159.288	237.109
514	166.155	235.292
515	173.048	233.609
516	179.967	232.06
517	186.912	230.646
518	193.883	229.367
519	200.88	228.222
520	207.903	227.212
521	214.952	226.336
522	222.027	225.595
523	229.129	224.988
524	236.256	224.516
525	135.35	238.923
526	138.793	232.283
527	142.409	225.806
528	146.199	219.491
529	150.163	213.338
530	154.301	207.348
531	158.612	201.521
532	163.097	195.856
533	167.756	190.353
534	172.588	185.013
535	177.594	179.835
536	182.774	174.82
537	188.127	169.967
538	193.654	165.277
539	199.355	160.749
540	205.229	156.384
541	211.277	152.181
542	217.499	148.14
543	223.894	144.262
544	249.96	220.019
545	256.632	216.282
546	263.425	212.967
547	270.338	210.073
548	277.373	207.601
549	284.528	205.551
550	291.804	203.923
551	299.201	202.716
552	306.719	201.932
553	314.357	201.569
554	238.602	217.786
555	234.473	211.289
556	231.022	204.687
557	228.248	197.98
558	226.153	191.168
559	224.735	184.251
560	223.995	177.23
561	223.933	170.103
562	224.549	162.871
563	225.843	155.535
564	227.814	148.093
565	329.566	198.135
566	336.985	195.109
567	344.374	192.547
568	351.733	190.452
569	359.062	188.822
570	366.361	187.657
571	373.63	186.958
572	380.868	186.725
573	388.077	186.958
574	395.255	187.655
575	402.403	188.819
576	409.521	190.448
577	416.609	192.543
578	423.667	195.103
579	430.695	198.129
580	437.693	201.62
581	444.66	205.577
582	317.637	195.109
583	312.924	188.94
584	307.979	183.121
585	302.8	177.651
586	297.389	172.53
587	291.744	167.759
588	285.867	163.337
589	279.757	159.265
590	273.414	155.543
591	266.838	152.17
592	260.029	149.146
593	252.987	146.472
594	245.712	144.147
595	238.204	142.172
596	451.342	202.102
597	450.255	194.709
598	448.338	187.822
599	445.591	181.441
600	442.013	175.565
601	437.605	170.194
602	432.367	165.329
603	426.298	160.97
604	703.645	214.228
605	708.006	208.524
606	712.253	202.756
607	716.386	196.925
608	720.405	191.031
609	724.31	185.074
610	728.102	179.053
611	731.779	172.969
612	735.343	166.822
613	738.793	160.612
614	742.13	154.338
615	745.352	148.001
616	748.461	141.601
617	751.456	135.138
618	754.337	128.612
619	757.104	122.022
620	759.758	115.369
621	762.297	108.653
622	21.112	125.897
623	24.8287	119.774
624	28.597	113.69
625	32.417	107.644
626	36.2886	101.636
627	40.2118	95.6657
628	44.1867	89.7337
629	48.2133	83.8398
630	52.2914	77.9839
631	56.4213	72.1661
632	60.6027	66.3864
633	64.8359	60.6448
634	69.1206	54.9413
635	73.457	49.2758
636	77.8451	43.6484
637	82.2848	38.0591
638	86.7761	32.5079
639	91.3191	26.9947
640	95.9137	21.5196
641	100.56	16.0826
642	105.258	10.6837
643	110.007	5.32279
644	102.94	126.221
645	110.294	123.888
646	117.617	121.924
647	124.908	120.327
648	132.167	119.099
649	139.394	118.238
650	146.59	117.746
651	153.754	117.622
652	160.886	117.866
653	167.986	118.478
654	175.055	119.458
655	182.092	120.806
656	189.097	122.522
657	196.071	124.606
658	203.013	127.058
659	209.923	129.878
660	216.802	133.066
661	223.648	136.623
662	98.2426	122.001
663	100.741	115.052
664	103.048	108.074
665	105.165	101.068
666	107.092	94.0341
667	108.828	86.9714
668	110.374	79.8802
669	111.729	72.7606
670	112.894	65.6125
671	113.869	58.436
672	114.653	51.231
673	115.246	43.9976
674	115.649	36.7358
675	115.862	29.4455
676	115.884	22.1268
677	115.716	14.7796
678	115.358	7.40404
679	237.971	140.965
680	245.456	141.208
681	252.921	141.275
682	260.363	141.168
683	267.785	140.885
684	275.185	140.426
685	282.564	139.793
686	289.921	138.984
687	297.257	138
688	304.572	136.841
689	311.865	135.507
690	319.137	133.997
691	326.388	132.312
692	333.617	130.452
693	340.825	128.417
694	233.88	134.002
695	237.268	127.445
696	240.627	120.873
697	243.958	114.289
698	247.26	107.691
699	250.534	101.079
700	253.779	94.4545
701	256.996	87.8164
702	260.184	81.1649
703	263.344	74.5
704	266.475	67.8217
705	269.577	61.1301
706	272.651	54.4251
707	275.697	47.7067
708	278.714	40.9749
709	281.702	34.2298
710	284.662	27.4712
711	287.594	20.6993
712	290.496	13.914
713	293.371	7.11539
714	355.87	125.853
715	363.456	126.132
716	370.768	127.044
717	377.805	128.589
718	384.569	130.766
719	391.059	133.576
720	397.275	137.019
721	403.217	141.094
722	408.885	145.802
723	414.279	151.143
724	347.094	118.835
725	345.976	111.547
726	344.656	104.342
727	343.136	97.2197
728	341.415	90.1798
729	339.493	83.2227
730	337.37	76.3482
731	335.046	69.5564
732	332.521	62.8472
733	329.795	56.2208
734	326.868	49.677
735	323.74	43.2159
736	320.411	36.8375
737	316.881	30.5418
738	313.15	24.3287
739	309.218	18.1984
740	305.085	12.1507
741	300.751	6.18568
742	426.792	159.284
743	434.151	161.143
744	441.476	162.693
745	448.768	163.934
746	456.026	164.866
747	463.251	165.489
748	470.442	165.803
749	477.6	165.807
750	484.724	165.503
751	491.814	164.89
752	498.871	163.968
753	505.895	162.737
754	512.885	161.197
755	519.841	159.347
756	526.764	157.189
757	533.654	154.722
758	540.509	151.945
759	547.332	148.86
760	554.121	145.466
761	416.68	149.806
762	414.461	142.534
763	412.741	135.299
764	411.521	128.101
765	410.801	120.941
766	410.581	113.819
767	410.861	106.734
768	411.64	99.6859
769	412.919	92.6757
770	414.698	85.7029
771	416.977	78.7676
772	419.756	71.8697
773	423.034	65.0093
774	425.8	153.536
775	432.109	149.859
776	438.329	146.084
777	444.457	142.212
778	450.496	138.242
779	456.444	134.175
780	462.302	130.01
781	468.07	125.749
782	473.747	121.389
783	479.334	116.933
784	484.83	112.378
785	490.237	107.727
786	495.552	102.978
787	500.778	98.1315
788	505.913	93.1877
789	510.958	88.1465
790	515.912	83.0079
791	520.776	77.7718
792	525.55	72.4383
793	530.233	67.0075
794	534.826	61.4792
795	539.329	55.8534
796	543.741	50.1303
797	548.063	44.3098
798	552.295	38.3918
799	556.436	32.3764
800	759.917	95.9427
801	755.788	89.802
802	752.335	83.4514
803	749.559	76.8911
804	747.459	70.1209
805	746.035	63.141
806	745.288	55.9512
807	745.218	48.5515
808	833.831	151.2
809	833.612	143.865
810	833.657	136.577
811	833.964	129.334
812	834.534	122.136
813	835.367	114.985
814	836.463	107.878
815	837.822	100.818
816	839.444	93.8024
817	841.329	86.8328
818	843.477	79.9089
819	845.888	73.0305
820	848.563	66.1976
821	29.3807	19.2768
822	36.7324	18.7738
823	44.0418	18.0701
824	51.3089	17.1659
825	58.5337	16.061
826	65.7162	14.7556
827	72.8564	13.2495
828	79.9542	11.5428
829	87.0097	9.63544
830	94.0229	7.52751
831	100.994	5.21895
832	107.922	2.70979
833	245.289	25.0392
834	252.533	23.983
835	259.526	22.3452
836	266.269	20.1257
837	272.76	17.3245
838	279.001	13.9417
839	284.99	9.97725
840	290.729	5.43113
841	859.202	60.7199
842	866.781	61.4939
843	874.234	61.7325
844	881.562	61.4355
845	888.766	60.6031
846	895.844	59.2351
847	902.798	57.3317
848	909.627	54.8928
849	916.332	51.9183
850	922.911	48.4084
851	929.366	44.363
