NOMBRE : MTLARP9_9_6_1.dat
VERTICES ORIGINALES : 71
VERTICES TOTALES : 869
DEPOTS : 6
66
67
68
69
70
71
LINEAS ORIGINALES : 53
LINE 1 6 212.249 20
	72 11.0184
	73 10.8925
	74 10.7793
	75 10.6793
	76 10.5929
	77 10.5203
	78 10.4619
	79 10.4178
	80 10.3884
	81 10.3736
	82 10.3736
	83 10.3884
	84 10.4178
	85 10.4619
	86 10.5203
	87 10.5929
	88 10.6793
	89 10.7793
	90 10.8925
	6 11.0184
LINE 2 3 133.627 12
	91 12.2071
	92 11.644
	93 11.1732
	94 10.8066
	95 10.5552
	96 10.4272
	97 10.4272
	98 10.5552
	99 10.8066
	100 11.1732
	101 11.644
	3 12.2071
LINE 4 5 257.668 24
	102 11.2335
	103 11.1067
	104 10.9901
	105 10.8841
	106 10.789
	107 10.7051
	108 10.6327
	109 10.572
	110 10.5231
	111 10.4863
	112 10.4617
	113 10.4494
	114 10.4494
	115 10.4617
	116 10.4863
	117 10.5231
	118 10.572
	119 10.6327
	120 10.7051
	121 10.789
	122 10.8841
	123 10.9901
	124 11.1067
	5 11.2335
LINE 4 12 183.67 17
	125 10.9512
	126 10.8964
	127 10.8487
	128 10.8081
	129 10.7748
	130 10.7489
	131 10.7303
	132 10.7191
	133 10.7154
	134 10.7191
	135 10.7303
	136 10.7489
	137 10.7748
	138 10.8081
	139 10.8487
	140 10.8964
	12 10.9512
LINE 7 15 154.745 14
	141 11.6532
	142 11.3825
	143 11.1519
	144 10.9639
	145 10.8208
	146 10.7244
	147 10.6758
	148 10.6758
	149 10.7244
	150 10.8208
	151 10.9639
	152 11.1519
	153 11.3825
	15 11.6532
LINE 8 16 177.92 16
	154 11.7414
	155 11.4989
	156 11.2868
	157 11.107
	158 10.9611
	159 10.8503
	160 10.7759
	161 10.7384
	162 10.7384
	163 10.7759
	164 10.8503
	165 10.9611
	166 11.107
	167 11.2868
	168 11.4989
	16 11.7414
LINE 9 17 91.4897 9
	169 10.1772
	170 10.1684
	171 10.1622
	172 10.1584
	173 10.1572
	174 10.1584
	175 10.1622
	176 10.1684
	17 10.1772
LINE 10 17 185.373 16
	177 13.3207
	178 12.67
	179 12.0843
	180 11.5737
	181 11.1484
	182 10.8184
	183 10.5927
	184 10.4781
	185 10.4781
	186 10.5927
	187 10.8184
	188 11.1484
	189 11.5737
	190 12.0843
	191 12.67
	17 13.3207
LINE 11 19 286.593 27
	192 10.6208
	193 10.6193
	194 10.618
	195 10.6168
	196 10.6157
	197 10.6147
	198 10.6139
	199 10.6131
	200 10.6125
	201 10.612
	202 10.6116
	203 10.6113
	204 10.6111
	205 10.6111
	206 10.6111
	207 10.6113
	208 10.6116
	209 10.612
	210 10.6125
	211 10.6131
	212 10.6139
	213 10.6147
	214 10.6157
	215 10.6168
	216 10.618
	217 10.6193
	19 10.6208
LINE 12 13 119.287 11
	218 11.8178
	219 11.2528
	220 10.793
	221 10.4521
	222 10.2422
	223 10.1712
	224 10.2422
	225 10.4521
	226 10.793
	227 11.2528
	13 11.8178
LINE 14 15 185.963 16
	228 12.7666
	229 12.3282
	230 11.9397
	231 11.6059
	232 11.3319
	233 11.1219
	234 10.9796
	235 10.9078
	236 10.9078
	237 10.9796
	238 11.1219
	239 11.3319
	240 11.6059
	241 11.9397
	242 12.3282
	15 12.7666
LINE 14 21 125.593 11
	243 12.2887
	244 11.7806
	245 11.3697
	246 11.0669
	247 10.8812
	248 10.8186
	249 10.8812
	250 11.0669
	251 11.3697
	252 11.7806
	21 12.2887
LINE 15 22 111.054 10
	253 12.3576
	254 11.5551
	255 10.9145
	256 10.4657
	257 10.234
	258 10.234
	259 10.4657
	260 10.9145
	261 11.5551
	22 12.3576
LINE 16 24 288.414 25
	262 13.304
	263 12.8931
	264 12.5062
	265 12.1455
	266 11.8134
	267 11.5124
	268 11.2451
	269 11.0138
	270 10.8209
	271 10.6684
	272 10.5582
	273 10.4915
	274 10.4692
	275 10.4915
	276 10.5582
	277 10.6684
	278 10.8209
	279 11.0138
	280 11.2451
	281 11.5124
	282 11.8134
	283 12.1455
	284 12.5062
	285 12.8931
	24 13.304
LINE 18 19 141.157 13
	286 11.1019
	287 10.9811
	288 10.8814
	289 10.8031
	290 10.7469
	291 10.713
	292 10.7017
	293 10.713
	294 10.7469
	295 10.8031
	296 10.8814
	297 10.9811
	19 11.1019
LINE 19 20 174.896 16
	298 11.0289
	299 10.9899
	300 10.9564
	301 10.9283
	302 10.9058
	303 10.8889
	304 10.8777
	305 10.872
	306 10.872
	307 10.8777
	308 10.8889
	309 10.9058
	310 10.9283
	311 10.9564
	312 10.9899
	20 11.0289
LINE 20 27 246.821 22
	313 12.5858
	314 12.217
	315 11.8753
	316 11.563
	317 11.2827
	318 11.0368
	319 10.8276
	320 10.6573
	321 10.5278
	322 10.4405
	323 10.3966
	324 10.3966
	325 10.4405
	326 10.5278
	327 10.6573
	328 10.8276
	329 11.0368
	330 11.2827
	331 11.563
	332 11.8753
	333 12.217
	27 12.5858
LINE 23 30 235.635 22
	334 10.7214
	335 10.7184
	336 10.7156
	337 10.7131
	338 10.711
	339 10.7091
	340 10.7076
	341 10.7063
	342 10.7054
	343 10.7048
	344 10.7045
	345 10.7045
	346 10.7048
	347 10.7054
	348 10.7063
	349 10.7076
	350 10.7091
	351 10.711
	352 10.7131
	353 10.7156
	354 10.7184
	30 10.7214
LINE 24 25 110.444 10
	355 11.3285
	356 11.1408
	357 10.9979
	358 10.9016
	359 10.8531
	360 10.8531
	361 10.9016
	362 10.9979
	363 11.1408
	25 11.3285
LINE 25 26 173.844 16
	364 11.2855
	365 11.1202
	366 10.9766
	367 10.8554
	368 10.7575
	369 10.6835
	370 10.6339
	371 10.609
	372 10.609
	373 10.6339
	374 10.6835
	375 10.7575
	376 10.8554
	377 10.9766
	378 11.1202
	26 11.2855
LINE 27 28 179.505 17
	379 10.566
	380 10.5635
	381 10.5612
	382 10.5593
	383 10.5578
	384 10.5566
	385 10.5557
	386 10.5552
	387 10.555
	388 10.5552
	389 10.5557
	390 10.5566
	391 10.5578
	392 10.5593
	393 10.5612
	394 10.5635
	28 10.566
LINE 28 29 106.283 10
	395 10.7161
	396 10.6577
	397 10.6137
	398 10.5843
	399 10.5696
	400 10.5696
	401 10.5843
	402 10.6137
	403 10.6577
	29 10.7161
LINE 29 37 129.883 12
	404 10.8795
	405 10.8491
	406 10.8247
	407 10.8063
	408 10.7941
	409 10.7879
	410 10.7879
	411 10.7941
	412 10.8063
	413 10.8247
	414 10.8491
	37 10.8795
LINE 30 38 216.037 20
	415 11.0792
	416 10.9926
	417 10.9152
	418 10.8469
	419 10.7881
	420 10.7388
	421 10.6992
	422 10.6694
	423 10.6495
	424 10.6396
	425 10.6396
	426 10.6495
	427 10.6694
	428 10.6992
	429 10.7388
	430 10.7881
	431 10.8469
	432 10.9152
	433 10.9926
	38 11.0792
LINE 30 40 179.796 17
	434 10.6169
	435 10.6017
	436 10.5885
	437 10.5773
	438 10.5681
	439 10.561
	440 10.5559
	441 10.5528
	442 10.5518
	443 10.5528
	444 10.5559
	445 10.561
	446 10.5681
	447 10.5773
	448 10.5885
	449 10.6017
	40 10.6169
LINE 31 32 120.92 10
	450 13.8004
	451 12.7164
	452 11.8384
	453 11.2149
	454 10.8898
	455 10.8898
	456 11.2149
	457 11.8384
	458 12.7164
	32 13.8004
LINE 33 34 150.404 14
	459 10.8399
	460 10.7954
	461 10.7582
	462 10.7283
	463 10.7059
	464 10.6909
	465 10.6834
	466 10.6834
	467 10.6909
	468 10.7059
	469 10.7283
	470 10.7582
	471 10.7954
	34 10.8399
LINE 34 35 183.612 17
	472 10.8504
	473 10.8318
	474 10.8157
	475 10.802
	476 10.7907
	477 10.782
	478 10.7758
	479 10.772
	480 10.7708
	481 10.772
	482 10.7758
	483 10.782
	484 10.7907
	485 10.802
	486 10.8157
	487 10.8318
	35 10.8504
LINE 36 45 245.703 22
	488 11.8553
	489 11.6647
	490 11.4905
	491 11.3333
	492 11.1941
	493 11.0733
	494 10.9716
	495 10.8896
	496 10.8276
	497 10.7862
	498 10.7654
	499 10.7654
	500 10.7862
	501 10.8276
	502 10.8896
	503 10.9716
	504 11.0733
	505 11.1941
	506 11.3333
	507 11.4905
	508 11.6647
	45 11.8553
LINE 36 46 299.653 26
	509 13.242
	510 12.8582
	511 12.4961
	512 12.1576
	513 11.8447
	514 11.5594
	515 11.3039
	516 11.0801
	517 10.8902
	518 10.7358
	519 10.6186
	520 10.5397
	521 10.5
	522 10.5
	523 10.5397
	524 10.6186
	525 10.7358
	526 10.8902
	527 11.0801
	528 11.3039
	529 11.5594
	530 11.8447
	531 12.1576
	532 12.4961
	533 12.8582
	46 13.242
LINE 37 46 230.392 20
	534 12.7624
	535 12.389
	536 12.0473
	537 11.7402
	538 11.4705
	539 11.2407
	540 11.0535
	541 10.9109
	542 10.8149
	543 10.7665
	544 10.7665
	545 10.8149
	546 10.9109
	547 11.0535
	548 11.2407
	549 11.4705
	550 11.7402
	551 12.0473
	552 12.389
	46 12.7624
LINE 38 39 190.791 17
	553 12.1319
	554 11.8032
	555 11.5106
	556 11.2572
	557 11.0455
	558 10.8779
	559 10.7567
	560 10.6833
	561 10.6587
	562 10.6833
	563 10.7567
	564 10.8779
	565 11.0455
	566 11.2572
	567 11.5106
	568 11.8032
	39 12.1319
LINE 39 47 194.802 17
	569 12.3552
	570 12.0306
	571 11.742
	572 11.4922
	573 11.2837
	574 11.1188
	575 10.9995
	576 10.9273
	577 10.9031
	578 10.9273
	579 10.9995
	580 11.1188
	581 11.2837
	582 11.4922
	583 11.742
	584 12.0306
	47 12.3552
LINE 39 48 135.867 13
	585 10.7053
	586 10.5796
	587 10.4756
	588 10.394
	589 10.3353
	590 10.2999
	591 10.2881
	592 10.2999
	593 10.3353
	594 10.394
	595 10.4756
	596 10.5796
	48 10.7053
LINE 40 41 196.662 19
	597 10.3583
	598 10.3557
	599 10.3535
	600 10.3515
	601 10.3499
	602 10.3485
	603 10.3475
	604 10.3467
	605 10.3463
	606 10.3461
	607 10.3463
	608 10.3467
	609 10.3475
	610 10.3485
	611 10.3499
	612 10.3515
	613 10.3535
	614 10.3557
	41 10.3583
LINE 40 49 268.008 24
	615 12.1409
	616 11.8973
	617 11.6714
	618 11.4644
	619 11.2771
	620 11.1106
	621 10.966
	622 10.8439
	623 10.7453
	624 10.6707
	625 10.6207
	626 10.5956
	627 10.5956
	628 10.6207
	629 10.6707
	630 10.7453
	631 10.8439
	632 10.966
	633 11.1106
	634 11.2771
	635 11.4644
	636 11.6714
	637 11.8973
	49 12.1409
LINE 42 51 146.508 14
	638 10.8303
	639 10.6641
	640 10.5236
	641 10.4098
	642 10.3237
	643 10.2659
	644 10.2368
	645 10.2368
	646 10.2659
	647 10.3237
	648 10.4098
	649 10.5236
	650 10.6641
	51 10.8303
LINE 43 52 266.067 23
	651 13.2293
	652 12.8057
	653 12.4101
	654 12.0451
	655 11.7136
	656 11.4185
	657 11.1627
	658 10.949
	659 10.7798
	660 10.6573
	661 10.5832
	662 10.5583
	663 10.5832
	664 10.6573
	665 10.7798
	666 10.949
	667 11.1627
	668 11.4185
	669 11.7136
	670 12.0451
	671 12.4101
	672 12.8057
	52 13.2293
LINE 44 53 118.356 11
	673 10.9264
	674 10.8269
	675 10.7489
	676 10.6929
	677 10.6591
	678 10.6478
	679 10.6591
	680 10.6929
	681 10.7489
	682 10.8269
	53 10.9264
LINE 45 54 125.761 11
	683 12.5444
	684 11.9011
	685 11.3756
	686 10.9848
	687 10.7436
	688 10.6619
	689 10.7436
	690 10.9848
	691 11.3756
	692 11.9011
	54 12.5444
LINE 48 49 207.289 18
	693 12.8825
	694 12.4252
	695 12.0108
	696 11.6438
	697 11.3289
	698 11.0705
	699 10.8727
	700 10.7388
	701 10.6713
	702 10.6713
	703 10.7388
	704 10.8727
	705 11.0705
	706 11.3289
	707 11.6438
	708 12.0108
	709 12.4252
	49 12.8825
LINE 49 57 74.3268 7
	710 10.9628
	711 10.6208
	712 10.4103
	713 10.3391
	714 10.4103
	715 10.6208
	57 10.9628
LINE 50 51 230.232 20
	716 13.2953
	717 12.7703
	718 12.2848
	719 11.8437
	720 11.4521
	721 11.1152
	722 10.8382
	723 10.6257
	724 10.4816
	725 10.4088
	726 10.4088
	727 10.4816
	728 10.6257
	729 10.8382
	730 11.1152
	731 11.4521
	732 11.8437
	733 12.2848
	734 12.7703
	51 13.2953
LINE 51 58 163.372 15
	735 11.207
	736 11.0735
	737 10.9592
	738 10.8648
	739 10.7908
	740 10.7377
	741 10.7057
	742 10.695
	743 10.7057
	744 10.7377
	745 10.7908
	746 10.8648
	747 10.9592
	748 11.0735
	58 11.207
LINE 52 59 140.07 13
	749 10.9315
	750 10.8535
	751 10.7893
	752 10.7391
	753 10.7031
	754 10.6815
	755 10.6742
	756 10.6815
	757 10.7031
	758 10.7391
	759 10.7893
	760 10.8535
	59 10.9315
LINE 53 60 181.854 17
	761 11.2754
	762 11.0638
	763 10.8771
	764 10.7166
	765 10.5834
	766 10.4787
	767 10.4032
	768 10.3577
	769 10.3425
	770 10.3577
	771 10.4032
	772 10.4787
	773 10.5834
	774 10.7166
	775 10.8771
	776 11.0638
	60 11.2754
LINE 54 60 242.131 22
	777 11.5967
	778 11.4322
	779 11.2821
	780 11.147
	781 11.0274
	782 10.9239
	783 10.8368
	784 10.7667
	785 10.7138
	786 10.6784
	787 10.6606
	788 10.6606
	789 10.6784
	790 10.7138
	791 10.7667
	792 10.8368
	793 10.9239
	794 11.0274
	795 11.147
	796 11.2821
	797 11.4322
	60 11.5967
LINE 54 61 202.547 18
	798 12.3642
	799 11.9889
	800 11.6507
	801 11.3527
	802 11.0983
	803 10.8905
	804 10.732
	805 10.6251
	806 10.5712
	807 10.5712
	808 10.6251
	809 10.732
	810 10.8905
	811 11.0983
	812 11.3527
	813 11.6507
	814 11.9889
	61 12.3642
LINE 55 56 181.16 16
	815 12.6291
	816 12.1319
	817 11.689
	818 11.3066
	819 10.9911
	820 10.7485
	821 10.5836
	822 10.5002
	823 10.5002
	824 10.5836
	825 10.7485
	826 10.9911
	827 11.3066
	828 11.689
	829 12.1319
	56 12.6291
LINE 59 60 121.985 11
	830 12.1448
	831 11.5336
	832 11.0349
	833 10.6644
	834 10.4358
	835 10.3584
	836 10.4358
	837 10.6644
	838 11.0349
	839 11.5336
	60 12.1448
LINE 60 65 84.7997 8
	840 11.2353
	841 10.7001
	842 10.3279
	843 10.1366
	844 10.1366
	845 10.3279
	846 10.7001
	65 11.2353
LINE 61 62 122.838 11
	847 11.8319
	848 11.4417
	849 11.1289
	850 10.8999
	851 10.7601
	852 10.7131
	853 10.7601
	854 10.8999
	855 11.1289
	856 11.4417
	62 11.8319
LINE 63 64 150.043 14
	857 11.3789
	858 11.0814
	859 10.8271
	860 10.6194
	861 10.4608
	862 10.3538
	863 10.2999
	864 10.2999
	865 10.3538
	866 10.4608
	867 10.6194
	868 10.8271
	869 11.0814
	64 11.3789
COORDENADAS :
1	105.836	823.637
2	456.14	847.124
3	538.428	834.253
4	698.423	830.059
5	863.756	805.366
6	35.2425	704.723
7	107.573	690.914
8	256.232	742.9
9	347.501	694.157
10	418.282	688.869
11	500.761	728.183
12	752.799	721.471
13	826.776	711.943
14	16.3106	615.904
15	130.483	594.001
16	218.011	634.975
17	317.37	641.183
18	562.534	644.449
19	646.15	604.319
20	761.478	592.221
21	0	538.263
22	132.119	525.989
23	262.326	488.374
24	356.693	529.085
25	417.947	490.651
26	530.752	499.211
27	615.719	547.713
28	733.98	529.711
29	803.416	517.793
30	121.938	418.092
31	250.934	418.963
32	322.164	431.486
33	432.649	425.754
34	523.061	383.727
35	644.95	390.358
36	739.013	443.742
37	829.803	435.628
38	30.1816	309.922
39	150.374	322.012
40	220.395	350.215
41	339.558	295.675
42	421.596	292.529
43	547.428	349.935
44	638.238	285.263
45	718.488	287.229
46	840.143	292.529
47	54.6934	243.817
48	137.18	233.83
49	255.176	184.342
50	304.251	232.868
51	438.599	198.545
52	500.015	195.139
53	639.086	207.184
54	717.757	209.044
55	41.6684	139.482
56	151.88	120.172
57	238.176	139.188
58	458.441	93.4516
59	539.511	111.484
60	613.157	92.8726
61	755.262	87.9463
62	825.345	123.449
63	216.558	21.6784
64	311.188	5.10934
65	603.142	39.8775
66	341.355	21.6932
67	823.751	53.0327
68	157.273	188.663
69	488.686	815.15
70	775.575	194.404
71	340.311	847.478
72	104.439	816.426
73	102.816	809.348
74	100.97	802.403
75	98.8988	795.591
76	96.6033	788.913
77	94.0835	782.368
78	91.3393	775.956
79	88.3706	769.677
80	85.1775	763.531
81	81.76	757.519
82	78.1181	751.64
83	74.2518	745.894
84	70.1611	740.281
85	65.846	734.802
86	61.3064	729.456
87	56.5424	724.242
88	51.5541	719.163
89	46.3413	714.216
90	40.9041	709.403
91	463.654	850.249
92	471.048	852.611
93	478.323	854.21
94	485.479	855.046
95	492.516	855.118
96	499.433	854.427
97	506.23	852.973
98	512.909	850.755
99	519.467	847.775
100	525.907	844.031
101	532.227	839.523
102	705.719	831.752
103	712.979	833.207
104	720.203	834.426
105	727.393	835.409
106	734.546	836.155
107	741.665	836.664
108	748.748	836.937
109	755.796	836.973
110	762.809	836.772
111	769.786	836.335
112	776.728	835.661
113	783.634	834.75
114	790.505	833.603
115	797.341	832.219
116	804.142	830.599
117	810.907	828.742
118	817.637	826.648
119	824.331	824.317
120	830.99	821.75
121	837.614	818.947
122	844.202	815.906
123	850.755	812.629
124	857.273	809.116
125	700.275	822.997
126	702.294	816.019
127	704.482	809.126
128	706.839	802.316
129	709.364	795.592
130	712.057	788.951
131	714.919	782.395
132	717.949	775.923
133	721.148	769.536
134	724.515	763.232
135	728.05	757.013
136	731.754	750.879
137	735.626	744.829
138	739.666	738.863
139	743.875	732.981
140	748.253	727.184
141	106.17	683.273
142	105.234	675.742
143	104.766	668.322
144	104.765	661.013
145	105.233	653.814
146	106.168	646.726
147	107.57	639.749
148	109.44	632.881
149	111.778	626.125
150	114.584	619.479
151	117.857	612.944
152	121.598	606.519
153	125.807	600.204
154	256.833	735.096
155	257.036	727.433
156	256.841	719.911
157	256.246	712.53
158	255.253	705.29
159	253.861	698.192
160	252.07	691.235
161	249.881	684.419
162	247.293	677.744
163	244.306	671.211
164	240.92	664.818
165	237.136	658.567
166	232.953	652.457
167	228.371	646.489
168	223.39	640.661
169	343.783	688.481
170	340.158	682.753
171	336.625	676.972
172	333.185	671.139
173	329.837	665.253
174	326.582	659.314
175	323.419	653.323
176	320.348	647.279
177	414.323	680.92
178	410.051	673.633
179	405.466	667.009
180	400.568	661.048
181	395.357	655.749
182	389.832	651.112
183	383.995	647.138
184	377.844	643.826
185	371.381	641.177
186	364.604	639.19
187	357.515	637.866
188	350.112	637.204
189	342.396	637.205
190	334.367	637.869
191	326.025	639.194
192	506.342	723.826
193	511.908	719.452
194	517.459	715.059
195	522.995	710.649
196	528.516	706.221
197	534.021	701.775
198	539.512	697.312
199	544.987	692.831
200	550.448	688.332
201	555.893	683.815
202	561.323	679.281
203	566.738	674.729
204	572.138	670.159
205	577.523	665.571
206	582.893	660.966
207	588.247	656.343
208	593.587	651.702
209	598.911	647.044
210	604.22	642.367
211	609.514	637.673
212	614.793	632.962
213	620.057	628.232
214	625.306	623.485
215	630.54	618.72
216	635.759	613.937
217	640.962	609.137
218	759.011	716.626
219	765.327	712.577
220	771.744	709.324
221	778.265	706.866
222	784.888	705.204
223	791.613	704.338
224	798.441	704.268
225	805.371	704.993
226	812.403	706.514
227	819.539	708.831
228	24.2815	618.888
229	32.141	621.292
230	39.8892	623.115
231	47.526	624.358
232	55.0514	625.02
233	62.4656	625.102
234	69.7683	624.604
235	76.9598	623.525
236	84.0399	621.866
237	91.0086	619.626
238	97.866	616.806
239	104.612	613.406
240	111.247	609.425
241	117.77	604.864
242	124.182	599.723
243	18.6304	608.047
244	20.1896	600.35
245	20.9884	592.812
246	21.0266	585.434
247	20.3043	578.216
248	18.8216	571.158
249	16.5783	564.259
250	13.5745	557.52
251	9.81015	550.941
252	5.28533	544.522
253	135.292	587.311
254	139.068	580.597
255	141.812	573.858
256	143.524	567.094
257	144.204	560.306
258	143.852	553.492
259	142.467	546.654
260	140.05	539.79
261	136.601	532.902
262	220.237	626.389
263	222.74	618.166
264	225.519	610.306
265	228.576	602.808
266	231.909	595.672
267	235.518	588.899
268	239.405	582.489
269	243.568	576.441
270	248.009	570.755
271	252.725	565.432
272	257.719	560.471
273	262.99	555.873
274	268.537	551.638
275	274.361	547.765
276	280.462	544.254
277	286.839	541.106
278	293.494	538.32
279	300.425	535.897
280	307.633	533.837
281	315.118	532.138
282	322.879	530.803
283	330.918	529.83
284	339.233	529.219
285	347.824	528.971
286	568.114	639.587
287	573.836	635.021
288	579.7	630.75
289	585.706	626.775
290	591.854	623.097
291	598.144	619.714
292	604.576	616.627
293	611.15	613.836
294	617.866	611.341
295	624.724	609.141
296	631.724	607.238
297	638.866	605.631
298	653.229	602.331
299	660.325	600.507
300	667.438	598.848
301	674.569	597.352
302	681.717	596.021
303	688.881	594.855
304	696.064	593.852
305	703.263	593.014
306	710.48	592.34
307	717.713	591.83
308	724.965	591.485
309	732.233	591.303
310	739.518	591.286
311	746.821	591.434
312	754.141	591.745
313	753.47	594.726
314	745.594	596.799
315	737.849	598.442
316	730.236	599.653
317	722.755	600.432
318	715.406	600.781
319	708.188	600.698
320	701.101	600.185
321	694.147	599.24
322	687.324	597.863
323	680.632	596.056
324	674.073	593.817
325	667.645	591.147
326	661.349	588.046
327	655.184	584.514
328	649.151	580.55
329	643.25	576.156
330	637.48	571.33
331	631.843	566.072
332	626.336	560.384
333	620.962	554.264
334	255.765	485.539
335	249.221	482.67
336	242.694	479.766
337	236.184	476.828
338	229.691	473.857
339	223.215	470.85
340	216.757	467.81
341	210.315	464.735
342	203.891	461.626
343	197.484	458.483
344	191.094	455.305
345	184.722	452.094
346	178.366	448.848
347	172.028	445.567
348	165.706	442.253
349	159.402	438.904
350	153.115	435.521
351	146.845	432.104
352	140.593	428.652
353	134.357	425.166
354	128.139	421.646
355	363.976	527.087
356	371.002	524.679
357	377.771	521.86
358	384.282	518.632
359	390.536	514.994
360	396.533	510.945
361	402.272	506.487
362	407.755	501.618
363	412.979	496.34
364	425.192	488.622
365	432.411	486.935
366	439.604	485.589
367	446.771	484.586
368	453.912	483.924
369	461.027	483.604
370	468.116	483.627
371	475.18	483.991
372	482.217	484.697
373	489.228	485.744
374	496.214	487.134
375	503.173	488.866
376	510.107	490.939
377	517.015	493.355
378	523.896	496.112
379	622.724	546.973
380	629.723	546.192
381	636.716	545.372
382	643.702	544.511
383	650.683	543.611
384	657.658	542.672
385	664.626	541.692
386	671.589	540.673
387	678.546	539.614
388	685.496	538.515
389	692.44	537.377
390	699.379	536.199
391	706.311	534.981
392	713.237	533.723
393	720.158	532.425
394	727.072	531.088
395	740.723	527.352
396	747.511	525.252
397	754.343	523.411
398	761.22	521.83
399	768.141	520.509
400	775.107	519.447
401	782.118	518.644
402	789.172	518.101
403	796.272	517.817
404	806.513	511.234
405	809.446	504.623
406	812.216	497.959
407	814.823	491.243
408	817.267	484.475
409	819.548	477.654
410	821.665	470.781
411	823.619	463.855
412	825.41	456.877
413	827.038	449.847
414	828.502	442.764
415	115.777	414.018
416	109.781	409.803
417	103.952	405.448
418	98.2876	400.953
419	92.789	396.317
420	87.4561	391.54
421	82.2887	386.623
422	77.2869	381.566
423	72.4507	376.368
424	67.7801	371.03
425	63.2751	365.551
426	58.9357	359.932
427	54.7619	354.173
428	50.7537	348.273
429	46.911	342.232
430	43.2339	336.051
431	39.7225	329.73
432	36.3766	323.268
433	33.1963	316.665
434	127.285	413.455
435	132.688	408.898
436	138.147	404.422
437	143.661	400.027
438	149.23	395.712
439	154.855	391.477
440	160.536	387.324
441	166.272	383.25
442	172.063	379.258
443	177.911	375.345
444	183.813	371.514
445	189.771	367.763
446	195.785	364.092
447	201.854	360.502
448	207.979	356.992
449	214.159	353.564
450	259.041	414.615
451	266.93	411.511
452	274.6	409.651
453	282.052	409.037
454	289.284	409.667
455	296.298	411.541
456	303.093	414.661
457	309.669	419.024
458	316.026	424.633
459	439.624	423.865
460	446.52	421.805
461	453.336	419.574
462	460.073	417.171
463	466.73	414.597
464	473.307	411.852
465	479.805	408.935
466	486.223	405.848
467	492.562	402.589
468	498.821	399.159
469	505	395.558
470	511.1	391.786
471	517.121	387.842
472	530.184	384.991
473	537.312	386.145
474	544.446	387.191
475	551.586	388.127
476	558.733	388.954
477	565.885	389.671
478	573.043	390.28
479	580.207	390.779
480	587.377	391.169
481	594.552	391.45
482	601.734	391.622
483	608.922	391.684
484	616.116	391.637
485	623.315	391.481
486	630.521	391.216
487	637.732	390.842
488	741.366	436.197
489	743.406	428.693
490	745.133	421.23
491	746.547	413.808
492	747.648	406.427
493	748.436	399.087
494	748.912	391.788
495	749.074	384.53
496	748.923	377.313
497	748.46	370.137
498	747.683	363.002
499	746.594	355.909
500	745.191	348.856
501	743.476	341.844
502	741.448	334.874
503	739.107	327.944
504	736.452	321.056
505	733.485	314.208
506	730.205	307.402
507	726.612	300.636
508	722.706	293.912
509	738.428	434.934
510	738.201	426.364
511	738.332	418.035
512	738.82	409.944
513	739.667	402.093
514	740.872	394.482
515	742.435	387.11
516	744.355	379.977
517	746.634	373.084
518	749.271	366.43
519	752.266	360.016
520	755.618	353.841
521	759.329	347.905
522	763.397	342.209
523	767.824	336.752
524	772.609	331.535
525	777.751	326.557
526	783.252	321.818
527	789.11	317.319
528	795.327	313.059
529	801.901	309.039
530	808.834	305.258
531	816.124	301.717
532	823.772	298.415
533	831.779	295.352
534	825.757	428.144
535	822.192	420.694
536	819.106	413.279
537	816.501	405.898
538	814.377	398.552
539	812.732	391.241
540	811.568	383.964
541	810.884	376.723
542	810.681	369.516
543	810.958	362.343
544	811.715	355.206
545	812.952	348.103
546	814.67	341.035
547	816.868	334.001
548	819.546	327.002
549	822.705	320.038
550	826.344	313.109
551	830.464	306.214
552	835.063	299.354
553	36.8651	314.477
554	43.597	318.551
555	50.3772	322.145
556	57.2057	325.259
557	64.0825	327.891
558	71.0077	330.044
559	77.9812	331.716
560	85.003	332.908
561	92.0731	333.619
562	99.1916	333.849
563	106.358	333.6
564	113.573	332.869
565	120.837	331.659
566	128.149	329.968
567	135.509	327.796
568	142.917	325.144
569	142.294	320.412
570	134.52	318.437
571	127.053	316.087
572	119.893	313.363
573	113.039	310.263
574	106.491	306.788
575	100.25	302.939
576	94.3151	298.714
577	88.6869	294.114
578	83.3651	289.139
579	78.3497	283.79
580	73.6409	278.065
581	69.2385	271.965
582	65.1425	265.491
583	61.353	258.641
584	57.87	251.417
585	147.408	315.52
586	144.767	308.98
587	142.451	302.392
588	140.461	295.755
589	138.795	289.069
590	137.455	282.334
591	136.44	275.551
592	135.751	268.719
593	135.386	261.838
594	135.347	254.909
595	135.633	247.931
596	136.244	240.905
597	226.806	347.649
598	233.202	345.049
599	239.582	342.415
600	245.946	339.748
601	252.295	337.046
602	258.629	334.311
603	264.947	331.542
604	271.25	328.739
605	277.537	325.902
606	283.809	323.032
607	290.065	320.127
608	296.306	317.189
609	302.531	314.217
610	308.741	311.212
611	314.935	308.172
612	321.114	305.099
613	327.277	301.991
614	333.425	298.85
615	217.973	342.492
616	215.888	334.84
617	214.139	327.258
618	212.727	319.746
619	211.652	312.306
620	210.913	304.935
621	210.511	297.636
622	210.445	290.407
623	210.716	283.248
624	211.324	276.161
625	212.268	269.143
626	213.549	262.197
627	215.167	255.321
628	217.121	248.515
629	219.411	241.78
630	222.039	235.116
631	225.003	228.522
632	228.303	221.999
633	231.941	215.546
634	235.915	209.164
635	240.225	202.853
636	244.872	196.612
637	249.856	190.442
638	425.137	286.236
639	428.32	279.879
640	431.145	273.458
641	433.612	266.971
642	435.721	260.42
643	437.473	253.804
644	438.866	247.123
645	439.902	240.377
646	440.579	233.567
647	440.899	226.692
648	440.861	219.752
649	440.465	212.748
650	439.711	205.679
651	550.447	341.649
652	553.005	333.504
653	555.101	325.5
654	556.734	317.638
655	557.906	309.917
656	558.616	302.338
657	558.864	294.901
658	558.651	287.604
659	557.975	280.45
660	556.837	273.437
661	555.238	266.565
662	553.176	259.835
663	550.653	253.246
664	547.668	246.798
665	544.221	240.493
666	540.312	234.328
667	535.941	228.305
668	531.108	222.424
669	525.813	216.684
670	520.056	211.086
671	513.838	205.629
672	507.157	200.313
673	639.949	278.183
674	641.333	271.099
675	642.391	264.011
676	643.122	256.92
677	643.526	249.826
678	643.603	242.728
679	643.353	235.626
680	642.777	228.521
681	641.873	221.412
682	640.643	214.3
683	722.827	280.08
684	726.286	272.939
685	728.863	265.807
686	730.559	258.683
687	731.374	251.567
688	731.307	244.459
689	730.36	237.36
690	728.531	230.269
691	725.821	223.186
692	722.229	216.111
693	145.599	235.525
694	153.8	236.697
695	161.78	237.347
696	169.542	237.473
697	177.084	237.077
698	184.407	236.158
699	191.51	234.716
700	198.395	232.751
701	205.06	230.263
702	211.505	227.252
703	217.732	223.719
704	223.739	219.662
705	229.527	215.083
706	235.095	209.981
707	240.444	204.355
708	245.574	198.207
709	250.485	191.536
710	255.022	177.036
711	254.109	170.014
712	252.438	163.278
713	250.01	156.827
714	246.823	150.662
715	242.878	144.782
716	312.336	236.502
717	320.276	239.573
718	328.072	242.081
719	335.725	244.026
720	343.234	245.407
721	350.599	246.225
722	357.82	246.48
723	364.897	246.172
724	371.83	245.3
725	378.619	243.866
726	385.265	241.868
727	391.766	239.307
728	398.124	236.183
729	404.338	232.495
730	410.407	228.245
731	416.333	223.431
732	422.116	218.054
733	427.754	212.114
734	433.248	205.611
735	437.728	191.124
736	437.17	183.763
737	436.926	176.461
738	436.995	169.218
739	437.377	162.034
740	438.073	154.91
741	439.083	147.844
742	440.405	140.838
743	442.042	133.891
744	443.991	127.003
745	446.254	120.175
746	448.831	113.405
747	451.721	106.695
748	454.924	100.044
749	501.632	188.033
750	503.485	181.039
751	505.576	174.157
752	507.904	167.386
753	510.468	160.727
754	513.269	154.181
755	516.307	147.745
756	519.582	141.422
757	523.094	135.211
758	526.843	129.111
759	530.829	123.124
760	535.051	117.248
761	640.48	199.797
762	641.51	192.494
763	642.175	185.273
764	642.474	178.135
765	642.409	171.079
766	641.979	164.107
767	641.183	157.217
768	640.023	150.41
769	638.498	143.686
770	636.608	137.044
771	634.353	130.486
772	631.733	124.01
773	628.747	117.617
774	625.397	111.307
775	621.682	105.079
776	617.602	98.9345
777	715.266	201.725
778	712.56	194.601
779	709.638	187.67
780	706.501	180.933
781	703.148	174.391
782	699.579	168.043
783	695.795	161.888
784	691.795	155.928
785	687.58	150.162
786	683.149	144.591
787	678.502	139.213
788	673.64	134.03
789	668.562	129.04
790	663.268	124.245
791	657.759	119.644
792	652.034	115.237
793	646.094	111.024
794	639.938	107.006
795	633.566	103.181
796	626.979	99.5509
797	620.176	96.1147
798	723.931	203.584
799	729.625	197.974
800	734.836	192.215
801	739.567	186.307
802	743.817	180.25
803	747.585	174.044
804	750.871	167.689
805	753.677	161.185
806	756.001	154.532
807	757.844	147.73
808	759.206	140.779
809	760.086	133.678
810	760.485	126.429
811	760.403	119.031
812	759.84	111.483
813	758.795	103.787
814	757.269	95.941
815	49.3658	142.894
816	56.9553	145.689
817	64.4368	147.869
818	71.8105	149.433
819	79.0764	150.381
820	86.2343	150.714
821	93.2843	150.43
822	100.226	149.531
823	107.061	148.017
824	113.787	145.886
825	120.406	143.14
826	126.916	139.778
827	133.319	135.8
828	139.614	131.207
829	145.801	125.997
830	545.17	105.694
831	551.037	100.724
832	557.111	96.5731
833	563.392	93.242
834	569.88	90.7305
835	576.575	89.0385
836	583.477	88.1662
837	590.587	88.1134
838	597.903	88.8802
839	605.427	90.4666
840	615.113	85.6422
841	616.152	78.5848
842	616.274	71.7007
843	615.481	64.9897
844	613.771	58.4519
845	611.144	52.0873
846	607.602	45.8958
847	760.12	94.1606
848	765.281	99.7776
849	770.744	104.797
850	776.51	109.219
851	782.579	113.044
852	788.95	116.272
853	795.624	118.902
854	802.6	120.935
855	809.879	122.37
856	817.461	123.209
857	222.76	17.3094
858	229.047	13.4304
859	235.42	10.0415
860	241.879	7.14275
861	248.424	4.73403
862	255.054	2.8154
863	261.771	1.38685
864	268.573	0.448383
865	275.461	0
866	282.435	0.0417007
867	289.494	0.573485
868	296.64	1.59535
869	303.871	3.1073
