NOMBRE : MTLARP9_9_5_2.dat
VERTICES ORIGINALES : 68
VERTICES TOTALES : 1146
DEPOTS : 5
64
65
66
67
68
LINEAS ORIGINALES : 72
LINE 1 2 107.354 11
	69 9.82396
	70 9.78536
	71 9.75523
	72 9.73366
	73 9.72069
	74 9.71636
	75 9.72069
	76 9.73366
	77 9.75523
	78 9.78536
	2 9.82396
LINE 1 9 229.942 22
	79 11.1676
	80 10.9697
	81 10.7885
	82 10.6248
	83 10.4795
	84 10.3533
	85 10.247
	86 10.1611
	87 10.0962
	88 10.0527
	89 10.0309
	90 10.0309
	91 10.0527
	92 10.0962
	93 10.1611
	94 10.247
	95 10.3533
	96 10.4795
	97 10.6248
	98 10.7885
	99 10.9697
	9 11.1676
LINE 2 9 182.216 18
	100 10.1321
	101 10.129
	102 10.1262
	103 10.1238
	104 10.1218
	105 10.1202
	106 10.119
	107 10.1182
	108 10.1179
	109 10.1179
	110 10.1182
	111 10.119
	112 10.1202
	113 10.1218
	114 10.1238
	115 10.1262
	116 10.129
	9 10.1321
LINE 3 10 287.839 27
	117 11.2971
	118 11.1545
	119 11.0217
	120 10.8991
	121 10.7869
	122 10.6855
	123 10.5953
	124 10.5165
	125 10.4493
	126 10.394
	127 10.3508
	128 10.3198
	129 10.3012
	130 10.295
	131 10.3012
	132 10.3198
	133 10.3508
	134 10.394
	135 10.4493
	136 10.5165
	137 10.5953
	138 10.6855
	139 10.7869
	140 10.8991
	141 11.0217
	142 11.1545
	10 11.2971
LINE 3 11 134.476 13
	143 11.1091
	144 10.738
	145 10.4245
	146 10.174
	147 9.9912
	148 9.87992
	149 9.84254
	150 9.87992
	151 9.9912
	152 10.174
	153 10.4245
	154 10.738
	11 11.1091
LINE 4 5 226.501 21
	155 11.5485
	156 11.3272
	157 11.1254
	158 10.9443
	159 10.7849
	160 10.6482
	161 10.5349
	162 10.446
	163 10.3821
	164 10.3435
	165 10.3306
	166 10.3435
	167 10.3821
	168 10.446
	169 10.5349
	170 10.6482
	171 10.7849
	172 10.9443
	173 11.1254
	174 11.3272
	5 11.5485
LINE 4 11 107.899 10
	175 11.2379
	176 10.9436
	177 10.7175
	178 10.564
	179 10.4865
	180 10.4865
	181 10.564
	182 10.7175
	183 10.9436
	11 11.2379
LINE 4 12 57.3982 5
	184 11.8629
	185 11.29
	186 11.0924
	187 11.29
	12 11.8629
LINE 5 6 117.142 11
	188 11.1625
	189 10.86
	190 10.6188
	191 10.4432
	192 10.3363
	193 10.3004
	194 10.3363
	195 10.4432
	196 10.6188
	197 10.86
	6 11.1625
LINE 6 7 194.401 19
	198 10.2585
	199 10.2495
	200 10.2416
	201 10.2348
	202 10.229
	203 10.2242
	204 10.2205
	205 10.2179
	206 10.2163
	207 10.2158
	208 10.2163
	209 10.2179
	210 10.2205
	211 10.2242
	212 10.229
	213 10.2348
	214 10.2416
	215 10.2495
	7 10.2585
LINE 6 13 147.059 14
	216 10.718
	217 10.6202
	218 10.538
	219 10.4717
	220 10.4218
	221 10.3883
	222 10.3716
	223 10.3716
	224 10.3883
	225 10.4218
	226 10.4717
	227 10.538
	228 10.6202
	13 10.718
LINE 6 14 135.074 13
	229 10.5154
	230 10.4532
	231 10.4019
	232 10.3619
	233 10.3333
	234 10.316
	235 10.3103
	236 10.316
	237 10.3333
	238 10.3619
	239 10.4019
	240 10.4532
	14 10.5154
LINE 7 15 156.661 15
	241 10.8201
	242 10.6614
	243 10.5253
	244 10.4126
	245 10.3241
	246 10.2605
	247 10.2221
	248 10.2092
	249 10.2221
	250 10.2605
	251 10.3241
	252 10.4126
	253 10.5253
	254 10.6614
	15 10.8201
LINE 8 17 226.907 21
	255 11.7742
	256 11.4955
	257 11.2402
	258 11.01
	259 10.8066
	260 10.6314
	261 10.4859
	262 10.3713
	263 10.2886
	264 10.2387
	265 10.2221
	266 10.2387
	267 10.2886
	268 10.3713
	269 10.4859
	270 10.6314
	271 10.8066
	272 11.01
	273 11.2402
	274 11.4955
	17 11.7742
LINE 9 17 161.215 16
	275 10.4223
	276 10.2859
	277 10.1674
	278 10.0677
	279 9.98713
	280 9.92631
	281 9.88555
	282 9.86511
	283 9.86511
	284 9.88555
	285 9.92631
	286 9.98713
	287 10.0677
	288 10.1674
	289 10.2859
	17 10.4223
LINE 12 13 217.99 21
	290 10.438
	291 10.4208
	292 10.4054
	293 10.3917
	294 10.3799
	295 10.3699
	296 10.3617
	297 10.3553
	298 10.3507
	299 10.348
	300 10.3471
	301 10.348
	302 10.3507
	303 10.3553
	304 10.3617
	305 10.3699
	306 10.3799
	307 10.3917
	308 10.4054
	309 10.4208
	13 10.438
LINE 12 19 220.531 22
	310 10.0535
	311 10.0451
	312 10.0376
	313 10.0309
	314 10.025
	315 10.0199
	316 10.0157
	317 10.0124
	318 10.0098
	319 10.0082
	320 10.0073
	321 10.0073
	322 10.0082
	323 10.0098
	324 10.0124
	325 10.0157
	326 10.0199
	327 10.025
	328 10.0309
	329 10.0376
	330 10.0451
	19 10.0535
LINE 13 14 92.0593 9
	331 10.911
	332 10.4102
	333 10.0373
	334 9.80676
	335 9.72869
	336 9.80676
	337 10.0373
	338 10.4102
	14 10.911
LINE 13 21 230.355 23
	339 10.0779
	340 10.0609
	341 10.0455
	342 10.0317
	343 10.0195
	344 10.009
	345 10
	346 9.99271
	347 9.98701
	348 9.98294
	349 9.98049
	350 9.97967
	351 9.98049
	352 9.98294
	353 9.98701
	354 9.99271
	355 10
	356 10.009
	357 10.0195
	358 10.0317
	359 10.0455
	360 10.0609
	21 10.0779
LINE 14 15 200.474 19
	361 11.133
	362 10.9439
	363 10.7744
	364 10.6253
	365 10.4975
	366 10.3917
	367 10.3087
	368 10.249
	369 10.213
	370 10.201
	371 10.213
	372 10.249
	373 10.3087
	374 10.3917
	375 10.4975
	376 10.6253
	377 10.7744
	378 10.9439
	15 11.133
LINE 14 21 168.874 16
	379 11.3621
	380 11.0497
	381 10.7748
	382 10.5402
	383 10.3487
	384 10.2027
	385 10.1042
	386 10.0546
	387 10.0546
	388 10.1042
	389 10.2027
	390 10.3487
	391 10.5402
	392 10.7748
	393 11.0497
	21 11.3621
LINE 15 16 205.545 20
	394 10.5675
	395 10.477
	396 10.396
	397 10.3246
	398 10.2629
	399 10.2113
	400 10.1698
	401 10.1385
	402 10.1177
	403 10.1072
	404 10.1072
	405 10.1177
	406 10.1385
	407 10.1698
	408 10.2113
	409 10.2629
	410 10.3246
	411 10.396
	412 10.477
	16 10.5675
LINE 15 22 164.817 15
	413 11.9999
	414 11.5828
	415 11.2179
	416 10.9102
	417 10.6647
	418 10.4859
	419 10.3771
	420 10.3406
	421 10.3771
	422 10.4859
	423 10.6647
	424 10.9102
	425 11.2179
	426 11.5828
	22 11.9999
LINE 16 23 86.6712 9
	427 9.64744
	428 9.63447
	429 9.62519
	430 9.61962
	431 9.61777
	432 9.61962
	433 9.62519
	434 9.63447
	23 9.64744
LINE 17 24 206.117 20
	435 10.3126
	436 10.3105
	437 10.3086
	438 10.3069
	439 10.3055
	440 10.3043
	441 10.3034
	442 10.3027
	443 10.3022
	444 10.3019
	445 10.3019
	446 10.3022
	447 10.3027
	448 10.3034
	449 10.3043
	450 10.3055
	451 10.3069
	452 10.3086
	453 10.3105
	24 10.3126
LINE 18 25 136.343 13
	454 10.7237
	455 10.6069
	456 10.5104
	457 10.4347
	458 10.3803
	459 10.3475
	460 10.3365
	461 10.3475
	462 10.3803
	463 10.4347
	464 10.5104
	465 10.6069
	25 10.7237
LINE 19 26 117.346 12
	466 9.79209
	467 9.78486
	468 9.77907
	469 9.77472
	470 9.77182
	471 9.77037
	472 9.77037
	473 9.77182
	474 9.77472
	475 9.77907
	476 9.78486
	26 9.79209
LINE 20 21 219.333 21
	477 11.2185
	478 10.9942
	479 10.7896
	480 10.6058
	481 10.4439
	482 10.305
	483 10.1898
	484 10.0994
	485 10.0343
	486 9.99502
	487 9.9819
	488 9.99502
	489 10.0343
	490 10.0994
	491 10.1898
	492 10.305
	493 10.4439
	494 10.6058
	495 10.7896
	496 10.9942
	21 11.2185
LINE 20 26 124.875 12
	497 10.9093
	498 10.6401
	499 10.4196
	500 10.2512
	501 10.1373
	502 10.0799
	503 10.0799
	504 10.1373
	505 10.2512
	506 10.4196
	507 10.6401
	26 10.9093
LINE 20 27 124.684 12
	508 10.3907
	509 10.3905
	510 10.3904
	511 10.3903
	512 10.3902
	513 10.3901
	514 10.3901
	515 10.3902
	516 10.3903
	517 10.3904
	518 10.3905
	27 10.3907
LINE 21 27 207.247 20
	519 10.6157
	520 10.5366
	521 10.4658
	522 10.4035
	523 10.3497
	524 10.3047
	525 10.2686
	526 10.2414
	527 10.2232
	528 10.2141
	529 10.2141
	530 10.2232
	531 10.2414
	532 10.2686
	533 10.3047
	534 10.3497
	535 10.4035
	536 10.4658
	537 10.5366
	27 10.6157
LINE 21 28 116.696 11
	538 10.8374
	539 10.7013
	540 10.5943
	541 10.5171
	542 10.4706
	543 10.455
	544 10.4706
	545 10.5171
	546 10.5943
	547 10.7013
	28 10.8374
LINE 22 23 119.812 12
	548 10.3188
	549 10.1387
	550 9.99235
	551 9.88115
	552 9.80631
	553 9.76868
	554 9.76868
	555 9.80631
	556 9.88115
	557 9.99235
	558 10.1387
	23 10.3188
LINE 25 26 207.203 20
	559 10.3728
	560 10.3688
	561 10.3652
	562 10.3621
	563 10.3595
	564 10.3572
	565 10.3555
	566 10.3541
	567 10.3532
	568 10.3528
	569 10.3528
	570 10.3532
	571 10.3541
	572 10.3555
	573 10.3572
	574 10.3595
	575 10.3621
	576 10.3652
	577 10.3688
	26 10.3728
LINE 27 35 184.435 18
	578 10.2487
	579 10.2479
	580 10.2472
	581 10.2465
	582 10.246
	583 10.2456
	584 10.2453
	585 10.2451
	586 10.245
	587 10.245
	588 10.2451
	589 10.2453
	590 10.2456
	591 10.246
	592 10.2465
	593 10.2472
	594 10.2479
	35 10.2487
LINE 28 29 82.9296 8
	595 10.5074
	596 10.3869
	597 10.3057
	598 10.2648
	599 10.2648
	600 10.3057
	601 10.3869
	29 10.5074
LINE 28 35 150.246 15
	602 10.2547
	603 10.1536
	604 10.0673
	605 9.99611
	606 9.94038
	607 9.90038
	608 9.87631
	609 9.86827
	610 9.87631
	611 9.90038
	612 9.94038
	613 9.99611
	614 10.0673
	615 10.1536
	35 10.2547
LINE 29 30 156.03 15
	616 11.0311
	617 10.7684
	618 10.541
	619 10.3512
	620 10.2012
	621 10.0926
	622 10.0269
	623 10.0049
	624 10.0269
	625 10.0926
	626 10.2012
	627 10.3512
	628 10.541
	629 10.7684
	30 11.0311
LINE 29 36 118.69 11
	630 11.1464
	631 10.9352
	632 10.768
	633 10.647
	634 10.5737
	635 10.5491
	636 10.5737
	637 10.647
	638 10.768
	639 10.9352
	36 11.1464
LINE 31 32 135.464 13
	640 10.4643
	641 10.4424
	642 10.4243
	643 10.4103
	644 10.4003
	645 10.3943
	646 10.3923
	647 10.3943
	648 10.4003
	649 10.4103
	650 10.4243
	651 10.4424
	32 10.4643
LINE 32 33 202.37 19
	652 11.4239
	653 11.1748
	654 10.9502
	655 10.7518
	656 10.581
	657 10.4392
	658 10.3275
	659 10.247
	660 10.1984
	661 10.1822
	662 10.1984
	663 10.247
	664 10.3275
	665 10.4392
	666 10.581
	667 10.7518
	668 10.9502
	669 11.1748
	33 11.4239
LINE 33 40 190.169 18
	670 11.4997
	671 11.1827
	672 10.8978
	673 10.6475
	674 10.4343
	675 10.2606
	676 10.1284
	677 10.0392
	678 9.99438
	679 9.99438
	680 10.0392
	681 10.1284
	682 10.2606
	683 10.4343
	684 10.6475
	685 10.8978
	686 11.1827
	40 11.4997
LINE 34 42 201.882 20
	687 10.3688
	688 10.2832
	689 10.2065
	690 10.1388
	691 10.0805
	692 10.0317
	693 9.9924
	694 9.96285
	695 9.9431
	696 9.93322
	697 9.93322
	698 9.9431
	699 9.96285
	700 9.9924
	701 10.0317
	702 10.0805
	703 10.1388
	704 10.2065
	705 10.2832
	42 10.3688
LINE 36 37 103.496 10
	706 10.7705
	707 10.4939
	708 10.2815
	709 10.1375
	710 10.0647
	711 10.0647
	712 10.1375
	713 10.2815
	714 10.4939
	37 10.7705
LINE 36 44 190.836 19
	715 10.1789
	716 10.1342
	717 10.0946
	718 10.0602
	719 10.031
	720 10.007
	721 9.98832
	722 9.97495
	723 9.96692
	724 9.96424
	725 9.96692
	726 9.97495
	727 9.98832
	728 10.007
	729 10.031
	730 10.0602
	731 10.0946
	732 10.1342
	44 10.1789
LINE 37 45 150.733 15
	733 10.1562
	734 10.1104
	735 10.0715
	736 10.0396
	737 10.0147
	738 9.99683
	739 9.98612
	740 9.98254
	741 9.98612
	742 9.99683
	743 10.0147
	744 10.0396
	745 10.0715
	746 10.1104
	45 10.1562
LINE 38 47 203.686 20
	747 10.546
	748 10.4337
	749 10.3328
	750 10.2437
	751 10.1668
	752 10.1022
	753 10.0502
	754 10.0111
	755 9.98489
	756 9.97177
	757 9.97177
	758 9.98489
	759 10.0111
	760 10.0502
	761 10.1022
	762 10.1668
	763 10.2437
	764 10.3328
	765 10.4337
	47 10.546
LINE 39 48 121.446 11
	766 11.849
	767 11.3769
	768 10.9958
	769 10.7153
	770 10.5434
	771 10.4855
	772 10.5434
	773 10.7153
	774 10.9958
	775 11.3769
	48 11.849
LINE 40 49 176.515 17
	776 10.5545
	777 10.4908
	778 10.4352
	779 10.388
	780 10.3491
	781 10.3188
	782 10.2972
	783 10.2841
	784 10.2798
	785 10.2841
	786 10.2972
	787 10.3188
	788 10.3491
	789 10.388
	790 10.4352
	791 10.4908
	49 10.5545
LINE 41 42 108.154 10
	792 11.3003
	793 10.9821
	794 10.7372
	795 10.5709
	796 10.4867
	797 10.4867
	798 10.5709
	799 10.7372
	800 10.9821
	42 11.3003
LINE 42 50 165.577 16
	801 11.0153
	802 10.756
	803 10.5287
	804 10.3355
	805 10.1783
	806 10.0587
	807 9.97825
	808 9.93777
	809 9.93777
	810 9.97825
	811 10.0587
	812 10.1783
	813 10.3355
	814 10.5287
	815 10.756
	50 11.0153
LINE 43 44 235.193 22
	816 11.2639
	817 11.1043
	818 10.9586
	819 10.8275
	820 10.7114
	821 10.6109
	822 10.5264
	823 10.4584
	824 10.407
	825 10.3726
	826 10.3554
	827 10.3554
	828 10.3726
	829 10.407
	830 10.4584
	831 10.5264
	832 10.6109
	833 10.7114
	834 10.8275
	835 10.9586
	836 11.1043
	44 11.2639
LINE 44 53 181.38 18
	837 10.2415
	838 10.1838
	839 10.133
	840 10.0892
	841 10.0526
	842 10.0232
	843 10.0011
	844 9.98636
	845 9.97897
	846 9.97897
	847 9.98636
	848 10.0011
	849 10.0232
	850 10.0526
	851 10.0892
	852 10.133
	853 10.1838
	53 10.2415
LINE 45 54 150.754 15
	854 10.4169
	855 10.2622
	856 10.1295
	857 10.0196
	858 9.93329
	859 9.87118
	860 9.83372
	861 9.82121
	862 9.83372
	863 9.87118
	864 9.93329
	865 10.0196
	866 10.1295
	867 10.2622
	54 10.4169
LINE 46 47 209.362 20
	868 10.9297
	869 10.7869
	870 10.6584
	871 10.5447
	872 10.4462
	873 10.3634
	874 10.2967
	875 10.2464
	876 10.2127
	877 10.1958
	878 10.1958
	879 10.2127
	880 10.2464
	881 10.2967
	882 10.3634
	883 10.4462
	884 10.5447
	885 10.6584
	886 10.7869
	47 10.9297
LINE 47 55 155.735 15
	887 10.9916
	888 10.737
	889 10.5167
	890 10.333
	891 10.1878
	892 10.0829
	893 10.0193
	894 9.99808
	895 10.0193
	896 10.0829
	897 10.1878
	898 10.333
	899 10.5167
	900 10.737
	55 10.9916
LINE 48 55 248.695 24
	901 10.5968
	902 10.5363
	903 10.481
	904 10.431
	905 10.3863
	906 10.3471
	907 10.3133
	908 10.2851
	909 10.2625
	910 10.2455
	911 10.2342
	912 10.2285
	913 10.2285
	914 10.2342
	915 10.2455
	916 10.2625
	917 10.2851
	918 10.3133
	919 10.3471
	920 10.3863
	921 10.431
	922 10.481
	923 10.5363
	55 10.5968
LINE 49 50 151.552 15
	924 10.3954
	925 10.2718
	926 10.1661
	927 10.0788
	928 10.0103
	929 9.96116
	930 9.93154
	931 9.92164
	932 9.93154
	933 9.96116
	934 10.0103
	935 10.0788
	936 10.1661
	937 10.2718
	50 10.3954
LINE 49 57 222.717 21
	938 11.2202
	939 11.0408
	940 10.8778
	941 10.7319
	942 10.6038
	943 10.4942
	944 10.4037
	945 10.3327
	946 10.2817
	947 10.251
	948 10.2408
	949 10.251
	950 10.2817
	951 10.3327
	952 10.4037
	953 10.4942
	954 10.6038
	955 10.7319
	956 10.8778
	957 11.0408
	57 11.2202
LINE 50 51 221.341 21
	958 11.0751
	959 10.9184
	960 10.7763
	961 10.6493
	962 10.538
	963 10.4429
	964 10.3644
	965 10.303
	966 10.2589
	967 10.2323
	968 10.2235
	969 10.2323
	970 10.2589
	971 10.303
	972 10.3644
	973 10.4429
	974 10.538
	975 10.6493
	976 10.7763
	977 10.9184
	51 11.0751
LINE 50 58 138.638 13
	978 11.4195
	979 11.0526
	980 10.7432
	981 10.4962
	982 10.3161
	983 10.2066
	984 10.1698
	985 10.2066
	986 10.3161
	987 10.4962
	988 10.7432
	989 11.0526
	58 11.4195
LINE 51 58 240.222 23
	990 10.8879
	991 10.7694
	992 10.6611
	993 10.5632
	994 10.4761
	995 10.4
	996 10.3352
	997 10.2818
	998 10.2402
	999 10.2103
	1000 10.1923
	1001 10.1863
	1002 10.1923
	1003 10.2103
	1004 10.2402
	1005 10.2818
	1006 10.3352
	1007 10.4
	1008 10.4761
	1009 10.5632
	1010 10.6611
	1011 10.7694
	58 10.8879
LINE 51 59 112.887 11
	1012 10.272
	1013 10.2663
	1014 10.2618
	1015 10.2586
	1016 10.2567
	1017 10.2561
	1018 10.2567
	1019 10.2586
	1020 10.2618
	1021 10.2663
	59 10.272
LINE 52 53 167.937 16
	1022 11.1239
	1023 10.8793
	1024 10.6651
	1025 10.4833
	1026 10.3356
	1027 10.2234
	1028 10.1479
	1029 10.1099
	1030 10.1099
	1031 10.1479
	1032 10.2234
	1033 10.3356
	1034 10.4833
	1035 10.6651
	1036 10.8793
	53 11.1239
LINE 52 59 214.936 21
	1037 10.2442
	1038 10.2415
	1039 10.239
	1040 10.2369
	1041 10.235
	1042 10.2334
	1043 10.2321
	1044 10.2311
	1045 10.2303
	1046 10.2299
	1047 10.2297
	1048 10.2299
	1049 10.2303
	1050 10.2311
	1051 10.2321
	1052 10.2334
	1053 10.235
	1054 10.2369
	1055 10.239
	1056 10.2415
	59 10.2442
LINE 53 54 132.824 13
	1057 10.2195
	1058 10.2184
	1059 10.2175
	1060 10.2168
	1061 10.2163
	1062 10.216
	1063 10.2159
	1064 10.216
	1065 10.2163
	1066 10.2168
	1067 10.2175
	1068 10.2184
	54 10.2195
LINE 54 60 146.669 14
	1069 11.3752
	1070 10.9749
	1071 10.6298
	1072 10.3454
	1073 10.1269
	1074 9.97856
	1075 9.90357
	1076 9.90357
	1077 9.97856
	1078 10.1269
	1079 10.3454
	1080 10.6298
	1081 10.9749
	60 11.3752
LINE 55 56 195.528 19
	1082 10.8983
	1083 10.7013
	1084 10.5244
	1085 10.3687
	1086 10.235
	1087 10.1244
	1088 10.0375
	1089 9.97496
	1090 9.93725
	1091 9.92465
	1092 9.93725
	1093 9.97496
	1094 10.0375
	1095 10.1244
	1096 10.235
	1097 10.3687
	1098 10.5244
	1099 10.7013
	56 10.8983
LINE 57 61 87.6799 8
	1100 11.3963
	1101 11.0266
	1102 10.773
	1103 10.644
	1104 10.644
	1105 10.773
	1106 11.0266
	61 11.3963
LINE 58 59 137.873 13
	1107 10.7874
	1108 10.6972
	1109 10.6227
	1110 10.5644
	1111 10.5226
	1112 10.4975
	1113 10.4891
	1114 10.4975
	1115 10.5226
	1116 10.5644
	1117 10.6227
	1118 10.6972
	59 10.7874
LINE 59 62 173.992 16
	1119 11.7822
	1120 11.4321
	1121 11.1233
	1122 10.8592
	1123 10.6432
	1124 10.4783
	1125 10.3669
	1126 10.3108
	1127 10.3108
	1128 10.3669
	1129 10.4783
	1130 10.6432
	1131 10.8592
	1132 11.1233
	1133 11.4321
	62 11.7822
LINE 60 63 144.731 14
	1134 10.5257
	1135 10.4397
	1136 10.3675
	1137 10.3094
	1138 10.2655
	1139 10.2362
	1140 10.2215
	1141 10.2215
	1142 10.2362
	1143 10.2655
	1144 10.3094
	1145 10.3675
	1146 10.4397
	63 10.5257
COORDENADAS :
1	94.7253	785.27
2	165.723	779.239
3	415.802	784.399
4	470.077	754.518
5	604.21	808.607
6	662.649	760.746
7	785.185	802.331
8	114.721	665.245
9	168.188	657.851
10	282.418	655.757
11	426.678	699.793
12	461.944	718.449
13	602.811	684.678
14	659.662	671.44
15	785.625	700.239
16	912.92	656.056
17	216.011	564.149
18	402.587	592.987
19	527.033	586.898
20	573.224	575.507
21	712.939	578.436
22	791.831	597.02
23	865.364	623.369
24	311.096	465.02
25	390.137	504.273
26	528.101	508.744
27	603.104	497.943
28	724.416	502.63
29	778.475	494.159
30	878.515	492.835
31	108.054	371.709
32	196.456	388.943
33	324.832	401.346
34	511.749	398.094
35	689.391	410.372
36	810.376	423.683
37	872.512	398.522
38	121.876	295.849
39	222.476	289.846
40	292.446	285.939
41	420.442	320.286
42	470.993	272.096
43	672.399	305.593
44	824.067	298.214
45	861.083	299.353
46	60.6044	193.403
47	196.302	185.702
48	262.484	224.181
49	367.131	196.522
50	461.713	166.554
51	604.405	177.729
52	680.305	200.209
53	786.926	184.384
54	873.702	201.955
55	169.84	89.2865
56	293.723	110.649
57	388.643	54.7746
58	481.952	80.7712
59	567.188	112.371
60	909.519	116.838
61	403.221	0
62	594.202	5.83636
63	909.79	21.4548
64	20.9845	569.994
65	729.542	101.632
66	640.193	327.024
67	793.896	18.4083
68	0	195.211
69	101.098	783.759
70	107.487	782.44
71	113.892	781.314
72	120.314	780.38
73	126.752	779.639
74	133.206	779.091
75	139.677	778.736
76	146.164	778.573
77	152.667	778.602
78	159.187	778.825
79	100.903	781.115
80	106.81	776.804
81	112.447	772.337
82	117.813	767.714
83	122.91	762.935
84	127.736	758
85	132.291	752.91
86	136.577	747.663
87	140.592	742.261
88	144.336	736.703
89	147.811	730.989
90	151.015	725.12
91	153.949	719.094
92	156.612	712.913
93	159.005	706.575
94	161.128	700.082
95	162.98	693.433
96	164.563	686.629
97	165.875	679.668
98	166.916	672.551
99	167.687	665.279
100	165.501	772.488
101	165.321	765.738
102	165.184	758.989
103	165.089	752.24
104	165.036	745.493
105	165.025	738.746
106	165.056	732
107	165.13	725.255
108	165.246	718.51
109	165.404	711.767
110	165.604	705.025
111	165.846	698.283
112	166.131	691.542
113	166.458	684.802
114	166.827	678.063
115	167.239	671.325
116	167.692	664.587
117	408.709	781.866
118	401.782	779.162
119	395.02	776.286
120	388.424	773.239
121	381.994	770.019
122	375.729	766.629
123	369.63	763.066
124	363.696	759.332
125	357.928	755.426
126	352.325	751.348
127	346.888	747.098
128	341.617	742.677
129	336.511	738.085
130	331.571	733.32
131	326.797	728.384
132	322.188	723.276
133	317.744	717.996
134	313.467	712.545
135	309.354	706.922
136	305.408	701.127
137	301.627	695.161
138	298.011	689.023
139	294.562	682.713
140	291.277	676.232
141	288.159	669.579
142	285.206	662.754
143	413.232	777.453
144	411.23	770.58
145	409.796	763.78
146	408.93	757.052
147	408.631	750.398
148	408.9	743.817
149	409.736	737.309
150	411.141	730.874
151	413.113	724.512
152	415.653	718.223
153	418.76	712.006
154	422.435	705.863
155	475.177	760.286
156	480.406	765.734
157	485.764	770.863
158	491.25	775.672
159	496.865	780.163
160	502.609	784.334
161	508.482	788.187
162	514.483	791.72
163	520.613	794.934
164	526.871	797.829
165	533.259	800.404
166	539.775	802.661
167	546.42	804.598
168	553.193	806.216
169	560.095	807.515
170	567.126	808.495
171	574.285	809.156
172	581.574	809.497
173	588.991	809.52
174	596.536	809.223
175	467.86	747.362
176	465.172	740.579
177	462.012	734.171
178	458.38	728.137
179	454.276	722.477
180	449.7	717.192
181	444.653	712.281
182	439.133	707.744
183	433.141	703.581
184	471.185	746.688
185	470.926	739.166
186	469.3	731.952
187	466.305	725.046
188	607.706	802.038
189	611.565	795.912
190	615.788	790.23
191	620.373	784.991
192	625.322	780.196
193	630.635	775.845
194	636.311	771.938
195	642.35	768.474
196	648.753	765.454
197	655.519	762.878
198	668.898	763.524
199	675.169	766.238
200	681.462	768.886
201	687.778	771.468
202	694.116	773.984
203	700.476	776.435
204	706.859	778.821
205	713.264	781.141
206	719.691	783.395
207	726.14	785.584
208	732.611	787.707
209	739.105	789.764
210	745.621	791.756
211	752.159	793.683
212	758.72	795.543
213	765.303	797.339
214	771.908	799.068
215	778.535	800.732
216	656.954	756.43
217	651.478	751.942
218	646.221	747.282
219	641.182	742.45
220	636.361	737.447
221	631.759	732.271
222	627.376	726.924
223	623.211	721.404
224	619.265	715.713
225	615.537	709.85
226	612.028	703.815
227	608.737	697.608
228	605.665	691.229
229	661.042	753.922
230	659.665	747.091
231	658.517	740.252
232	657.598	733.405
233	656.91	726.551
234	656.45	719.689
235	656.221	712.819
236	656.22	705.942
237	656.45	699.057
238	656.909	692.164
239	657.597	685.264
240	658.515	678.356
241	787.603	795.535
242	789.681	788.738
243	791.417	781.939
244	792.811	775.139
245	793.865	768.337
246	794.577	761.534
247	794.947	754.729
248	794.977	747.923
249	794.665	741.116
250	794.011	734.307
251	793.017	727.496
252	791.681	720.684
253	790.003	713.871
254	787.985	707.056
255	122.296	663.188
256	129.596	660.855
257	136.621	658.247
258	143.371	655.362
259	149.845	652.203
260	156.044	648.767
261	161.969	645.056
262	167.617	641.069
263	172.991	636.806
264	178.09	632.268
265	182.913	627.454
266	187.461	622.364
267	191.734	616.999
268	195.732	611.357
269	199.455	605.44
270	202.902	599.248
271	206.074	592.779
272	208.971	586.035
273	211.593	579.015
274	213.94	571.72
275	169.176	650.973
276	170.431	644.232
277	171.953	637.627
278	173.741	631.157
279	175.796	624.824
280	178.118	618.628
281	180.707	612.567
282	183.562	606.643
283	186.685	600.854
284	190.074	595.202
285	193.73	589.686
286	197.653	584.306
287	201.842	579.063
288	206.298	573.955
289	211.021	568.984
290	468.438	715.949
291	474.954	713.539
292	481.491	711.218
293	488.049	708.986
294	494.629	706.843
295	501.23	704.789
296	507.852	702.824
297	514.496	700.948
298	521.162	699.162
299	527.848	697.465
300	534.556	695.857
301	541.285	694.338
302	548.036	692.908
303	554.808	691.567
304	561.602	690.316
305	568.416	689.153
306	575.253	688.08
307	582.11	687.096
308	588.989	686.201
309	595.89	685.395
310	465.478	712.754
311	468.958	707.032
312	472.382	701.283
313	475.752	695.507
314	479.067	689.704
315	482.327	683.874
316	485.533	678.016
317	488.683	672.132
318	491.779	666.22
319	494.82	660.281
320	497.805	654.315
321	500.737	648.322
322	503.613	642.301
323	506.434	636.254
324	509.201	630.18
325	511.913	624.078
326	514.57	617.949
327	517.172	611.793
328	519.719	605.61
329	522.212	599.4
330	524.65	593.163
331	609.875	686.415
332	616.752	687.349
333	623.442	687.482
334	629.946	686.813
335	636.262	685.342
336	642.392	683.069
337	648.336	679.995
338	654.092	676.118
339	606.95	679.386
340	611.148	674.155
341	615.404	668.985
342	619.72	663.876
343	624.095	658.828
344	628.529	653.841
345	633.022	648.916
346	637.574	644.052
347	642.185	639.249
348	646.855	634.508
349	651.584	629.827
350	656.372	625.208
351	661.219	620.65
352	666.126	616.153
353	671.091	611.718
354	676.115	607.343
355	681.199	603.03
356	686.341	598.778
357	691.543	594.587
358	696.803	590.458
359	702.123	586.389
360	707.502	582.382
361	666.954	670.058
362	674.173	668.998
363	681.318	668.259
364	688.389	667.843
365	695.387	667.749
366	702.311	667.977
367	709.161	668.527
368	715.938	669.399
369	722.641	670.592
370	729.271	672.108
371	735.827	673.946
372	742.309	676.106
373	748.718	678.587
374	755.053	681.391
375	761.315	684.517
376	767.503	687.964
377	773.617	691.734
378	779.658	695.826
379	659.924	663.87
380	660.595	656.534
381	661.675	649.432
382	663.164	642.565
383	665.062	635.932
384	667.369	629.534
385	670.086	623.369
386	673.211	617.44
387	676.745	611.744
388	680.689	606.283
389	685.041	601.056
390	689.803	596.063
391	694.973	591.305
392	700.553	586.781
393	706.542	582.491
394	792.665	699.976
395	799.634	699.507
396	806.532	698.834
397	813.358	697.956
398	820.114	696.873
399	826.799	695.586
400	833.412	694.094
401	839.955	692.396
402	846.426	690.494
403	852.827	688.388
404	859.156	686.076
405	865.414	683.56
406	871.601	680.839
407	877.717	677.913
408	883.762	674.782
409	889.736	671.446
410	895.638	667.906
411	901.47	664.161
412	907.231	660.211
413	781.987	693.114
414	778.928	686.024
415	776.447	678.969
416	774.546	671.948
417	773.223	664.963
418	772.479	658.012
419	772.314	651.096
420	772.728	644.215
421	773.72	637.368
422	775.292	630.556
423	777.442	623.779
424	780.171	617.037
425	783.479	610.33
426	787.365	603.658
427	907.922	652.009
428	902.852	648.066
429	897.711	644.226
430	892.498	640.49
431	887.214	636.858
432	881.858	633.33
433	876.432	629.906
434	870.934	626.586
435	220.54	558.976
436	225.092	553.825
437	229.668	548.698
438	234.268	543.593
439	238.891	538.512
440	243.538	533.453
441	248.21	528.416
442	252.904	523.403
443	257.623	518.412
444	262.365	513.445
445	267.131	508.5
446	271.921	503.577
447	276.735	498.678
448	281.572	493.801
449	286.433	488.947
450	291.318	484.116
451	296.227	479.308
452	301.16	474.523
453	306.116	469.76
454	399.744	586.427
455	397.215	579.823
456	395.001	573.175
457	393.101	566.484
458	391.515	559.748
459	390.243	552.968
460	389.285	546.143
461	388.641	539.275
462	388.312	532.363
463	388.297	525.406
464	388.596	518.406
465	389.209	511.361
466	527.558	580.391
467	528.004	573.883
468	528.371	567.374
469	528.658	560.864
470	528.866	554.353
471	528.995	547.84
472	529.044	541.327
473	529.014	534.813
474	528.905	528.297
475	528.716	521.78
476	528.448	515.263
477	579.805	579.06
478	586.394	582.27
479	592.99	585.14
480	599.593	587.668
481	606.203	589.855
482	612.82	591.701
483	619.445	593.206
484	626.077	594.369
485	632.715	595.191
486	639.361	595.672
487	646.015	595.811
488	652.675	595.609
489	659.342	595.066
490	666.017	594.182
491	672.699	592.956
492	679.388	591.39
493	686.084	589.481
494	692.787	587.232
495	699.497	584.641
496	706.215	581.709
497	567.149	571.508
498	561.495	567.224
499	556.263	562.656
500	551.45	557.803
501	547.059	552.666
502	543.088	547.244
503	539.539	541.539
504	536.409	535.548
505	533.701	529.274
506	531.414	522.715
507	529.547	515.872
508	575.644	569.017
509	578.077	562.531
510	580.523	556.05
511	582.981	549.574
512	585.452	543.103
513	587.936	536.637
514	590.432	530.176
515	592.941	523.72
516	595.463	517.268
517	597.997	510.821
518	600.544	504.38
519	706.306	575.969
520	699.793	573.338
521	693.4	570.543
522	687.128	567.584
523	680.975	564.461
524	674.942	561.174
525	669.03	557.723
526	663.238	554.108
527	657.566	550.33
528	652.014	546.387
529	646.582	542.28
530	641.271	538.01
531	636.08	533.575
532	631.008	528.977
533	626.057	524.214
534	621.226	519.288
535	616.515	514.197
536	611.925	508.943
537	607.454	503.525
538	712.102	571.26
539	711.641	564.141
540	711.556	557.078
541	711.847	550.073
542	712.514	543.125
543	713.557	536.233
544	714.976	529.399
545	716.772	522.621
546	718.944	515.9
547	721.492	509.237
548	797.208	601.31
549	802.721	605.22
550	808.372	608.749
551	814.158	611.897
552	820.081	614.664
553	826.141	617.05
554	832.337	619.056
555	838.669	620.68
556	845.138	621.924
557	851.744	622.786
558	858.486	623.268
559	397.021	504.926
560	403.907	505.534
561	410.794	506.096
562	417.683	506.614
563	424.573	507.086
564	431.464	507.513
565	438.357	507.895
566	445.252	508.231
567	452.148	508.523
568	459.045	508.769
569	465.944	508.97
570	472.845	509.125
571	479.747	509.236
572	486.65	509.301
573	493.555	509.321
574	500.461	509.296
575	507.369	509.226
576	514.278	509.111
577	521.189	508.95
578	608.029	493.208
579	612.939	488.457
580	617.834	483.691
581	622.713	478.91
582	627.576	474.114
583	632.424	469.302
584	637.257	464.476
585	642.074	459.633
586	646.875	454.776
587	651.661	449.903
588	656.432	445.015
589	661.187	440.112
590	665.926	435.194
591	670.65	430.26
592	675.359	425.311
593	680.052	420.346
594	684.729	415.367
595	731.407	503.065
596	738.332	503.073
597	745.189	502.655
598	751.98	501.809
599	758.704	500.537
600	765.361	498.838
601	771.951	496.712
602	720.342	497.139
603	716.518	491.554
604	712.941	485.875
605	709.613	480.101
606	706.533	474.234
607	703.702	468.272
608	701.118	462.215
609	698.783	456.065
610	696.697	449.82
611	694.858	443.481
612	693.268	437.048
613	691.926	430.52
614	690.833	423.898
615	689.988	417.182
616	785.185	497.168
617	791.889	499.735
618	798.588	501.859
619	805.281	503.54
620	811.968	504.779
621	818.649	505.576
622	825.324	505.93
623	831.994	505.842
624	838.657	505.311
625	845.315	504.338
626	851.967	502.922
627	858.612	501.064
628	865.253	498.763
629	871.887	496.02
630	783.561	488.742
631	788.21	483.127
632	792.422	477.314
633	796.197	471.303
634	799.534	465.094
635	802.434	458.687
636	804.897	452.082
637	806.923	445.279
638	808.511	438.278
639	809.662	431.08
640	115.01	372.232
641	121.941	372.889
642	128.845	373.68
643	135.724	374.605
644	142.576	375.663
645	149.402	376.855
646	156.202	378.181
647	162.976	379.64
648	169.724	381.233
649	176.446	382.96
650	183.142	384.82
651	189.812	386.815
652	203.544	386.158
653	210.596	383.756
654	217.611	381.735
655	224.589	380.097
656	231.53	378.84
657	238.435	377.965
658	245.302	377.472
659	252.132	377.361
660	258.926	377.632
661	265.683	378.285
662	272.402	379.32
663	279.085	380.736
664	285.731	382.535
665	292.34	384.715
666	298.912	387.278
667	305.448	390.222
668	311.946	393.548
669	318.408	397.256
670	326.69	393.908
671	328.118	386.591
672	329.116	379.395
673	329.683	372.319
674	329.82	365.364
675	329.527	358.53
676	328.803	351.817
677	327.649	345.224
678	326.065	338.752
679	324.051	332.401
680	321.606	326.171
681	318.731	320.061
682	315.426	314.072
683	311.691	308.204
684	307.525	302.457
685	302.929	296.83
686	297.903	291.324
687	507.823	392.406
688	504.095	386.652
689	500.566	380.835
690	497.235	374.953
691	494.104	369.007
692	491.171	362.996
693	488.438	356.921
694	485.903	350.782
695	483.567	344.579
696	481.429	338.311
697	479.491	331.979
698	477.751	325.582
699	476.211	319.122
700	474.869	312.597
701	473.726	306.007
702	472.782	299.354
703	472.036	292.636
704	471.49	285.853
705	471.142	279.007
706	815.624	418.783
707	821.087	414.412
708	826.764	410.571
709	832.656	407.26
710	838.762	404.479
711	845.083	402.228
712	851.618	400.507
713	858.368	399.315
714	865.333	398.654
715	812.474	417.23
716	814.42	410.76
717	816.212	404.273
718	817.851	397.77
719	819.338	391.25
720	820.671	384.713
721	821.851	378.159
722	822.877	371.589
723	823.751	365.002
724	824.472	358.399
725	825.039	351.778
726	825.454	345.141
727	825.715	338.487
728	825.823	331.817
729	825.778	325.13
730	825.58	318.426
731	825.229	311.705
732	824.725	304.968
733	872.989	391.768
734	873.289	385.034
735	873.411	378.321
736	873.357	371.628
737	873.126	364.956
738	872.718	358.303
739	872.133	351.672
740	871.371	345.061
741	870.432	338.47
742	869.317	331.899
743	868.024	325.349
744	866.554	318.819
745	864.907	312.31
746	863.084	305.821
747	127.496	291.625
748	132.916	287.265
749	138.136	282.771
750	143.156	278.141
751	147.977	273.377
752	152.598	268.477
753	157.018	263.442
754	161.239	258.272
755	165.26	252.968
756	169.082	247.528
757	172.703	241.953
758	176.125	236.243
759	179.346	230.398
760	182.368	224.418
761	185.19	218.303
762	187.812	212.053
763	190.234	205.668
764	192.457	199.147
765	194.479	192.492
766	229.255	285.791
767	235.405	281.353
768	240.927	276.531
769	245.821	271.327
770	250.087	265.741
771	253.724	259.771
772	256.733	253.419
773	259.113	246.683
774	260.865	239.565
775	261.989	232.064
776	295.615	279.657
777	298.937	273.502
778	302.412	267.476
779	306.04	261.577
780	309.822	255.806
781	313.756	250.162
782	317.843	244.647
783	322.083	239.259
784	326.476	234
785	331.023	228.868
786	335.722	223.863
787	340.574	218.987
788	345.579	214.238
789	350.738	209.618
790	356.049	205.125
791	361.513	200.759
792	427.446	317.511
793	434.017	314.282
794	440.154	310.599
795	445.859	306.461
796	451.131	301.869
797	455.969	296.823
798	460.375	291.323
799	464.347	285.368
800	467.887	278.959
801	473.576	265.221
802	475.737	258.384
803	477.476	251.584
804	478.793	244.82
805	479.689	238.094
806	480.163	231.405
807	480.216	224.753
808	479.847	218.138
809	479.056	211.561
810	477.843	205.02
811	476.209	198.516
812	474.153	192.05
813	471.676	185.62
814	468.777	179.228
815	465.456	172.872
816	679.149	302.303
817	685.913	299.294
818	692.691	296.567
819	699.482	294.122
820	706.287	291.957
821	713.106	290.074
822	719.938	288.473
823	726.784	287.153
824	733.644	286.114
825	740.518	285.356
826	747.405	284.88
827	754.306	284.685
828	761.22	284.772
829	768.149	285.14
830	775.091	285.79
831	782.046	286.72
832	789.015	287.933
833	795.998	289.426
834	802.995	291.201
835	810.006	293.257
836	817.03	295.595
837	823.467	291.413
838	822.694	284.668
839	821.749	277.979
840	820.633	271.346
841	819.344	264.769
842	817.883	258.249
843	816.249	251.785
844	814.444	245.377
845	812.467	239.025
846	810.317	232.729
847	807.996	226.489
848	805.502	220.306
849	802.836	214.178
850	799.998	208.107
851	796.988	202.092
852	793.806	196.133
853	790.452	190.23
854	864.22	293.157
855	867.029	286.919
856	869.509	280.638
857	871.662	274.315
858	873.488	267.949
859	874.985	261.541
860	876.154	255.09
861	876.995	248.597
862	877.508	242.061
863	877.694	235.483
864	877.551	228.862
865	877.081	222.199
866	876.283	215.493
867	875.156	208.745
868	67.5382	195.643
869	74.4564	197.606
870	81.3589	199.293
871	88.2456	200.703
872	95.1168	201.838
873	101.972	202.696
874	108.812	203.278
875	115.636	203.583
876	122.444	203.612
877	129.237	203.366
878	136.014	202.842
879	142.776	202.043
880	149.521	200.967
881	156.251	199.615
882	162.966	197.987
883	169.664	196.082
884	176.347	193.902
885	183.014	191.445
886	189.666	188.711
887	191.602	180.08
888	187.321	174.343
889	183.46	168.491
890	180.018	162.523
891	176.996	156.441
892	174.393	150.244
893	172.21	143.931
894	170.445	137.503
895	169.101	130.961
896	168.175	124.303
897	167.669	117.53
898	167.583	110.642
899	167.916	103.638
900	168.668	96.5199
901	260.147	217.514
902	257.678	210.938
903	255.076	204.453
904	252.342	198.059
905	249.475	191.756
906	246.476	185.545
907	243.345	179.424
908	240.08	173.394
909	236.684	167.455
910	233.155	161.607
911	229.493	155.85
912	225.699	150.183
913	221.773	144.608
914	217.714	139.124
915	213.523	133.731
916	209.199	128.429
917	204.743	123.218
918	200.154	118.097
919	195.433	113.068
920	190.579	108.13
921	185.593	103.283
922	180.474	98.5262
923	175.223	93.8609
924	372.812	192.553
925	378.582	188.865
926	384.441	185.458
927	390.389	182.334
928	396.427	179.491
929	402.554	176.93
930	408.77	174.65
931	415.076	172.652
932	421.471	170.936
933	427.955	169.502
934	434.528	168.349
935	441.19	167.478
936	447.942	166.888
937	454.783	166.58
938	371.177	190.231
939	374.921	183.894
940	378.363	177.511
941	381.503	171.082
942	384.341	164.607
943	386.876	158.087
944	389.109	151.52
945	391.04	144.908
946	392.669	138.25
947	393.996	131.546
948	395.02	124.796
949	395.742	118
950	396.162	111.159
951	396.28	104.271
952	396.096	97.3377
953	395.609	90.3585
954	394.82	83.3335
955	393.729	76.2626
956	392.336	69.1458
957	390.641	61.9831
958	468.286	169.917
959	474.882	172.997
960	481.499	175.793
961	488.139	178.307
962	494.801	180.537
963	501.485	182.485
964	508.191	184.149
965	514.919	185.53
966	521.67	186.629
967	528.442	187.444
968	535.237	187.976
969	542.054	188.225
970	548.893	188.191
971	555.755	187.874
972	562.638	187.274
973	569.544	186.391
974	576.472	185.225
975	583.422	183.775
976	590.394	182.043
977	597.388	180.028
978	459.9	159.16
979	458.648	151.899
980	457.958	144.77
981	457.83	137.774
982	458.263	130.91
983	459.259	124.179
984	460.815	117.58
985	462.934	111.114
986	465.614	104.78
987	468.856	98.5794
988	472.66	92.5108
989	477.025	86.5747
990	600.672	171.504
991	596.795	165.461
992	592.773	159.601
993	588.606	153.924
994	584.295	148.43
995	579.839	143.118
996	575.238	137.989
997	570.493	133.043
998	565.603	128.279
999	560.568	123.698
1000	555.388	119.3
1001	550.064	115.084
1002	544.596	111.051
1003	538.982	107.201
1004	533.224	103.534
1005	527.322	100.049
1006	521.274	96.7468
1007	515.082	93.6274
1008	508.746	90.6908
1009	502.264	87.9368
1010	495.638	85.3656
1011	488.868	82.977
1012	601.353	171.599
1013	598.235	165.506
1014	595.05	159.451
1015	591.799	153.434
1016	588.482	147.455
1017	585.099	141.513
1018	581.649	135.609
1019	578.134	129.743
1020	574.552	123.915
1021	570.903	118.124
1022	687.424	202.287
1023	694.483	203.956
1024	701.48	205.216
1025	708.417	206.066
1026	715.293	206.508
1027	722.109	206.542
1028	728.864	206.166
1029	735.558	205.381
1030	742.191	204.188
1031	748.764	202.585
1032	755.276	200.574
1033	761.727	198.154
1034	768.118	195.324
1035	774.448	192.086
1036	780.717	188.44
1037	674.696	196.313
1038	669.109	192.389
1039	663.544	188.436
1040	658.002	184.454
1041	652.482	180.443
1042	646.984	176.404
1043	641.508	172.336
1044	636.055	168.239
1045	630.624	164.113
1046	625.215	159.959
1047	619.829	155.777
1048	614.464	151.565
1049	609.122	147.325
1050	603.803	143.056
1051	598.505	138.759
1052	593.23	134.433
1053	587.977	130.078
1054	582.747	125.694
1055	577.538	121.282
1056	572.352	116.841
1057	793.565	185.913
1058	800.21	187.413
1059	806.861	188.883
1060	813.518	190.324
1061	820.181	191.735
1062	826.85	193.116
1063	833.525	194.468
1064	840.206	195.79
1065	846.894	197.082
1066	853.587	198.345
1067	860.286	199.578
1068	866.991	200.781
1069	879.709	197.326
1070	885.186	192.474
1071	890.132	187.399
1072	894.547	182.101
1073	898.432	176.58
1074	901.786	170.835
1075	904.61	164.867
1076	906.903	158.675
1077	908.665	152.261
1078	909.897	145.623
1079	910.599	138.761
1080	910.769	131.677
1081	910.41	124.369
1082	175.85	93.3689
1083	181.916	97.1227
1084	188.04	100.548
1085	194.22	103.644
1086	200.457	106.412
1087	206.75	108.851
1088	213.101	110.962
1089	219.507	112.743
1090	225.971	114.196
1091	232.491	115.321
1092	239.068	116.116
1093	245.702	116.583
1094	252.392	116.722
1095	259.139	116.531
1096	265.942	116.012
1097	272.803	115.165
1098	279.719	113.988
1099	286.693	112.483
1100	387.815	47.2224
1101	387.744	39.8716
1102	388.43	32.7225
1103	389.874	25.7749
1104	392.075	19.0288
1105	395.033	12.4843
1106	398.749	6.14139
1107	489.093	81.627
1108	496.136	82.7453
1109	503.082	84.126
1110	509.931	85.7693
1111	516.682	87.6751
1112	523.336	89.8434
1113	529.892	92.2742
1114	536.352	94.9674
1115	542.714	97.9232
1116	548.978	101.141
1117	555.146	104.622
1118	561.216	108.366
1119	572.57	106.649
1120	577.458	100.802
1121	581.855	94.8305
1122	585.758	88.7338
1123	589.17	82.5123
1124	592.089	76.166
1125	594.516	69.6949
1126	596.451	63.0989
1127	597.893	56.378
1128	598.843	49.5323
1129	599.3	42.5618
1130	599.265	35.4664
1131	598.738	28.2461
1132	597.718	20.9011
1133	596.206	13.4311
1134	911.218	110.03
1135	912.659	103.221
1136	913.841	96.4111
1137	914.765	89.6006
1138	915.431	82.7893
1139	915.838	75.9773
1140	915.986	69.1646
1141	915.876	62.3511
1142	915.508	55.5369
1143	914.881	48.7219
1144	913.996	41.9063
1145	912.853	35.0898
1146	911.451	28.2727
