NOMBRE : MTLARP9_10_6_2.dat
VERTICES ORIGINALES : 81
VERTICES TOTALES : 1191
DEPOTS : 6
76
77
78
79
80
81
LINEAS ORIGINALES : 74
LINE 1 9 172.347 16
	82 10.8632
	83 10.8267
	84 10.7954
	85 10.7692
	86 10.7481
	87 10.7324
	88 10.7218
	89 10.7165
	90 10.7165
	91 10.7218
	92 10.7324
	93 10.7481
	94 10.7692
	95 10.7954
	96 10.8267
	9 10.8632
LINE 2 10 284.02 26
	97 10.9264
	98 10.9258
	99 10.9252
	100 10.9247
	101 10.9243
	102 10.9239
	103 10.9235
	104 10.9232
	105 10.9229
	106 10.9227
	107 10.9226
	108 10.9225
	109 10.9224
	110 10.9224
	111 10.9225
	112 10.9226
	113 10.9227
	114 10.9229
	115 10.9232
	116 10.9235
	117 10.9239
	118 10.9243
	119 10.9247
	120 10.9252
	121 10.9258
	10 10.9264
LINE 3 11 197.843 17
	122 12.4514
	123 12.1557
	124 11.8935
	125 11.667
	126 11.4783
	127 11.3294
	128 11.2219
	129 11.1568
	130 11.1351
	131 11.1568
	132 11.2219
	133 11.3294
	134 11.4783
	135 11.667
	136 11.8935
	137 12.1557
	11 12.4514
LINE 4 5 155.12 14
	138 11.6383
	139 11.386
	140 11.1714
	141 10.9967
	142 10.8639
	143 10.7744
	144 10.7293
	145 10.7293
	146 10.7744
	147 10.8639
	148 10.9967
	149 11.1714
	150 11.386
	5 11.6383
LINE 4 12 203.661 18
	151 12.0977
	152 11.8299
	153 11.5904
	154 11.3811
	155 11.2037
	156 11.0598
	157 10.9506
	158 10.8771
	159 10.8403
	160 10.8403
	161 10.8771
	162 10.9506
	163 11.0598
	164 11.2037
	165 11.3811
	166 11.5904
	167 11.8299
	12 12.0977
LINE 5 6 215.576 20
	168 10.8504
	169 10.8278
	170 10.8078
	171 10.7902
	172 10.7751
	173 10.7625
	174 10.7524
	175 10.7448
	176 10.7397
	177 10.7372
	178 10.7372
	179 10.7397
	180 10.7448
	181 10.7524
	182 10.7625
	183 10.7751
	184 10.7902
	185 10.8078
	186 10.8278
	6 10.8504
LINE 6 7 81.6143 7
	187 12.336
	188 11.6687
	189 11.2494
	190 11.1061
	191 11.2494
	192 11.6687
	7 12.336
LINE 6 14 170.62 15
	193 11.6821
	194 11.5519
	195 11.4405
	196 11.3486
	197 11.2767
	198 11.2249
	199 11.1938
	200 11.1834
	201 11.1938
	202 11.2249
	203 11.2767
	204 11.3486
	205 11.4405
	206 11.5519
	14 11.6821
LINE 7 8 218.1 20
	207 11.1915
	208 11.1021
	209 11.0221
	210 10.9516
	211 10.8908
	212 10.8399
	213 10.799
	214 10.7682
	215 10.7476
	216 10.7373
	217 10.7373
	218 10.7476
	219 10.7682
	220 10.799
	221 10.8399
	222 10.8908
	223 10.9516
	224 11.0221
	225 11.1021
	8 11.1915
LINE 10 18 135.017 12
	226 11.5987
	227 11.4115
	228 11.2595
	229 11.1442
	230 11.0666
	231 11.0277
	232 11.0277
	233 11.0666
	234 11.1442
	235 11.2595
	236 11.4115
	18 11.5987
LINE 12 19 192.849 17
	237 11.8746
	238 11.6797
	239 11.5082
	240 11.3611
	241 11.2393
	242 11.1436
	243 11.0748
	244 11.0333
	245 11.0194
	246 11.0333
	247 11.0748
	248 11.1436
	249 11.2393
	250 11.3611
	251 11.5082
	252 11.6797
	19 11.8746
LINE 12 20 107.24 10
	253 11.2879
	254 10.9188
	255 10.6336
	256 10.4392
	257 10.3405
	258 10.3405
	259 10.4392
	260 10.6336
	261 10.9188
	20 11.2879
LINE 13 14 109.152 10
	262 10.964
	263 10.9315
	264 10.9071
	265 10.8908
	266 10.8826
	267 10.8826
	268 10.8908
	269 10.9071
	270 10.9315
	14 10.964
LINE 13 21 122.929 11
	271 11.6394
	272 11.3652
	273 11.1473
	274 10.989
	275 10.8929
	276 10.8607
	277 10.8929
	278 10.989
	279 11.1473
	280 11.3652
	21 11.6394
LINE 14 15 123.679 11
	281 11.3321
	282 11.2791
	283 11.2378
	284 11.2081
	285 11.1903
	286 11.1844
	287 11.1903
	288 11.2081
	289 11.2378
	290 11.2791
	15 11.3321
LINE 15 16 174.607 16
	291 11.3155
	292 11.1571
	293 11.0195
	294 10.9035
	295 10.8098
	296 10.739
	297 10.6915
	298 10.6677
	299 10.6677
	300 10.6915
	301 10.739
	302 10.8098
	303 10.9035
	304 11.0195
	305 11.1571
	16 11.3155
LINE 16 24 118.689 11
	306 10.8547
	307 10.8159
	308 10.7856
	309 10.764
	310 10.7509
	311 10.7466
	312 10.7509
	313 10.764
	314 10.7856
	315 10.8159
	24 10.8547
LINE 17 18 132.808 12
	316 11.6936
	317 11.3595
	318 11.0849
	319 10.8745
	320 10.7319
	321 10.6599
	322 10.6599
	323 10.7319
	324 10.8745
	325 11.0849
	326 11.3595
	18 11.6936
LINE 18 28 243.318 22
	327 11.2971
	328 11.2301
	329 11.1693
	330 11.1151
	331 11.0674
	332 11.0264
	333 10.9921
	334 10.9645
	335 10.9438
	336 10.93
	337 10.9231
	338 10.9231
	339 10.93
	340 10.9438
	341 10.9645
	342 10.9921
	343 11.0264
	344 11.0674
	345 11.1151
	346 11.1693
	347 11.2301
	28 11.2971
LINE 21 22 70.8978 6
	348 12.5532
	349 11.6791
	350 11.2166
	351 11.2166
	352 11.6791
	22 12.5532
LINE 21 31 193.455 17
	353 11.9176
	354 11.7202
	355 11.5463
	356 11.3971
	357 11.2735
	358 11.1765
	359 11.1067
	360 11.0646
	361 11.0505
	362 11.0646
	363 11.1067
	364 11.1765
	365 11.2735
	366 11.3971
	367 11.5463
	368 11.7202
	31 11.9176
LINE 22 23 191.072 18
	369 10.6883
	370 10.6626
	371 10.64
	372 10.6206
	373 10.6044
	374 10.5914
	375 10.5817
	376 10.5752
	377 10.572
	378 10.572
	379 10.5752
	380 10.5817
	381 10.5914
	382 10.6044
	383 10.6206
	384 10.64
	385 10.6626
	23 10.6883
LINE 22 33 214.613 19
	386 11.7768
	387 11.6195
	388 11.4789
	389 11.3556
	390 11.2503
	391 11.1634
	392 11.0953
	393 11.0464
	394 11.017
	395 11.0072
	396 11.017
	397 11.0464
	398 11.0953
	399 11.1634
	400 11.2503
	401 11.3556
	402 11.4789
	403 11.6195
	33 11.7768
LINE 24 34 223.775 20
	404 11.4934
	405 11.3984
	406 11.3133
	407 11.2383
	408 11.1737
	409 11.1195
	410 11.0759
	411 11.0432
	412 11.0213
	413 11.0103
	414 11.0103
	415 11.0213
	416 11.0432
	417 11.0759
	418 11.1195
	419 11.1737
	420 11.2383
	421 11.3133
	422 11.3984
	34 11.4934
LINE 25 36 178.834 16
	423 12.0582
	424 11.7177
	425 11.4178
	426 11.1617
	427 10.9525
	428 10.7929
	429 10.6852
	430 10.631
	431 10.631
	432 10.6852
	433 10.7929
	434 10.9525
	435 11.1617
	436 11.4178
	437 11.7177
	36 12.0582
LINE 26 27 164.197 15
	438 11.3444
	439 11.1765
	440 11.0325
	441 10.9132
	442 10.8195
	443 10.7521
	444 10.7114
	445 10.6978
	446 10.7114
	447 10.7521
	448 10.8195
	449 10.9132
	450 11.0325
	451 11.1765
	27 11.3444
LINE 27 37 179.182 16
	452 11.6356
	453 11.4639
	454 11.3147
	455 11.1888
	456 11.087
	457 11.0101
	458 10.9585
	459 10.9326
	460 10.9326
	461 10.9585
	462 11.0101
	463 11.087
	464 11.1888
	465 11.3147
	466 11.4639
	37 11.6356
LINE 28 38 134.144 12
	467 11.3899
	468 11.2755
	469 11.1832
	470 11.1134
	471 11.0667
	472 11.0432
	473 11.0432
	474 11.0667
	475 11.1134
	476 11.1832
	477 11.2755
	38 11.3899
LINE 29 39 76.5863 7
	478 11.013
	479 10.941
	480 10.8976
	481 10.8831
	482 10.8976
	483 10.941
	39 11.013
LINE 30 31 132.167 12
	484 11.6467
	485 11.3092
	486 11.0317
	487 10.819
	488 10.6748
	489 10.602
	490 10.602
	491 10.6748
	492 10.819
	493 11.0317
	494 11.3092
	31 11.6467
LINE 30 40 210.64 19
	495 11.4633
	496 11.3396
	497 11.2293
	498 11.1329
	499 11.0506
	500 10.9829
	501 10.9299
	502 10.8918
	503 10.869
	504 10.8613
	505 10.869
	506 10.8918
	507 10.9299
	508 10.9829
	509 11.0506
	510 11.1329
	511 11.2293
	512 11.3396
	40 11.4633
LINE 31 42 234.325 20
	513 12.7331
	514 12.4247
	515 12.1439
	516 11.8928
	517 11.6733
	518 11.4872
	519 11.3361
	520 11.2214
	521 11.1443
	522 11.1056
	523 11.1056
	524 11.1443
	525 11.2214
	526 11.3361
	527 11.4872
	528 11.6733
	529 11.8928
	530 12.1439
	531 12.4247
	42 12.7331
LINE 32 42 149.686 14
	532 10.7204
	533 10.7073
	534 10.6963
	535 10.6875
	536 10.6809
	537 10.6765
	538 10.6743
	539 10.6743
	540 10.6765
	541 10.6809
	542 10.6875
	543 10.6963
	544 10.7073
	42 10.7204
LINE 33 34 257.819 23
	545 12.0138
	546 11.8019
	547 11.6068
	548 11.4295
	549 11.2707
	550 11.1312
	551 11.0118
	552 10.9132
	553 10.8358
	554 10.7802
	555 10.7468
	556 10.7356
	557 10.7468
	558 10.7802
	559 10.8358
	560 10.9132
	561 11.0118
	562 11.1312
	563 11.2707
	564 11.4295
	565 11.6068
	566 11.8019
	34 12.0138
LINE 33 43 179.45 16
	567 11.4962
	568 11.3852
	569 11.2892
	570 11.2085
	571 11.1436
	572 11.0947
	573 11.0619
	574 11.0455
	575 11.0455
	576 11.0619
	577 11.0947
	578 11.1436
	579 11.2085
	580 11.2892
	581 11.3852
	43 11.4962
LINE 34 44 155.566 14
	582 11.7782
	583 11.4783
	584 11.2222
	585 11.0131
	586 10.8536
	587 10.746
	588 10.6918
	589 10.6918
	590 10.746
	591 10.8536
	592 11.0131
	593 11.2222
	594 11.4783
	44 11.7782
LINE 35 36 158.325 14
	595 12.1912
	596 11.797
	597 11.4582
	598 11.1798
	599 10.9663
	600 10.8216
	601 10.7486
	602 10.7486
	603 10.8216
	604 10.9663
	605 11.1798
	606 11.4582
	607 11.797
	36 12.1912
LINE 36 37 152.927 14
	608 11.2339
	609 11.0923
	610 10.9729
	611 10.8764
	612 10.8035
	613 10.7546
	614 10.73
	615 10.73
	616 10.7546
	617 10.8035
	618 10.8764
	619 10.9729
	620 11.0923
	37 11.2339
LINE 36 45 221.439 20
	621 11.4759
	622 11.3505
	623 11.2379
	624 11.1384
	625 11.0524
	626 10.9803
	627 10.9222
	628 10.8784
	629 10.8492
	630 10.8345
	631 10.8345
	632 10.8492
	633 10.8784
	634 10.9222
	635 10.9803
	636 11.0524
	637 11.1384
	638 11.2379
	639 11.3505
	45 11.4759
LINE 36 46 213.075 19
	640 11.3535
	641 11.3075
	642 11.2666
	643 11.2311
	644 11.201
	645 11.1763
	646 11.1571
	647 11.1433
	648 11.135
	649 11.1323
	650 11.135
	651 11.1433
	652 11.1571
	653 11.1763
	654 11.201
	655 11.2311
	656 11.2666
	657 11.3075
	46 11.3535
LINE 36 47 267.113 23
	658 12.639
	659 12.3709
	660 12.1233
	661 11.8973
	662 11.6943
	663 11.5154
	664 11.3619
	665 11.2347
	666 11.1348
	667 11.0629
	668 11.0195
	669 11.005
	670 11.0195
	671 11.0629
	672 11.1348
	673 11.2347
	674 11.3619
	675 11.5154
	676 11.6943
	677 11.8973
	678 12.1233
	679 12.3709
	47 12.639
LINE 37 47 186.128 17
	680 11.0513
	681 11.013
	682 10.9797
	683 10.9514
	684 10.9282
	685 10.9102
	686 10.8972
	687 10.8895
	688 10.8869
	689 10.8895
	690 10.8972
	691 10.9102
	692 10.9282
	693 10.9514
	694 10.9797
	695 11.013
	47 11.0513
LINE 38 48 231.37 21
	696 11.4598
	697 11.3297
	698 11.2119
	699 11.107
	700 11.0153
	701 10.9371
	702 10.8727
	703 10.8223
	704 10.7862
	705 10.7644
	706 10.7572
	707 10.7644
	708 10.7862
	709 10.8223
	710 10.8727
	711 10.9371
	712 11.0153
	713 11.107
	714 11.2119
	715 11.3297
	48 11.4598
LINE 40 41 165.525 15
	716 11.111
	717 11.0785
	718 11.051
	719 11.0284
	720 11.0108
	721 10.9982
	722 10.9906
	723 10.9881
	724 10.9906
	725 10.9982
	726 11.0108
	727 11.0284
	728 11.051
	729 11.0785
	41 11.111
LINE 41 49 135.182 12
	730 11.2834
	731 11.2734
	732 11.2655
	733 11.2595
	734 11.2556
	735 11.2536
	736 11.2536
	737 11.2556
	738 11.2595
	739 11.2655
	740 11.2734
	49 11.2834
LINE 42 50 145.563 13
	741 11.7598
	742 11.4841
	743 11.2536
	744 11.071
	745 10.9386
	746 10.8585
	747 10.8316
	748 10.8585
	749 10.9386
	750 11.071
	751 11.2536
	752 11.4841
	50 11.7598
LINE 44 52 88.1254 8
	753 11.5338
	754 11.0957
	755 10.7937
	756 10.6395
	757 10.6395
	758 10.7937
	759 11.0957
	52 11.5338
LINE 47 54 201.542 18
	760 12.0254
	761 11.7426
	762 11.4894
	763 11.2679
	764 11.0799
	765 10.9272
	766 10.8112
	767 10.7332
	768 10.694
	769 10.694
	770 10.7332
	771 10.8112
	772 10.9272
	773 11.0799
	774 11.2679
	775 11.4894
	776 11.7426
	54 12.0254
LINE 49 50 232.457 21
	777 11.6411
	778 11.4738
	779 11.3219
	780 11.1862
	781 11.0672
	782 10.9656
	783 10.8817
	784 10.816
	785 10.7688
	786 10.7404
	787 10.7309
	788 10.7404
	789 10.7688
	790 10.816
	791 10.8817
	792 10.9656
	793 11.0672
	794 11.1862
	795 11.3219
	796 11.4738
	50 11.6411
LINE 49 58 194.498 18
	797 10.8199
	798 10.8148
	799 10.8103
	800 10.8065
	801 10.8033
	802 10.8008
	803 10.7988
	804 10.7976
	805 10.7969
	806 10.7969
	807 10.7976
	808 10.7988
	809 10.8008
	810 10.8033
	811 10.8065
	812 10.8103
	813 10.8148
	58 10.8199
LINE 50 51 84.0461 8
	814 10.5687
	815 10.5148
	816 10.4788
	817 10.4607
	818 10.4607
	819 10.4788
	820 10.5148
	51 10.5687
LINE 50 60 156.826 14
	821 11.2672
	822 11.2371
	823 11.212
	824 11.1918
	825 11.1767
	826 11.1666
	827 11.1615
	828 11.1615
	829 11.1666
	830 11.1767
	831 11.1918
	832 11.212
	833 11.2371
	60 11.2672
LINE 52 61 253.568 22
	834 12.5104
	835 12.2403
	836 11.9919
	837 11.7668
	838 11.5662
	839 11.3915
	840 11.2438
	841 11.1242
	842 11.0337
	843 10.9729
	844 10.9424
	845 10.9424
	846 10.9729
	847 11.0337
	848 11.1242
	849 11.2438
	850 11.3915
	851 11.5662
	852 11.7668
	853 11.9919
	854 12.2403
	61 12.5104
LINE 52 62 236.8 21
	855 11.8896
	856 11.7103
	857 11.5474
	858 11.4018
	859 11.2741
	860 11.1649
	861 11.0748
	862 11.0042
	863 10.9534
	864 10.9229
	865 10.9127
	866 10.9229
	867 10.9534
	868 11.0042
	869 11.0748
	870 11.1649
	871 11.2741
	872 11.4018
	873 11.5474
	874 11.7103
	62 11.8896
LINE 53 54 184.186 17
	875 11.0236
	876 10.9532
	877 10.8919
	878 10.8397
	879 10.7968
	880 10.7633
	881 10.7394
	882 10.7249
	883 10.7201
	884 10.7249
	885 10.7394
	886 10.7633
	887 10.7968
	888 10.8397
	889 10.8919
	890 10.9532
	54 11.0236
LINE 54 63 95.1824 9
	891 10.5894
	892 10.5792
	893 10.5719
	894 10.5676
	895 10.5661
	896 10.5676
	897 10.5719
	898 10.5792
	63 10.5894
LINE 55 56 206.689 19
	899 10.9375
	900 10.9178
	901 10.9005
	902 10.8854
	903 10.8726
	904 10.8622
	905 10.854
	906 10.8482
	907 10.8447
	908 10.8436
	909 10.8447
	910 10.8482
	911 10.854
	912 10.8622
	913 10.8726
	914 10.8854
	915 10.9005
	916 10.9178
	56 10.9375
LINE 55 64 158.185 15
	917 10.5716
	918 10.5605
	919 10.5511
	920 10.5434
	921 10.5374
	922 10.5332
	923 10.5306
	924 10.5297
	925 10.5306
	926 10.5332
	927 10.5374
	928 10.5434
	929 10.5511
	930 10.5605
	64 10.5716
LINE 56 57 170.288 15
	931 11.6149
	932 11.5036
	933 11.4085
	934 11.3301
	935 11.2688
	936 11.2248
	937 11.1983
	938 11.1895
	939 11.1983
	940 11.2248
	941 11.2688
	942 11.3301
	943 11.4085
	944 11.5036
	57 11.6149
LINE 56 64 296.88 27
	945 10.997
	946 10.9966
	947 10.9963
	948 10.9961
	949 10.9958
	950 10.9956
	951 10.9954
	952 10.9952
	953 10.9951
	954 10.995
	955 10.9949
	956 10.9948
	957 10.9948
	958 10.9948
	959 10.9948
	960 10.9948
	961 10.9949
	962 10.995
	963 10.9951
	964 10.9952
	965 10.9954
	966 10.9956
	967 10.9958
	968 10.9961
	969 10.9963
	970 10.9966
	64 10.997
LINE 57 66 68.7403 6
	971 12.2255
	972 11.3144
	973 10.8302
	974 10.8302
	975 11.3144
	66 12.2255
LINE 59 67 246.417 23
	976 10.8411
	977 10.8066
	978 10.7752
	979 10.7471
	980 10.7223
	981 10.7007
	982 10.6824
	983 10.6674
	984 10.6557
	985 10.6473
	986 10.6423
	987 10.6406
	988 10.6423
	989 10.6473
	990 10.6557
	991 10.6674
	992 10.6824
	993 10.7007
	994 10.7223
	995 10.7471
	996 10.7752
	997 10.8066
	67 10.8411
LINE 59 68 182.645 17
	998 10.7507
	999 10.7481
	1000 10.7459
	1001 10.744
	1002 10.7424
	1003 10.7412
	1004 10.7404
	1005 10.7399
	1006 10.7397
	1007 10.7399
	1008 10.7404
	1009 10.7412
	1010 10.7424
	1011 10.744
	1012 10.7459
	1013 10.7481
	68 10.7507
LINE 60 61 230.09 20
	1014 12.3935
	1015 12.1227
	1016 11.8768
	1017 11.6574
	1018 11.4659
	1019 11.304
	1020 11.1727
	1021 11.0732
	1022 11.0064
	1023 10.9728
	1024 10.9728
	1025 11.0064
	1026 11.0732
	1027 11.1727
	1028 11.304
	1029 11.4659
	1030 11.6574
	1031 11.8768
	1032 12.1227
	61 12.3935
LINE 60 70 216.606 19
	1033 12.333
	1034 12.0336
	1035 11.763
	1036 11.5234
	1037 11.3167
	1038 11.1448
	1039 11.0092
	1040 10.9113
	1041 10.8521
	1042 10.8323
	1043 10.8521
	1044 10.9113
	1045 11.0092
	1046 11.1448
	1047 11.3167
	1048 11.5234
	1049 11.763
	1050 12.0336
	70 12.333
LINE 61 70 128.965 11
	1051 12.5585
	1052 12.0709
	1053 11.6776
	1054 11.3884
	1055 11.2112
	1056 11.1516
	1057 11.2112
	1058 11.3884
	1059 11.6776
	1060 12.0709
	70 12.5585
LINE 63 64 189.166 17
	1061 11.3115
	1062 11.243
	1063 11.1832
	1064 11.1325
	1065 11.0907
	1066 11.0582
	1067 11.0349
	1068 11.0209
	1069 11.0162
	1070 11.0209
	1071 11.0349
	1072 11.0582
	1073 11.0907
	1074 11.1325
	1075 11.1832
	1076 11.243
	64 11.3115
LINE 63 72 236.033 21
	1077 11.7107
	1078 11.5722
	1079 11.4468
	1080 11.3351
	1081 11.2373
	1082 11.1539
	1083 11.0853
	1084 11.0315
	1085 10.993
	1086 10.9698
	1087 10.9621
	1088 10.9698
	1089 10.993
	1090 11.0315
	1091 11.0853
	1092 11.1539
	1093 11.2373
	1094 11.3351
	1095 11.4468
	1096 11.5722
	72 11.7107
LINE 64 65 163.057 15
	1097 10.9108
	1098 10.8935
	1099 10.8789
	1100 10.867
	1101 10.8576
	1102 10.851
	1103 10.847
	1104 10.8457
	1105 10.847
	1106 10.851
	1107 10.8576
	1108 10.867
	1109 10.8789
	1110 10.8935
	65 10.9108
LINE 65 66 177.472 16
	1111 11.5933
	1112 11.3967
	1113 11.2255
	1114 11.0808
	1115 10.9636
	1116 10.875
	1117 10.8154
	1118 10.7855
	1119 10.7855
	1120 10.8154
	1121 10.875
	1122 10.9636
	1123 11.0808
	1124 11.2255
	1125 11.3967
	66 11.5933
LINE 66 73 243.364 22
	1126 11.3355
	1127 11.2583
	1128 11.1884
	1129 11.1258
	1130 11.0708
	1131 11.0234
	1132 10.9838
	1133 10.952
	1134 10.9281
	1135 10.9121
	1136 10.9041
	1137 10.9041
	1138 10.9121
	1139 10.9281
	1140 10.952
	1141 10.9838
	1142 11.0234
	1143 11.0708
	1144 11.1258
	1145 11.1884
	1146 11.2583
	73 11.3355
LINE 69 74 156.509 14
	1147 12.0745
	1148 11.6748
	1149 11.331
	1150 11.0483
	1151 10.8314
	1152 10.6844
	1153 10.6101
	1154 10.6101
	1155 10.6844
	1156 10.8314
	1157 11.0483
	1158 11.331
	1159 11.6748
	74 12.0745
LINE 70 71 237.344 22
	1160 10.8596
	1161 10.8393
	1162 10.821
	1163 10.8047
	1164 10.7905
	1165 10.7782
	1166 10.768
	1167 10.7598
	1168 10.7537
	1169 10.7496
	1170 10.7476
	1171 10.7476
	1172 10.7496
	1173 10.7537
	1174 10.7598
	1175 10.768
	1176 10.7782
	1177 10.7905
	1178 10.8047
	1179 10.821
	1180 10.8393
	71 10.8596
LINE 71 75 127.753 12
	1181 10.6989
	1182 10.6702
	1183 10.6471
	1184 10.6298
	1185 10.6182
	1186 10.6125
	1187 10.6125
	1188 10.6182
	1189 10.6298
	1190 10.6471
	1191 10.6702
	75 10.6989
COORDENADAS :
1	224.153	812.036
2	398.992	861.399
3	496.32	862
4	590.317	831.97
5	686.409	859.966
6	820.757	810.517
7	872.566	811.923
8	1006.06	863.591
9	198.684	700.607
10	299.823	700.128
11	493.874	735.826
12	586.172	702.008
13	724.651	706.655
14	796.993	701.237
15	867.025	743.929
16	978.2	719.829
17	200.68	626.449
18	284.854	613.226
19	502.425	609.363
20	589.757	633.247
21	711.12	628.167
22	755.245	621.476
23	881.242	606.712
24	1012.84	649.043
25	117.309	542.745
26	200.47	533.726
27	306.307	549.314
28	421.925	530.32
29	480.357	505.565
30	618.255	555.198
31	686.764	505.319
32	815.79	551.008
33	857.668	526.879
34	1020.46	502.455
35	66.4692	412.502
36	163.113	439.09
37	263.213	440.991
38	395.536	446.033
39	506.138	461.807
40	601.81	418.607
41	711.549	424.185
42	824.754	451.788
43	869.238	409.652
44	982.107	410.397
45	95.5976	311.406
46	222.139	311.03
47	281.65	318.992
48	463.386	311.583
49	658.165	351.694
50	808.202	359.385
51	855.053	329.116
52	984.775	353.82
53	87.2233	232.352
54	207.386	214.407
55	294.087	204.204
56	419.471	260.28
57	514.92	201.886
58	589.291	241.955
59	707.234	250.637
60	772.831	261.406
61	910.368	211.686
62	993.628	201.299
63	191.481	153.038
64	304.22	99.3954
65	406.151	136.447
66	518.924	159
67	610.714	119.092
68	682.575	131.444
69	758.61	143.35
70	854.989	151.512
71	1007.86	113.093
72	165.762	1.73894
73	501.872	0
74	779.14	46.5627
75	1010.8	28.2504
76	17.5481	292.656
77	372.906	512.527
78	0	909.53
79	689.566	332.373
80	549.547	67.8144
81	954.039	580.644
82	221.403	805.336
83	218.807	798.602
84	216.365	791.832
85	214.078	785.026
86	211.945	778.185
87	209.967	771.309
88	208.144	764.398
89	206.475	757.451
90	204.96	750.469
91	203.6	743.452
92	202.395	736.399
93	201.344	729.312
94	200.447	722.188
95	199.705	715.03
96	199.118	707.836
97	395.345	855.094
98	391.685	848.796
99	388.011	842.507
100	384.324	836.226
101	380.624	829.953
102	376.91	823.689
103	373.183	817.433
104	369.442	811.185
105	365.688	804.945
106	361.921	798.713
107	358.14	792.49
108	354.346	786.275
109	350.539	780.068
110	346.718	773.87
111	342.884	767.679
112	339.036	761.497
113	335.175	755.323
114	331.3	749.157
115	327.413	743
116	323.511	736.851
117	319.597	730.71
118	315.669	724.577
119	311.728	718.452
120	307.773	712.336
121	303.805	706.228
122	499.89	854.506
123	502.996	847.021
124	505.637	839.545
125	507.815	832.078
126	509.528	824.62
127	510.777	817.171
128	511.561	809.731
129	511.882	802.3
130	511.738	794.878
131	511.129	787.465
132	510.057	780.061
133	508.52	772.666
134	506.52	765.28
135	504.054	757.903
136	501.125	750.535
137	497.731	743.176
138	598.024	831.075
139	605.601	830.625
140	613.049	830.621
141	620.367	831.062
142	627.555	831.949
143	634.613	833.28
144	641.542	835.057
145	648.341	837.28
146	655.01	839.947
147	661.549	843.06
148	667.959	846.619
149	674.239	850.622
150	680.389	855.071
151	586.502	824.864
152	583.108	817.745
153	580.137	810.612
154	577.587	803.466
155	575.459	796.306
156	573.752	789.133
157	572.468	781.947
158	571.605	774.747
159	571.164	767.534
160	571.144	760.307
161	571.547	753.067
162	572.371	745.813
163	573.617	738.546
164	575.284	731.265
165	577.374	723.971
166	579.885	716.663
167	582.818	709.343
168	692.766	856.514
169	699.161	853.166
170	705.594	849.92
171	712.065	846.778
172	718.574	843.739
173	725.12	840.802
174	731.705	837.969
175	738.327	835.239
176	744.988	832.612
177	751.686	830.088
178	758.423	827.667
179	765.197	825.349
180	772.009	823.134
181	778.859	821.023
182	785.747	819.014
183	792.673	817.109
184	799.637	815.306
185	806.639	813.607
186	813.679	812.01
187	828.255	807.14
188	835.721	804.955
189	843.155	803.963
190	850.556	804.164
191	857.925	805.557
192	865.262	808.144
193	821.372	802.753
194	821.673	795.058
195	821.66	787.431
196	821.333	779.872
197	820.691	772.382
198	819.736	764.96
199	818.466	757.606
200	816.881	750.321
201	814.983	743.104
202	812.77	735.955
203	810.243	728.875
204	807.402	721.863
205	804.246	714.919
206	800.777	708.044
207	880.001	812.541
208	887.357	813.367
209	894.632	814.399
210	901.827	815.638
211	908.942	817.084
212	915.977	818.737
213	922.932	820.596
214	929.807	822.663
215	936.602	824.936
216	943.317	827.416
217	949.952	830.103
218	956.507	832.996
219	962.981	836.097
220	969.376	839.404
221	975.691	842.918
222	981.925	846.639
223	988.08	850.567
224	994.154	854.702
225	1000.15	859.043
226	300.947	692.478
227	301.64	684.902
228	301.902	677.4
229	301.732	669.972
230	301.131	662.619
231	300.1	655.34
232	298.637	648.135
233	296.742	641.005
234	294.417	633.949
235	291.661	626.967
236	288.473	620.059
237	579.058	698.537
238	572.217	694.818
239	565.649	690.852
240	559.355	686.638
241	553.335	682.178
242	547.588	677.47
243	542.114	672.514
244	536.915	667.312
245	531.988	661.862
246	527.336	656.165
247	522.956	650.221
248	518.851	644.03
249	515.018	637.591
250	511.46	630.905
251	508.175	623.972
252	505.163	616.791
253	589.563	695.29
254	592.28	688.537
255	594.323	681.749
256	595.693	674.925
257	596.388	668.067
258	596.41	661.173
259	595.757	654.244
260	594.431	647.28
261	592.431	640.281
262	731.952	707.005
263	739.238	707.157
264	746.509	707.11
265	753.766	706.866
266	761.007	706.423
267	768.234	705.782
268	775.446	704.943
269	782.643	703.906
270	789.825	702.671
271	726.171	699.045
272	727.141	691.531
273	727.561	684.111
274	727.43	676.786
275	726.75	669.556
276	725.52	662.421
277	723.74	655.381
278	721.41	648.435
279	718.53	641.584
280	715.1	634.828
281	803.992	704.08
282	810.865	707.13
283	817.611	710.389
284	824.231	713.854
285	830.724	717.528
286	837.09	721.409
287	843.33	725.498
288	849.444	729.794
289	855.431	734.298
290	861.291	739.009
291	873.439	739.958
292	879.924	736.316
293	886.481	733.003
294	893.109	730.019
295	899.808	727.362
296	906.579	725.035
297	913.42	723.036
298	920.333	721.365
299	927.317	720.023
300	934.372	719.01
301	941.499	718.325
302	948.697	717.969
303	955.965	717.941
304	963.306	718.242
305	970.717	718.871
306	982.264	713.842
307	986.145	707.765
308	989.843	701.598
309	993.359	695.342
310	996.691	688.997
311	999.84	682.562
312	1002.81	676.037
313	1005.59	669.423
314	1008.19	662.719
315	1010.61	655.926
316	208.194	628.526
317	215.617	630.025
318	222.949	630.946
319	230.191	631.289
320	237.341	631.055
321	244.401	630.242
322	251.371	628.851
323	258.249	626.882
324	265.036	624.335
325	271.733	621.21
326	278.339	617.507
327	292.08	611.104
328	299.212	608.825
329	306.248	606.389
330	313.19	603.797
331	320.037	601.047
332	326.789	598.141
333	333.447	595.079
334	340.009	591.859
335	346.477	588.483
336	352.849	584.949
337	359.127	581.259
338	365.31	577.412
339	371.399	573.409
340	377.392	569.248
341	383.291	564.931
342	389.094	560.457
343	394.803	555.826
344	400.417	551.039
345	405.937	546.094
346	411.361	540.993
347	416.691	535.735
348	719.049	630.844
349	726.748	632.004
350	734.217	631.647
351	741.457	629.774
352	748.466	626.383
353	706.769	621.519
354	702.782	614.799
355	699.161	608.007
356	695.904	601.142
357	693.012	594.205
358	690.485	587.196
359	688.323	580.114
360	686.525	572.96
361	685.093	565.734
362	684.025	558.435
363	683.322	551.064
364	682.983	543.621
365	683.01	536.105
366	683.401	528.517
367	684.157	520.857
368	685.278	513.124
369	762.123	619.613
370	769.015	617.872
371	775.921	616.254
372	782.842	614.759
373	789.777	613.386
374	796.726	612.136
375	803.69	611.009
376	810.668	610.005
377	817.661	609.123
378	824.668	608.364
379	831.689	607.728
380	838.725	607.215
381	845.775	606.824
382	852.84	606.556
383	859.919	606.411
384	867.012	606.389
385	874.12	606.489
386	758.742	614.447
387	762.449	607.645
388	766.366	601.071
389	770.494	594.725
390	774.832	588.607
391	779.381	582.717
392	784.141	577.054
393	789.11	571.62
394	794.291	566.413
395	799.681	561.434
396	805.282	556.683
397	811.094	552.16
398	817.116	547.865
399	823.348	543.798
400	829.791	539.958
401	836.445	536.347
402	843.309	532.963
403	850.383	529.807
404	1015.42	641.828
405	1017.77	634.6
406	1019.88	627.361
407	1021.77	620.11
408	1023.42	612.847
409	1024.84	605.571
410	1026.03	598.284
411	1026.99	590.985
412	1027.72	583.673
413	1028.22	576.35
414	1028.48	569.014
415	1028.52	561.667
416	1028.32	554.307
417	1027.89	546.936
418	1027.23	539.552
419	1026.34	532.157
420	1025.22	524.749
421	1023.86	517.33
422	1022.27	509.898
423	116.694	534.73
424	116.542	526.92
425	116.855	519.314
426	117.631	511.914
427	118.871	504.718
428	120.574	497.727
429	122.741	490.941
430	125.372	484.361
431	128.467	477.985
432	132.025	471.813
433	136.047	465.847
434	140.533	460.086
435	145.483	454.53
436	150.896	449.178
437	156.772	444.032
438	207.159	537.255
439	213.901	540.428
440	220.695	543.246
441	227.541	545.708
442	234.439	547.815
443	241.39	549.565
444	248.394	550.96
445	255.449	552
446	262.558	552.683
447	269.718	553.011
448	276.931	552.983
449	284.196	552.599
450	291.514	551.86
451	298.884	550.765
452	301.141	543.528
453	296.304	537.61
454	291.797	531.561
455	287.62	525.382
456	283.773	519.07
457	280.255	512.628
458	277.067	506.055
459	274.209	499.35
460	271.681	492.514
461	269.482	485.547
462	267.613	478.449
463	266.074	471.22
464	264.864	463.86
465	263.984	456.368
466	263.434	448.745
467	417.944	523.854
468	414.288	517.287
469	410.955	510.618
470	407.946	503.847
471	405.261	496.975
472	402.9	490.002
473	400.862	482.928
474	399.149	475.751
475	397.76	468.474
476	396.695	461.095
477	395.953	453.615
478	485.009	499.885
479	489.338	494.014
480	493.344	487.953
481	497.027	481.702
482	500.387	475.261
483	503.424	468.629
484	625.864	553.65
485	633.127	551.629
486	640.045	549.133
487	646.618	546.162
488	652.845	542.717
489	658.727	538.798
490	664.263	534.404
491	669.454	529.536
492	674.3	524.194
493	678.8	518.377
494	682.955	512.085
495	614.963	548.301
496	611.941	541.371
497	609.188	534.41
498	606.705	527.415
499	604.492	520.389
500	602.548	513.33
501	600.873	506.238
502	599.469	499.114
503	598.334	491.957
504	597.468	484.769
505	596.872	477.547
506	596.546	470.293
507	596.489	463.007
508	596.702	455.688
509	597.184	448.337
510	597.936	440.953
511	598.958	433.537
512	600.249	426.088
513	692.159	498.766
514	697.713	492.621
515	703.425	486.883
516	709.296	481.554
517	715.325	476.633
518	721.512	472.12
519	727.857	468.015
520	734.361	464.319
521	741.023	461.03
522	747.843	458.149
523	754.822	455.677
524	761.959	453.612
525	769.254	451.956
526	776.708	450.708
527	784.32	449.868
528	792.09	449.436
529	800.018	449.412
530	808.105	449.796
531	816.35	450.588
532	815.769	543.861
533	815.849	536.724
534	816.032	529.595
535	816.316	522.476
536	816.702	515.366
537	817.189	508.265
538	817.779	501.173
539	818.47	494.09
540	819.263	487.017
541	820.158	479.953
542	821.154	472.898
543	822.252	465.852
544	823.452	458.815
545	865.279	529.372
546	872.842	531.542
547	880.356	533.389
548	887.822	534.913
549	895.239	536.113
550	902.608	536.991
551	909.928	537.545
552	917.2	537.776
553	924.423	537.683
554	931.598	537.268
555	938.724	536.529
556	945.802	535.467
557	952.831	534.082
558	959.812	532.374
559	966.745	530.342
560	973.628	527.987
561	980.464	525.309
562	987.251	522.308
563	993.989	518.984
564	1000.68	515.336
565	1007.32	511.366
566	1013.91	507.072
567	856.271	519.343
568	855.158	511.835
569	854.327	504.355
570	853.778	496.903
571	853.512	489.478
572	853.529	482.082
573	853.828	474.713
574	854.41	467.373
575	855.274	460.06
576	856.421	452.775
577	857.851	445.518
578	859.563	438.289
579	861.558	431.088
580	863.835	423.915
581	866.395	416.769
582	1014.67	497.15
583	1009.35	491.649
584	1004.5	485.953
585	1000.12	480.062
586	996.204	473.975
587	992.761	467.693
588	989.787	461.215
589	987.283	454.542
590	985.247	447.673
591	983.681	440.609
592	982.583	433.349
593	981.955	425.894
594	981.797	418.243
595	74.3926	410.692
596	82.1591	409.453
597	89.7686	408.785
598	97.2211	408.687
599	104.517	409.16
600	111.655	410.203
601	118.637	411.817
602	125.462	414.001
603	132.129	416.756
604	138.64	420.082
605	144.994	423.978
606	151.19	428.445
607	157.23	433.482
608	170.305	437.002
609	177.491	435.256
610	184.67	433.852
611	191.843	432.79
612	199.009	432.071
613	206.169	431.693
614	213.322	431.658
615	220.469	431.965
616	227.61	432.614
617	234.743	433.605
618	241.871	434.938
619	248.991	436.614
620	256.106	438.631
621	157.505	433.886
622	152.132	428.558
623	146.993	423.106
624	142.09	417.529
625	137.422	411.829
626	132.988	406.004
627	128.79	400.054
628	124.827	393.981
629	121.099	387.783
630	117.605	381.461
631	114.347	375.014
632	111.324	368.444
633	108.536	361.749
634	105.982	354.93
635	103.664	347.986
636	101.581	340.919
637	99.7324	333.727
638	98.1191	326.411
639	96.7408	318.97
640	164.869	431.727
641	166.775	424.434
642	168.832	417.21
643	171.038	410.055
644	173.394	402.969
645	175.901	395.953
646	178.557	389.005
647	181.364	382.127
648	184.32	375.318
649	187.427	368.577
650	190.684	361.907
651	194.09	355.305
652	197.647	348.772
653	201.354	342.309
654	205.211	335.915
655	209.218	329.59
656	213.375	323.334
657	217.682	317.147
658	171.216	436.779
659	179.051	434.204
660	186.618	431.364
661	193.916	428.259
662	200.947	424.89
663	207.709	421.256
664	214.203	417.357
665	220.43	413.194
666	226.388	408.766
667	232.078	404.074
668	237.5	399.117
669	242.653	393.895
670	247.539	388.409
671	252.157	382.658
672	256.506	376.642
673	260.587	370.362
674	264.401	363.817
675	267.946	357.008
676	271.223	349.934
677	274.232	342.595
678	276.972	334.992
679	279.445	327.124
680	265.55	434.004
681	267.73	426.993
682	269.753	419.959
683	271.62	412.9
684	273.33	405.818
685	274.884	398.713
686	276.282	391.584
687	277.523	384.431
688	278.607	377.255
689	279.535	370.054
690	280.307	362.831
691	280.922	355.583
692	281.38	348.312
693	281.682	341.018
694	281.828	333.699
695	281.817	326.357
696	401.118	440.817
697	406.465	435.483
698	411.578	430.03
699	416.455	424.458
700	421.097	418.768
701	425.503	412.959
702	429.675	407.031
703	433.611	400.985
704	437.313	394.82
705	440.779	388.536
706	444.01	382.134
707	447.006	375.613
708	449.766	368.973
709	452.292	362.214
710	454.582	355.337
711	456.638	348.342
712	458.458	341.227
713	460.043	333.994
714	461.392	326.642
715	462.507	319.172
716	609.182	417.882
717	616.545	417.313
718	623.901	416.901
719	631.249	416.646
720	638.589	416.548
721	645.921	416.606
722	653.245	416.821
723	660.561	417.193
724	667.869	417.722
725	675.169	418.407
726	682.461	419.249
727	689.745	420.248
728	697.021	421.404
729	704.289	422.716
730	706.659	418.469
731	701.849	412.695
732	697.119	406.861
733	692.47	400.968
734	687.901	395.015
735	683.412	389.004
736	679.003	382.934
737	674.675	376.804
738	670.427	370.615
739	666.26	364.367
740	662.172	358.06
741	826.485	444.142
742	827.716	436.585
743	828.446	429.119
744	828.675	421.742
745	828.404	414.454
746	827.631	407.256
747	826.358	400.149
748	824.584	393.13
749	822.309	386.202
750	819.534	379.363
751	816.257	372.614
752	812.48	365.954
753	985.436	403.466
754	987.91	396.495
755	989.528	389.484
756	990.289	382.431
757	990.195	375.339
758	989.244	368.206
759	987.438	361.033
760	274.529	315.308
761	267.761	311.374
762	261.345	307.19
763	255.282	302.756
764	249.571	298.071
765	244.212	293.136
766	239.205	287.952
767	234.551	282.517
768	230.249	276.831
769	226.299	270.896
770	222.702	264.711
771	219.457	258.275
772	216.564	251.589
773	214.024	244.653
774	211.836	237.467
775	210	230.03
776	208.517	222.344
777	665.156	355.065
778	672.162	358.135
779	679.183	360.905
780	686.22	363.374
781	693.272	365.543
782	700.34	367.411
783	707.423	368.979
784	714.521	370.247
785	721.635	371.214
786	728.764	371.881
787	735.909	372.247
788	743.069	372.313
789	750.244	372.078
790	757.435	371.543
791	764.641	370.707
792	771.863	369.571
793	779.1	368.135
794	786.352	366.398
795	793.62	364.361
796	800.903	362.023
797	654.737	345.347
798	651.263	339.03
799	647.741	332.742
800	644.172	326.484
801	640.557	320.255
802	636.894	314.055
803	633.185	307.885
804	629.429	301.745
805	625.626	295.633
806	621.776	289.551
807	617.88	283.499
808	613.936	277.476
809	609.946	271.482
810	605.909	265.518
811	601.825	259.583
812	597.694	253.677
813	593.516	247.801
814	814.609	356.453
815	820.858	353.279
816	826.951	349.86
817	832.886	346.198
818	838.664	342.293
819	844.284	338.144
820	849.747	333.752
821	804.707	352.736
822	801.361	346.033
823	798.164	339.277
824	795.116	332.467
825	792.217	325.603
826	789.467	318.685
827	786.866	311.713
828	784.414	304.688
829	782.111	297.609
830	779.957	290.476
831	777.952	283.289
832	776.096	276.048
833	774.389	268.754
834	984.979	345.482
835	984.841	337.323
836	984.361	329.343
837	983.541	321.541
838	982.378	313.919
839	980.874	306.475
840	979.029	299.209
841	976.842	292.123
842	974.314	285.216
843	971.444	278.487
844	968.232	271.937
845	964.679	265.565
846	960.785	259.373
847	956.549	253.359
848	951.972	247.524
849	947.053	241.868
850	941.792	236.391
851	936.19	231.092
852	930.247	225.972
853	923.962	221.031
854	917.336	216.269
855	982.055	346.374
856	979.65	338.947
857	977.558	331.539
858	975.781	324.148
859	974.318	316.776
860	973.169	309.422
861	972.334	302.086
862	971.813	294.768
863	971.606	287.469
864	971.714	280.188
865	972.135	272.925
866	972.871	265.68
867	973.921	258.454
868	975.285	251.246
869	976.963	244.056
870	978.955	236.884
871	981.261	229.731
872	983.882	222.595
873	986.816	215.478
874	990.065	208.379
875	94.0387	229.603
876	100.886	227.065
877	107.764	224.739
878	114.675	222.625
879	121.617	220.723
880	128.59	219.032
881	135.595	217.553
882	142.632	216.286
883	149.7	215.23
884	156.8	214.386
885	163.932	213.754
886	171.095	213.334
887	178.29	213.125
888	185.517	213.128
889	192.775	213.343
890	200.064	213.769
891	205.166	207.706
892	203.06	200.975
893	201.066	194.214
894	199.186	187.425
895	197.419	180.606
896	195.765	173.758
897	194.224	166.881
898	192.796	159.974
899	300.297	208.026
900	306.55	211.751
901	312.847	215.379
902	319.186	218.911
903	325.569	222.346
904	331.995	225.684
905	338.464	228.926
906	344.977	232.07
907	351.533	235.118
908	358.132	238.07
909	364.775	240.924
910	371.46	243.682
911	378.189	246.343
912	384.961	248.908
913	391.777	251.376
914	398.635	253.747
915	405.537	256.021
916	412.482	258.199
917	294.139	197.157
918	294.28	190.118
919	294.51	183.087
920	294.83	176.066
921	295.238	169.053
922	295.735	162.048
923	296.322	155.052
924	296.997	148.065
925	297.762	141.086
926	298.615	134.116
927	299.558	127.155
928	300.59	120.202
929	301.711	113.258
930	302.921	106.322
931	426.918	258.158
932	434.21	255.784
933	441.347	253.156
934	448.33	250.275
935	455.157	247.141
936	461.83	243.755
937	468.348	240.115
938	474.712	236.222
939	480.92	232.076
940	486.974	227.677
941	492.873	223.025
942	498.617	218.12
943	504.206	212.962
944	509.641	207.551
945	415.083	254.407
946	410.704	248.527
947	406.334	242.641
948	401.974	236.748
949	397.622	230.849
950	393.28	224.943
951	388.947	219.03
952	384.624	213.111
953	380.309	207.185
954	376.004	201.253
955	371.708	195.314
956	367.421	189.368
957	363.143	183.416
958	358.874	177.458
959	354.615	171.492
960	350.365	165.52
961	346.124	159.542
962	341.892	153.557
963	337.669	147.565
964	333.456	141.567
965	329.252	135.562
966	325.057	129.551
967	320.871	123.533
968	316.694	117.509
969	312.527	111.477
970	308.369	105.44
971	511.745	194.38
972	510.107	187.017
973	510.006	179.798
974	511.441	172.722
975	514.414	165.789
976	704.153	244.099
977	700.97	237.636
978	697.686	231.247
979	694.301	224.932
980	690.814	218.692
981	687.226	212.526
982	683.536	206.435
983	679.746	200.418
984	675.853	194.476
985	671.859	188.607
986	667.764	182.814
987	663.568	177.094
988	659.27	171.449
989	654.871	165.879
990	650.37	160.383
991	645.768	154.961
992	641.064	149.614
993	636.259	144.341
994	631.353	139.142
995	626.345	134.018
996	621.236	128.968
997	616.026	123.993
998	706.101	243.56
999	704.928	236.491
1000	703.715	229.43
1001	702.463	222.378
1002	701.171	215.334
1003	699.84	208.298
1004	698.468	201.27
1005	697.057	194.251
1006	695.607	187.239
1007	694.117	180.236
1008	692.587	173.241
1009	691.017	166.255
1010	689.408	159.276
1011	687.759	152.306
1012	686.071	145.344
1013	684.343	138.39
1014	778.4	255.302
1015	784.107	249.58
1016	789.952	244.238
1017	795.934	239.277
1018	802.053	234.697
1019	808.311	230.497
1020	814.706	226.679
1021	821.239	223.241
1022	827.909	220.184
1023	834.717	217.507
1024	841.663	215.212
1025	848.746	213.297
1026	855.967	211.763
1027	863.326	210.609
1028	870.822	209.837
1029	878.456	209.445
1030	886.227	209.434
1031	894.137	209.804
1032	902.183	210.554
1033	774.007	253.268
1034	775.533	245.392
1035	777.408	237.778
1036	779.633	230.425
1037	782.209	223.333
1038	785.133	216.504
1039	788.408	209.935
1040	792.033	203.628
1041	796.007	197.583
1042	800.331	191.799
1043	805.005	186.277
1044	810.029	181.016
1045	815.402	176.017
1046	821.125	171.279
1047	827.198	166.803
1048	833.621	162.588
1049	840.394	158.634
1050	847.516	154.943
1051	902.5	208.823
1052	895.199	205.439
1053	888.465	201.533
1054	882.297	197.105
1055	876.696	192.157
1056	871.661	186.686
1057	867.194	180.695
1058	863.292	174.181
1059	859.958	167.147
1060	857.19	159.59
1061	198.848	151.428
1062	206.123	149.625
1063	213.307	147.629
1064	220.398	145.44
1065	227.397	143.057
1066	234.305	140.482
1067	241.121	137.713
1068	247.844	134.75
1069	254.476	131.595
1070	261.016	128.246
1071	267.463	124.704
1072	273.819	120.969
1073	280.083	117.041
1074	286.255	112.919
1075	292.335	108.605
1076	298.323	104.097
1077	187.549	146.293
1078	183.887	139.503
1079	180.496	132.666
1080	177.376	125.784
1081	174.527	118.855
1082	171.948	111.881
1083	169.641	104.86
1084	167.604	97.7935
1085	165.837	90.6809
1086	164.342	83.5222
1087	163.117	76.3175
1088	162.163	69.0667
1089	161.48	61.77
1090	161.068	54.4272
1091	160.926	47.0384
1092	161.055	39.6035
1093	161.455	32.1227
1094	162.126	24.5958
1095	163.067	17.0229
1096	164.279	9.40392
1097	310.744	102.611
1098	317.307	105.721
1099	323.909	108.723
1100	330.549	111.619
1101	337.229	114.409
1102	343.947	117.092
1103	350.703	119.669
1104	357.499	122.139
1105	364.333	124.503
1106	371.206	126.76
1107	378.117	128.91
1108	385.068	130.954
1109	392.057	132.892
1110	399.084	134.723
1111	412.642	140.642
1112	419.208	144.466
1113	425.847	147.919
1114	432.561	150.999
1115	439.35	153.709
1116	446.212	156.047
1117	453.149	158.014
1118	460.16	159.609
1119	467.246	160.833
1120	474.406	161.685
1121	481.64	162.166
1122	488.948	162.276
1123	496.33	162.014
1124	503.787	161.381
1125	511.318	160.376
1126	516.093	151.993
1127	513.458	144.966
1128	511.019	137.917
1129	508.776	130.847
1130	506.728	123.756
1131	504.876	116.644
1132	503.22	109.511
1133	501.76	102.358
1134	500.495	95.1829
1135	499.427	87.9871
1136	498.554	80.7703
1137	497.876	73.5325
1138	497.395	66.2738
1139	497.109	58.994
1140	497.02	51.6932
1141	497.125	44.3715
1142	497.427	37.0287
1143	497.924	29.665
1144	498.618	22.2802
1145	499.507	14.8745
1146	500.591	7.44773
1147	756.306	135.637
1148	754.583	128.047
1149	753.439	120.58
1150	752.876	113.236
1151	752.892	106.015
1152	753.488	98.917
1153	754.665	91.9421
1154	756.421	85.0903
1155	758.758	78.3615
1156	761.674	71.7557
1157	765.17	65.2729
1158	769.247	58.9131
1159	773.903	52.6764
1160	862.191	150.773
1161	869.368	149.938
1162	876.522	149.007
1163	883.651	147.98
1164	890.757	146.857
1165	897.838	145.638
1166	904.896	144.323
1167	911.929	142.912
1168	918.938	141.406
1169	925.923	139.803
1170	932.883	138.105
1171	939.82	136.311
1172	946.733	134.42
1173	953.621	132.434
1174	960.486	130.352
1175	967.326	128.175
1176	974.142	125.901
1177	980.935	123.531
1178	987.703	121.065
1179	994.446	118.504
1180	1001.17	115.847
1181	1007.2	105.992
1182	1006.7	98.8957
1183	1006.37	91.8054
1184	1006.2	84.7209
1185	1006.2	77.6421
1186	1006.36	70.569
1187	1006.69	63.5016
1188	1007.18	56.4399
1189	1007.84	49.3839
1190	1008.66	42.3337
1191	1009.65	35.2892
