NOMBRE : MTLARP6_6_5_1.dat
VERTICES ORIGINALES : 30
VERTICES TOTALES : 359
DEPOTS : 5
26
27
28
29
30
LINEAS ORIGINALES : 22
LINE 1 2 184.369 16
	31 11.5335
	32 11.5293
	33 11.5257
	34 11.5228
	35 11.5204
	36 11.5186
	37 11.5174
	38 11.5168
	39 11.5168
	40 11.5174
	41 11.5186
	42 11.5204
	43 11.5228
	44 11.5257
	45 11.5293
	2 11.5335
LINE 2 4 176.474 15
	46 12.7119
	47 12.3198
	48 11.978
	49 11.6908
	50 11.4626
	51 11.2967
	52 11.196
	53 11.1622
	54 11.196
	55 11.2967
	56 11.4626
	57 11.6908
	58 11.978
	59 12.3198
	4 12.7119
LINE 3 8 180.163 16
	60 11.4547
	61 11.3775
	62 11.3109
	63 11.2551
	64 11.2102
	65 11.1765
	66 11.1539
	67 11.1426
	68 11.1426
	69 11.1539
	70 11.1765
	71 11.2102
	72 11.2551
	73 11.3109
	74 11.3775
	8 11.4547
LINE 4 8 178.286 15
	75 12.8355
	76 12.4421
	77 12.0993
	78 11.8114
	79 11.5825
	80 11.4163
	81 11.3153
	82 11.2815
	83 11.3153
	84 11.4163
	85 11.5825
	86 11.8114
	87 12.0993
	88 12.4421
	8 12.8355
LINE 5 9 102.13 8
	89 13.8824
	90 12.9497
	91 12.2886
	92 11.9444
	93 11.9444
	94 12.2886
	95 12.9497
	9 13.8824
LINE 6 11 142.136 12
	96 12.122
	97 11.9721
	98 11.8508
	99 11.759
	100 11.6974
	101 11.6665
	102 11.6665
	103 11.6974
	104 11.759
	105 11.8508
	106 11.9721
	11 12.122
LINE 7 8 176.674 15
	107 12.2342
	108 12.042
	109 11.877
	110 11.7402
	111 11.6327
	112 11.5553
	113 11.5087
	114 11.4931
	115 11.5087
	116 11.5553
	117 11.6327
	118 11.7402
	119 11.877
	120 12.042
	8 12.2342
LINE 7 13 234.486 20
	121 12.7243
	122 12.4208
	123 12.1446
	124 11.8977
	125 11.6819
	126 11.499
	127 11.3505
	128 11.2379
	129 11.1622
	130 11.1241
	131 11.1241
	132 11.1622
	133 11.2379
	134 11.3505
	135 11.499
	136 11.6819
	137 11.8977
	138 12.1446
	139 12.4208
	13 12.7243
LINE 8 13 185.833 16
	140 12.48
	141 12.1449
	142 11.8502
	143 11.5988
	144 11.3938
	145 11.2375
	146 11.1321
	147 11.0791
	148 11.0791
	149 11.1321
	150 11.2375
	151 11.3938
	152 11.5988
	153 11.8502
	154 12.1449
	13 12.48
LINE 9 10 136.568 12
	155 11.4586
	156 11.4162
	157 11.3822
	158 11.3566
	159 11.3395
	160 11.3309
	161 11.3309
	162 11.3395
	163 11.3566
	164 11.3822
	165 11.4162
	10 11.4586
LINE 9 14 147.396 13
	166 11.8057
	167 11.5758
	168 11.3843
	169 11.233
	170 11.1237
	171 11.0576
	172 11.0355
	173 11.0576
	174 11.1237
	175 11.233
	176 11.3843
	177 11.5758
	14 11.8057
LINE 10 14 221.893 18
	178 14.3086
	179 13.6573
	180 13.0609
	181 12.527
	182 12.0641
	183 11.6806
	184 11.3845
	185 11.1828
	186 11.0805
	187 11.0805
	188 11.1828
	189 11.3845
	190 11.6806
	191 12.0641
	192 12.527
	193 13.0609
	194 13.6573
	14 14.3086
LINE 10 15 120.86 10
	195 12.892
	196 12.367
	197 11.9582
	198 11.6777
	199 11.5349
	200 11.5349
	201 11.6777
	202 11.9582
	203 12.367
	15 12.892
LINE 12 13 224.916 19
	204 12.6018
	205 12.3546
	206 12.1322
	207 11.9362
	208 11.7678
	209 11.6282
	210 11.5184
	211 11.4393
	212 11.3917
	213 11.3757
	214 11.3917
	215 11.4393
	216 11.5184
	217 11.6282
	218 11.7678
	219 11.9362
	220 12.1322
	221 12.3546
	13 12.6018
LINE 14 18 203.314 18
	222 11.3231
	223 11.3133
	224 11.3047
	225 11.2973
	226 11.2912
	227 11.2862
	228 11.2825
	229 11.2801
	230 11.2789
	231 11.2789
	232 11.2801
	233 11.2825
	234 11.2862
	235 11.2912
	236 11.2973
	237 11.3047
	238 11.3133
	18 11.3231
LINE 16 21 269.54 22
	239 13.7856
	240 13.3723
	241 12.9891
	242 12.6387
	243 12.324
	244 12.0477
	245 11.8125
	246 11.6209
	247 11.4751
	248 11.3769
	249 11.3274
	250 11.3274
	251 11.3769
	252 11.4751
	253 11.6209
	254 11.8125
	255 12.0477
	256 12.324
	257 12.6387
	258 12.9891
	259 13.3723
	21 13.7856
LINE 17 21 225.101 20
	260 11.7444
	261 11.593
	262 11.4567
	263 11.3362
	264 11.2318
	265 11.1441
	266 11.0734
	267 11.0201
	268 10.9844
	269 10.9665
	270 10.9665
	271 10.9844
	272 11.0201
	273 11.0734
	274 11.1441
	275 11.2318
	276 11.3362
	277 11.4567
	278 11.593
	21 11.7444
LINE 18 22 150.867 13
	279 11.6204
	280 11.6127
	281 11.6065
	282 11.6017
	283 11.5982
	284 11.5961
	285 11.5954
	286 11.5961
	287 11.5982
	288 11.6017
	289 11.6065
	290 11.6127
	22 11.6204
LINE 19 23 243.346 22
	291 11.1029
	292 11.091
	293 11.0803
	294 11.0708
	295 11.0624
	296 11.0552
	297 11.0492
	298 11.0445
	299 11.0409
	300 11.0385
	301 11.0373
	302 11.0373
	303 11.0385
	304 11.0409
	305 11.0445
	306 11.0492
	307 11.0552
	308 11.0624
	309 11.0708
	310 11.0803
	311 11.091
	23 11.1029
LINE 20 24 245.65 22
	312 11.5073
	313 11.4112
	314 11.324
	315 11.2459
	316 11.1771
	317 11.1179
	318 11.0682
	319 11.0283
	320 10.9983
	321 10.9783
	322 10.9683
	323 10.9683
	324 10.9783
	325 10.9983
	326 11.0283
	327 11.0682
	328 11.1179
	329 11.1771
	330 11.2459
	331 11.324
	332 11.4112
	24 11.5073
LINE 21 25 152.763 14
	333 10.9429
	334 10.9285
	335 10.9165
	336 10.9068
	337 10.8996
	338 10.8947
	339 10.8923
	340 10.8923
	341 10.8947
	342 10.8996
	343 10.9068
	344 10.9165
	345 10.9285
	25 10.9429
LINE 24 25 171.324 15
	346 11.4738
	347 11.4515
	348 11.4326
	349 11.4171
	350 11.405
	351 11.3964
	352 11.3912
	353 11.3895
	354 11.3912
	355 11.3964
	356 11.405
	357 11.4171
	358 11.4326
	359 11.4515
	25 11.4738
COORDENADAS :
1	83.7634	508.804
2	197.348	555.595
3	76.6837	411.472
4	148.393	455.281
5	269.209	408.966
6	571.215	449.319
7	64.3316	317.648
8	175.752	345.834
9	288.85	348.611
10	369.211	306.689
11	561.687	356.505
12	38.397	234.268
13	182.349	227.913
14	243.268	264.531
15	400.437	236.546
16	460.159	231.098
17	562.189	257.366
18	258.121	130.004
19	354.973	166.885
20	456.786	149.821
21	575.65	111.797
22	189.232	56.8383
23	263.776	33.1404
24	398.252	0
25	505.564	38.1585
26	172.509	140.087
27	568.047	307.542
28	346.043	89.7136
29	233.576	591.987
30	0	569.849
31	90.7046	512.111
32	97.6669	515.368
33	104.65	518.573
34	111.655	521.728
35	118.68	524.831
36	125.726	527.883
37	132.794	530.884
38	139.882	533.834
39	146.992	536.733
40	154.123	539.581
41	161.274	542.377
42	168.447	545.123
43	175.641	547.818
44	182.855	550.461
45	190.091	553.054
46	190.44	550.686
47	184.053	545.523
48	178.186	540.105
49	172.84	534.434
50	168.015	528.509
51	163.71	522.329
52	159.925	515.896
53	156.662	509.208
54	153.919	502.266
55	151.696	495.071
56	149.994	487.621
57	148.813	479.917
58	148.152	471.959
59	148.012	463.747
60	83.8554	408.849
61	90.8965	406.028
62	97.8069	403.01
63	104.587	399.796
64	111.236	396.383
65	117.754	392.774
66	124.142	388.968
67	130.399	384.964
68	136.526	380.763
69	142.521	376.365
70	148.387	371.769
71	154.121	366.977
72	159.725	361.987
73	165.198	356.8
74	170.54	351.416
75	154.176	448.974
76	159.394	442.526
77	164.046	435.937
78	168.133	429.206
79	171.654	422.334
80	174.609	415.32
81	176.999	408.165
82	178.823	400.869
83	180.081	393.431
84	180.774	385.851
85	180.901	378.131
86	180.462	370.269
87	179.458	362.265
88	177.888	354.12
89	267.132	399.947
90	266.351	391.349
91	266.864	383.173
92	268.672	375.418
93	271.774	368.084
94	276.171	361.172
95	281.863	354.681
96	572.613	441.359
97	573.613	433.44
98	574.214	425.563
99	574.416	417.726
100	574.22	409.93
101	573.625	402.175
102	572.632	394.461
103	571.24	386.788
104	569.45	379.156
105	567.261	371.565
106	564.673	364.014
107	72.4453	316.817
108	80.4611	316.373
109	88.3789	316.316
110	96.1987	316.646
111	103.921	317.363
112	111.545	318.468
113	119.071	319.96
114	126.499	321.839
115	133.829	324.105
116	141.061	326.759
117	148.195	329.8
118	155.231	333.227
119	162.17	337.043
120	169.01	341.245
121	67.7364	309.878
122	71.4038	302.454
123	75.334	295.376
124	79.527	288.643
125	83.9828	282.255
126	88.7012	276.214
127	93.6825	270.517
128	98.9265	265.167
129	104.433	260.162
130	110.203	255.502
131	116.235	251.188
132	122.53	247.22
133	129.088	243.597
134	135.908	240.32
135	142.992	237.388
136	150.338	234.802
137	157.946	232.561
138	165.818	230.666
139	173.952	229.117
140	179.997	338.679
141	183.731	331.494
142	186.954	324.281
143	189.666	317.04
144	191.866	309.77
145	193.556	302.471
146	194.735	295.144
147	195.403	287.788
148	195.56	280.404
149	195.205	272.991
150	194.34	265.549
151	192.964	258.079
152	191.077	250.581
153	188.679	243.053
154	185.769	235.497
155	296.075	346.13
156	303.204	343.465
157	310.237	340.616
158	317.174	337.583
159	324.014	334.365
160	330.759	330.964
161	337.408	327.378
162	343.961	323.609
163	350.417	319.655
164	356.778	315.517
165	363.042	311.195
166	287.802	340.811
167	286.344	333.233
168	284.476	325.877
169	282.199	318.743
170	279.512	311.831
171	276.416	305.141
172	272.909	298.673
173	268.993	292.427
174	264.668	286.404
175	259.932	280.603
176	254.787	275.023
177	249.232	269.666
178	364.133	298.613
179	358.83	291.213
180	353.3	284.486
181	347.545	278.435
182	341.564	273.057
183	335.358	268.354
184	328.925	264.326
185	322.267	260.972
186	315.383	258.293
187	308.274	256.288
188	300.938	254.958
189	293.377	254.302
190	285.59	254.321
191	277.577	255.014
192	269.338	256.381
193	260.874	258.423
194	252.184	261.14
195	375.862	301.245
196	381.729	295.453
197	386.812	289.311
198	391.11	282.82
199	394.625	275.98
200	397.356	268.792
201	399.302	261.254
202	400.465	253.367
203	400.843	245.131
204	45.814	230.323
205	53.2487	226.778
206	60.7011	223.635
207	68.1713	220.893
208	75.6591	218.552
209	83.1647	216.613
210	90.688	215.075
211	98.229	213.938
212	105.788	213.202
213	113.364	212.867
214	120.958	212.934
215	128.57	213.402
216	136.2	214.271
217	143.847	215.542
218	151.512	217.214
219	159.195	219.287
220	166.895	221.761
221	174.613	224.636
222	244.757	257.131
223	246.167	249.722
224	247.5	242.304
225	248.755	234.878
226	249.931	227.443
227	251.03	219.999
228	252.05	212.547
229	252.993	205.086
230	253.857	197.617
231	254.643	190.139
232	255.351	182.652
233	255.981	175.157
234	256.533	167.653
235	257.007	160.141
236	257.403	152.619
237	257.72	145.09
238	257.96	137.551
239	461.641	222.028
240	463.482	213.305
241	465.681	204.93
242	468.24	196.902
243	471.157	189.221
244	474.433	181.888
245	478.068	174.902
246	482.061	168.263
247	486.414	161.972
248	491.125	156.028
249	496.195	150.432
250	501.624	145.182
251	507.412	140.281
252	513.559	135.726
253	520.064	131.519
254	526.929	127.66
255	534.152	124.147
256	541.734	120.983
257	549.674	118.165
258	557.974	115.695
259	566.632	113.572
260	565.656	250.346
261	568.829	243.299
262	571.708	236.224
263	574.293	229.122
264	576.583	221.993
265	578.58	214.837
266	580.282	207.654
267	581.691	200.444
268	582.805	193.206
269	583.625	185.941
270	584.151	178.649
271	584.383	171.33
272	584.321	163.983
273	583.964	156.61
274	583.314	149.209
275	582.369	141.781
276	581.131	134.326
277	579.598	126.843
278	577.771	119.333
279	252.453	124.724
280	246.846	119.385
281	241.301	113.989
282	235.817	108.535
283	230.395	103.023
284	225.034	97.4524
285	219.735	91.8242
286	214.497	86.1381
287	209.321	80.394
288	204.207	74.592
289	199.154	68.7321
290	194.162	62.8142
291	351.492	160.353
292	347.948	153.863
293	344.341	147.417
294	340.671	141.014
295	336.937	134.654
296	333.14	128.337
297	329.279	122.064
298	325.356	115.833
299	321.369	109.646
300	317.318	103.502
301	313.205	97.4009
302	309.028	91.3432
303	304.788	85.3286
304	300.484	79.3573
305	296.117	73.429
306	291.687	67.544
307	287.193	61.7021
308	282.637	55.9034
309	278.017	50.1479
310	273.333	44.4356
311	268.586	38.7664
312	451.962	143.856
313	447.343	137.811
314	442.931	131.685
315	438.725	125.479
316	434.724	119.192
317	430.93	112.825
318	427.342	106.377
319	423.96	99.8492
320	420.785	93.2405
321	417.815	86.5512
322	415.051	79.7815
323	412.493	72.9312
324	410.142	66.0004
325	407.996	58.9891
326	406.057	51.8972
327	404.324	44.7249
328	402.797	37.472
329	401.475	30.1387
330	400.36	22.7248
331	399.451	15.2304
332	398.749	7.65544
333	571.153	106.052
334	566.577	100.382
335	561.924	94.7871
336	557.192	89.2664
337	552.381	83.8201
338	547.493	78.4485
339	542.526	73.1513
340	537.481	67.9287
341	532.357	62.7807
342	527.155	57.7072
343	521.875	52.7082
344	516.516	47.7838
345	511.079	42.9339
346	405.096	3.41576
347	411.984	6.70696
348	418.917	9.87362
349	425.894	12.9157
350	432.915	15.8333
351	439.981	18.6263
352	447.091	21.2947
353	454.245	23.8386
354	461.443	26.258
355	468.686	28.5528
356	475.973	30.723
357	483.305	32.7687
358	490.68	34.6899
359	498.1	36.4865
