NOMBRE : MTLARP5_5_3_1.dat
VERTICES ORIGINALES : 22
VERTICES TOTALES : 277
DEPOTS : 3
20
21
22
LINEAS ORIGINALES : 17
LINE 1 2 175.277 14
	23 14.365
	24 13.5634
	25 12.8574
	26 12.2633
	27 11.7981
	28 11.4776
	29 11.3139
	30 11.3139
	31 11.4776
	32 11.7981
	33 12.2633
	34 12.8574
	35 13.5634
	2 14.365
LINE 2 6 160.297 13
	36 13.2422
	37 12.7998
	38 12.4261
	39 12.1275
	40 11.9096
	41 11.777
	42 11.7324
	43 11.777
	44 11.9096
	45 12.1275
	46 12.4261
	47 12.7998
	6 13.2422
LINE 3 4 189.32 16
	48 12.7471
	49 12.3934
	50 12.082
	51 11.8162
	52 11.5993
	53 11.4338
	54 11.3222
	55 11.2659
	56 11.2659
	57 11.3222
	58 11.4338
	59 11.5993
	60 11.8162
	61 12.082
	62 12.3934
	4 12.7471
LINE 3 6 239.202 20
	63 12.7187
	64 12.4861
	65 12.2757
	66 12.0886
	67 11.9259
	68 11.7886
	69 11.6775
	70 11.5936
	71 11.5373
	72 11.509
	73 11.509
	74 11.5373
	75 11.5936
	76 11.6775
	77 11.7886
	78 11.9259
	79 12.0886
	80 12.2757
	81 12.4861
	6 12.7187
LINE 5 7 169.816 14
	82 12.9769
	83 12.5971
	84 12.2717
	85 12.005
	86 11.801
	87 11.663
	88 11.5934
	89 11.5934
	90 11.663
	91 11.801
	92 12.005
	93 12.2717
	94 12.5971
	7 12.9769
LINE 6 8 169.4 14
	95 12.9667
	96 12.5785
	97 12.2456
	98 11.9726
	99 11.7637
	100 11.6223
	101 11.551
	102 11.551
	103 11.6223
	104 11.7637
	105 11.9726
	106 12.2456
	107 12.5785
	8 12.9667
LINE 9 10 141.805 12
	108 12.2095
	109 11.9982
	110 11.8265
	111 11.696
	112 11.6083
	113 11.5641
	114 11.5641
	115 11.6083
	116 11.696
	117 11.8265
	118 11.9982
	10 12.2095
LINE 10 11 215.217 18
	119 12.3559
	120 12.2171
	121 12.0943
	122 11.9881
	123 11.8988
	124 11.8269
	125 11.7727
	126 11.7364
	127 11.7183
	128 11.7183
	129 11.7364
	130 11.7727
	131 11.8269
	132 11.8988
	133 11.9881
	134 12.0943
	135 12.2171
	11 12.3559
LINE 10 14 152.12 13
	136 11.9532
	137 11.8285
	138 11.7255
	139 11.6447
	140 11.5867
	141 11.5517
	142 11.54
	143 11.5517
	144 11.5867
	145 11.6447
	146 11.7255
	147 11.8285
	14 11.9532
LINE 12 16 224.332 19
	148 12.2396
	149 12.0978
	150 11.9713
	151 11.8606
	152 11.7661
	153 11.6882
	154 11.6273
	155 11.5836
	156 11.5573
	157 11.5485
	158 11.5573
	159 11.5836
	160 11.6273
	161 11.6882
	162 11.7661
	163 11.8606
	164 11.9713
	165 12.0978
	16 12.2396
LINE 12 17 273.886 22
	166 13.5839
	167 13.2734
	168 12.9877
	169 12.7283
	170 12.4969
	171 12.2951
	172 12.1243
	173 11.986
	174 11.8812
	175 11.8108
	176 11.7754
	177 11.7754
	178 11.8108
	179 11.8812
	180 11.986
	181 12.1243
	182 12.2951
	183 12.4969
	184 12.7283
	185 12.9877
	186 13.2734
	17 13.5839
LINE 13 17 173.242 14
	187 13.2328
	188 12.8479
	189 12.5182
	190 12.248
	191 12.0413
	192 11.9016
	193 11.8311
	194 11.8311
	195 11.9016
	196 12.0413
	197 12.248
	198 12.5182
	199 12.8479
	17 13.2328
LINE 14 17 221.675 19
	200 11.6704
	201 11.6693
	202 11.6683
	203 11.6675
	204 11.6668
	205 11.6662
	206 11.6657
	207 11.6654
	208 11.6652
	209 11.6651
	210 11.6652
	211 11.6654
	212 11.6657
	213 11.6662
	214 11.6668
	215 11.6675
	216 11.6683
	217 11.6693
	17 11.6704
LINE 14 19 193.671 17
	218 11.4376
	219 11.4207
	220 11.406
	221 11.3936
	222 11.3834
	223 11.3754
	224 11.3698
	225 11.3664
	226 11.3652
	227 11.3664
	228 11.3698
	229 11.3754
	230 11.3834
	231 11.3936
	232 11.406
	233 11.4207
	19 11.4376
LINE 15 19 198.066 16
	234 14.0901
	235 13.4453
	236 12.8669
	237 12.3642
	238 11.9469
	239 11.6241
	240 11.4038
	241 11.292
	242 11.292
	243 11.4038
	244 11.6241
	245 11.9469
	246 12.3642
	247 12.8669
	248 13.4453
	19 14.0901
LINE 16 17 196.964 17
	249 11.6117
	250 11.6021
	251 11.5938
	252 11.5867
	253 11.581
	254 11.5765
	255 11.5733
	256 11.5714
	257 11.5707
	258 11.5714
	259 11.5733
	260 11.5765
	261 11.581
	262 11.5867
	263 11.5938
	264 11.6021
	17 11.6117
LINE 17 18 156.491 14
	265 11.1842
	266 11.1813
	267 11.1789
	268 11.1769
	269 11.1755
	270 11.1745
	271 11.1741
	272 11.1741
	273 11.1745
	274 11.1755
	275 11.1769
	276 11.1789
	277 11.1813
	18 11.1842
COORDENADAS :
1	0	448.722
2	102.472	424.035
3	165.992	442.151
4	284.409	422.147
5	418.058	442.2
6	59.1968	332.023
7	378.584	341.54
8	94.2448	230.158
9	176.911	200.699
10	267.374	219.85
11	407.819	226.287
12	120.916	142.698
13	175.806	101.918
14	297.629	124.523
15	356.065	139.073
16	86.9536	0.414441
17	218.088	0
18	314.975	38.5922
19	372.831	19.9487
20	22.5619	516.575
21	35.517	394.684
22	383.932	311.384
23	8.70561	452.713
24	17.198	455.818
25	25.4771	458.038
26	33.5429	459.373
27	41.3954	459.823
28	49.0347	459.388
29	56.4608	458.067
30	63.6736	455.861
31	70.6731	452.77
32	77.4593	448.793
33	84.0323	443.932
34	90.392	438.185
35	96.5385	431.553
36	102.847	415.215
37	102.606	406.686
38	101.746	398.446
39	100.27	390.497
40	98.1757	382.838
41	95.4643	375.47
42	92.1355	368.392
43	88.1892	361.605
44	83.6256	355.108
45	78.4445	348.901
46	72.646	342.985
47	66.2301	337.359
48	174.057	444.83
49	182.033	446.985
50	189.921	448.616
51	197.721	449.723
52	205.431	450.306
53	213.054	450.366
54	220.587	449.901
55	228.033	448.913
56	235.39	447.401
57	242.658	445.365
58	249.838	442.805
59	256.929	439.721
60	263.932	436.113
61	270.846	431.982
62	277.672	427.326
63	163.247	434.129
64	160.229	426.371
65	156.937	418.879
66	153.373	411.651
67	149.535	404.688
68	145.424	397.99
69	141.04	391.556
70	136.383	385.388
71	131.453	379.484
72	126.25	373.845
73	120.773	368.471
74	115.024	363.362
75	109.001	358.518
76	102.706	353.938
77	96.1371	349.624
78	89.2952	345.574
79	82.1802	341.789
80	74.7922	338.269
81	67.131	335.014
82	411.609	436.434
83	405.719	430.448
84	400.386	424.243
85	395.612	417.82
86	391.397	411.177
87	387.74	404.316
88	384.641	397.235
89	382.101	389.935
90	380.118	382.417
91	378.695	374.68
92	377.829	366.723
93	377.522	358.548
94	377.774	350.154
95	57.9752	323.465
96	57.3267	315.105
97	57.2513	306.941
98	57.749	298.975
99	58.8197	291.206
100	60.4636	283.634
101	62.6804	276.26
102	65.4704	269.082
103	68.8335	262.102
104	72.7696	255.319
105	77.2788	248.733
106	82.3611	242.344
107	88.0164	236.153
108	183.906	204.86
109	191.001	208.555
110	198.194	211.783
111	205.485	214.545
112	212.876	216.841
113	220.365	218.67
114	227.953	220.033
115	235.64	220.929
116	243.426	221.359
117	251.31	221.323
118	259.293	220.82
119	275.297	217.594
120	283.205	215.646
121	291.099	214.004
122	298.979	212.671
123	306.845	211.645
124	314.697	210.926
125	322.534	210.515
126	330.358	210.411
127	338.167	210.615
128	345.963	211.126
129	353.744	211.945
130	361.511	213.072
131	369.265	214.505
132	377.004	216.247
133	384.729	218.296
134	392.439	220.652
135	400.136	223.316
136	271.681	213.146
137	275.658	206.336
138	279.305	199.422
139	282.623	192.404
140	285.61	185.28
141	288.267	178.052
142	290.594	170.719
143	292.591	163.281
144	294.259	155.739
145	295.596	148.092
146	296.604	140.34
147	297.281	132.484
148	116.5	135.837
149	112.375	128.906
150	108.543	121.906
151	105.003	114.836
152	101.754	107.696
153	98.7984	100.486
154	96.1345	93.2065
155	93.7627	85.8573
156	91.6831	78.4385
157	89.8956	70.9498
158	88.4002	63.3915
159	87.1969	55.7634
160	86.2858	48.0656
161	85.6668	40.2981
162	85.3399	32.4608
163	85.3051	24.5538
164	85.5625	16.5771
165	86.112	8.53063
166	121.597	133.668
167	122.634	124.88
168	124.027	116.334
169	125.775	108.031
170	127.879	99.9695
171	130.339	92.1507
172	133.155	84.5741
173	136.327	77.2398
174	139.854	70.1478
175	143.737	63.2981
176	147.976	56.6907
177	152.571	50.3255
178	157.521	44.2027
179	162.828	38.3221
180	168.49	32.6838
181	174.508	27.2879
182	180.882	22.1342
183	187.612	17.2228
184	194.697	12.5536
185	202.138	8.1268
186	209.935	3.94226
187	182.487	96.1572
188	188.605	90.1624
189	194.16	83.9339
190	199.151	77.4718
191	203.579	70.776
192	207.444	63.8466
193	210.746	56.6836
194	213.484	49.2868
195	215.659	41.6565
196	217.272	33.7925
197	218.32	25.6948
198	218.806	17.3635
199	218.729	8.79859
200	293.246	118.094
201	288.885	111.652
202	284.547	105.195
203	280.229	98.7249
204	275.934	92.2407
205	271.661	85.7426
206	267.409	79.2305
207	263.179	72.7046
208	258.971	66.1647
209	254.784	59.6108
210	250.62	53.0431
211	246.477	46.4614
212	242.356	39.8659
213	238.257	33.2564
214	234.18	26.6329
215	230.124	19.9956
216	226.09	13.3443
217	222.078	6.67911
218	301.357	117.871
219	305.172	111.282
220	309.075	104.756
221	313.064	98.292
222	317.14	91.8906
223	321.303	85.5517
224	325.552	79.2753
225	329.889	73.0615
226	334.313	66.91
227	338.823	60.8211
228	343.421	54.7947
229	348.105	48.8308
230	352.876	42.9294
231	357.735	37.0905
232	362.68	31.3141
233	367.712	25.6002
234	362.689	132.412
235	368.569	125.647
236	373.706	118.777
237	378.099	111.803
238	381.749	104.724
239	384.656	97.5403
240	386.819	90.252
241	388.238	82.8591
242	388.914	75.3615
243	388.847	67.7593
244	388.036	60.0524
245	386.482	52.241
246	384.184	44.3249
247	381.143	36.3041
248	377.359	28.1787
249	94.6695	1.03939
250	102.385	1.58318
251	110.1	2.04579
252	117.815	2.42725
253	125.53	2.72753
254	133.245	2.94665
255	140.959	3.0846
256	148.673	3.14139
257	156.387	3.11701
258	164.1	3.01147
259	171.814	2.82476
260	179.527	2.55688
261	187.24	2.20784
262	194.952	1.77763
263	202.664	1.26625
264	210.376	0.673708
265	225.126	2.46138
266	232.146	4.96817
267	239.148	7.52038
268	246.132	10.118
269	253.098	12.7611
270	260.045	15.4495
271	266.975	18.1834
272	273.886	20.9627
273	280.78	23.7874
274	287.655	26.6575
275	294.512	29.5731
276	301.351	32.534
277	308.172	35.5404
