NOMBRE : MTLARP6_8_4_1.dat
VERTICES ORIGINALES : 43
VERTICES TOTALES : 492
DEPOTS : 4
40
41
42
43
LINEAS ORIGINALES : 30
LINE 1 7 265.028 25
	44 11.253
	45 11.0949
	46 10.9485
	47 10.8144
	48 10.6929
	49 10.5846
	50 10.4898
	51 10.409
	52 10.3423
	53 10.2902
	54 10.2528
	55 10.2303
	56 10.2228
	57 10.2303
	58 10.2528
	59 10.2902
	60 10.3423
	61 10.409
	62 10.4898
	63 10.5846
	64 10.6929
	65 10.8144
	66 10.9485
	67 11.0949
	7 11.253
LINE 2 3 221.925 22
	68 10.1692
	69 10.146
	70 10.125
	71 10.1063
	72 10.0899
	73 10.0759
	74 10.0642
	75 10.0548
	76 10.0477
	77 10.043
	78 10.0407
	79 10.0407
	80 10.043
	81 10.0477
	82 10.0548
	83 10.0642
	84 10.0759
	85 10.0899
	86 10.1063
	87 10.125
	88 10.146
	3 10.1692
LINE 2 9 214.81 21
	89 10.2376
	90 10.235
	91 10.2327
	92 10.2307
	93 10.229
	94 10.2275
	95 10.2263
	96 10.2253
	97 10.2247
	98 10.2242
	99 10.2241
	100 10.2242
	101 10.2247
	102 10.2253
	103 10.2263
	104 10.2275
	105 10.229
	106 10.2307
	107 10.2327
	108 10.235
	9 10.2376
LINE 4 12 196.255 19
	109 10.4637
	110 10.4192
	111 10.3797
	112 10.3453
	113 10.3162
	114 10.2923
	115 10.2736
	116 10.2603
	117 10.2523
	118 10.2496
	119 10.2523
	120 10.2603
	121 10.2736
	122 10.2923
	123 10.3162
	124 10.3453
	125 10.3797
	126 10.4192
	12 10.4637
LINE 5 12 166.74 15
	127 11.9795
	128 11.6215
	129 11.3098
	130 11.0482
	131 10.8403
	132 10.6894
	133 10.5978
	134 10.5671
	135 10.5978
	136 10.6894
	137 10.8403
	138 11.0482
	139 11.3098
	140 11.6215
	12 11.9795
LINE 6 13 126.267 12
	141 10.8467
	142 10.6718
	143 10.5298
	144 10.4221
	145 10.3497
	146 10.3132
	147 10.3132
	148 10.3497
	149 10.4221
	150 10.5298
	151 10.6718
	13 10.8467
LINE 7 14 102.702 10
	152 10.3676
	153 10.3029
	154 10.2541
	155 10.2215
	156 10.2051
	157 10.2051
	158 10.2215
	159 10.2541
	160 10.3029
	14 10.3676
LINE 8 15 145.261 14
	161 10.8014
	162 10.6083
	163 10.4447
	164 10.3119
	165 10.2112
	166 10.1435
	167 10.1094
	168 10.1094
	169 10.1435
	170 10.2112
	171 10.3119
	172 10.4447
	173 10.6083
	15 10.8014
LINE 9 10 180.782 17
	174 11.6895
	175 11.3108
	176 10.972
	177 10.677
	178 10.4293
	179 10.2326
	180 10.0898
	181 10.0031
	182 9.974
	183 10.0031
	184 10.0898
	185 10.2326
	186 10.4293
	187 10.677
	188 10.972
	189 11.3108
	10 11.6895
LINE 9 16 96.4775 9
	190 11.323
	191 10.8787
	192 10.5499
	193 10.3476
	194 10.2792
	195 10.3476
	196 10.5499
	197 10.8787
	16 11.323
LINE 9 17 192.287 18
	198 10.9756
	199 10.8735
	200 10.7833
	201 10.7055
	202 10.6402
	203 10.5876
	204 10.548
	205 10.5216
	206 10.5083
	207 10.5083
	208 10.5216
	209 10.548
	210 10.5876
	211 10.6402
	212 10.7055
	213 10.7833
	214 10.8735
	17 10.9756
LINE 11 19 265.082 26
	215 10.3636
	216 10.3236
	217 10.2867
	218 10.2532
	219 10.2228
	220 10.1958
	221 10.1721
	222 10.1518
	223 10.1348
	224 10.1211
	225 10.1109
	226 10.1041
	227 10.1007
	228 10.1007
	229 10.1041
	230 10.1109
	231 10.1211
	232 10.1348
	233 10.1518
	234 10.1721
	235 10.1958
	236 10.2228
	237 10.2532
	238 10.2867
	239 10.3236
	19 10.3636
LINE 13 20 185.579 17
	240 12.0627
	241 11.6524
	242 11.2846
	243 10.9639
	244 10.6943
	245 10.4798
	246 10.3239
	247 10.2292
	248 10.1974
	249 10.2292
	250 10.3239
	251 10.4798
	252 10.6943
	253 10.9639
	254 11.2846
	255 11.6524
	20 12.0627
LINE 16 17 130.704 13
	256 10.1436
	257 10.0991
	258 10.0625
	259 10.0339
	260 10.0135
	261 10.0012
	262 9.99707
	263 10.0012
	264 10.0135
	265 10.0339
	266 10.0625
	267 10.0991
	17 10.1436
LINE 16 22 190.745 18
	268 10.8684
	269 10.7737
	270 10.6902
	271 10.6181
	272 10.5576
	273 10.509
	274 10.4723
	275 10.4479
	276 10.4356
	277 10.4356
	278 10.4479
	279 10.4723
	280 10.509
	281 10.5576
	282 10.6181
	283 10.6902
	284 10.7737
	22 10.8684
LINE 18 25 251.276 23
	285 11.9078
	286 11.6511
	287 11.4138
	288 11.1972
	289 11.0026
	290 10.8311
	291 10.6838
	292 10.5618
	293 10.4659
	294 10.3968
	295 10.3552
	296 10.3413
	297 10.3552
	298 10.3968
	299 10.4659
	300 10.5618
	301 10.6838
	302 10.8311
	303 11.0026
	304 11.1972
	305 11.4138
	306 11.6511
	25 11.9078
LINE 19 26 264.6 24
	307 12.0041
	308 11.7594
	309 11.5324
	310 11.3242
	311 11.1359
	312 10.9685
	313 10.823
	314 10.7002
	315 10.6009
	316 10.5258
	317 10.4755
	318 10.4502
	319 10.4502
	320 10.4755
	321 10.5258
	322 10.6009
	323 10.7002
	324 10.823
	325 10.9685
	326 11.1359
	327 11.3242
	328 11.5324
	329 11.7594
	26 12.0041
LINE 20 27 140.741 14
	330 10.1639
	331 10.1129
	332 10.0702
	333 10.0359
	334 10.0101
	335 9.9929
	336 9.98427
	337 9.98427
	338 9.9929
	339 10.0101
	340 10.0359
	341 10.0702
	342 10.1129
	27 10.1639
LINE 21 27 224.265 20
	343 12.6862
	344 12.2482
	345 11.8453
	346 11.4811
	347 11.1595
	348 10.8843
	349 10.659
	350 10.4868
	351 10.3704
	352 10.3118
	353 10.3118
	354 10.3704
	355 10.4868
	356 10.659
	357 10.8843
	358 11.1595
	359 11.4811
	360 11.8453
	361 12.2482
	27 12.6862
LINE 22 23 238.649 21
	362 12.9343
	363 12.4924
	364 12.0833
	365 11.7104
	366 11.3774
	367 11.0879
	368 10.8452
	369 10.6526
	370 10.5129
	371 10.4282
	372 10.3998
	373 10.4282
	374 10.5129
	375 10.6526
	376 10.8452
	377 11.0879
	378 11.3774
	379 11.7104
	380 12.0833
	381 12.4924
	23 12.9343
LINE 23 24 143.611 14
	382 10.2926
	383 10.2766
	384 10.2633
	385 10.2526
	386 10.2446
	387 10.2392
	388 10.2366
	389 10.2366
	390 10.2392
	391 10.2446
	392 10.2526
	393 10.2633
	394 10.2766
	24 10.2926
LINE 24 30 171.695 16
	395 11.4797
	396 11.1892
	397 10.9341
	398 10.7168
	399 10.5398
	400 10.405
	401 10.3142
	402 10.2685
	403 10.2685
	404 10.3142
	405 10.405
	406 10.5398
	407 10.7168
	408 10.9341
	409 11.1892
	30 11.4797
LINE 24 31 66.8519 6
	410 11.9091
	411 11.0003
	412 10.5165
	413 10.5165
	414 11.0003
	31 11.9091
LINE 25 32 142.403 13
	415 11.4321
	416 11.1973
	417 11.0014
	418 10.8467
	419 10.7348
	420 10.667
	421 10.6444
	422 10.667
	423 10.7348
	424 10.8467
	425 11.0014
	426 11.1973
	32 11.4321
LINE 27 33 76.0759 7
	427 11.0608
	428 10.8688
	429 10.752
	430 10.7128
	431 10.752
	432 10.8688
	33 11.0608
LINE 28 34 111.025 10
	433 12.3682
	434 11.5574
	435 10.9099
	436 10.4559
	437 10.2213
	438 10.2213
	439 10.4559
	440 10.9099
	441 11.5574
	34 12.3682
LINE 29 35 120.481 11
	442 11.6116
	443 11.225
	444 10.915
	445 10.688
	446 10.5494
	447 10.5028
	448 10.5494
	449 10.688
	450 10.915
	451 11.225
	35 11.6116
LINE 31 32 115.067 11
	452 10.4784
	453 10.4678
	454 10.4595
	455 10.4536
	456 10.45
	457 10.4488
	458 10.45
	459 10.4536
	460 10.4595
	461 10.4678
	32 10.4784
LINE 36 37 245.529 24
	462 10.5306
	463 10.4534
	464 10.3827
	465 10.3187
	466 10.2615
	467 10.2111
	468 10.1678
	469 10.1315
	470 10.1024
	471 10.0805
	472 10.0659
	473 10.0586
	474 10.0586
	475 10.0659
	476 10.0805
	477 10.1024
	478 10.1315
	479 10.1678
	480 10.2111
	481 10.2615
	482 10.3187
	483 10.3827
	484 10.4534
	37 10.5306
LINE 38 39 94.4414 9
	485 10.4935
	486 10.4935
	487 10.4935
	488 10.4935
	489 10.4935
	490 10.4935
	491 10.4935
	492 10.4935
	39 10.4935
COORDENADAS :
1	239.259	539.133
2	301.235	552.716
3	446.276	527.26
4	622.579	561.735
5	689.438	569.048
6	27.5967	402.959
7	124.708	413.008
8	246.529	443.297
9	333.548	413.273
10	446.467	408.056
11	495.21	451.442
12	709.5	465.299
13	7.54112	322.966
14	97.3339	350.74
15	245.939	348.984
16	329.532	351.729
17	405.206	309.537
18	487.629	303.694
19	643.952	359.108
20	2.25593	207.516
21	126.24	200.421
22	295.48	231.24
23	440.171	247.454
24	525.557	204.596
25	618.086	213.56
26	736.251	219.748
27	18.0837	115.694
28	227.966	136.704
29	331.523	110.637
30	422.805	166.837
31	536.219	164.16
32	600.812	122.94
33	0	69.0862
34	219.536	69.2848
35	294.341	43.1857
36	394.123	30.0646
37	552.722	2.81399
38	650.139	19.7249
39	703.427	53.2583
40	583.864	609.868
41	621.194	469.441
42	162.562	600.823
43	550.489	349.173
44	236.998	531.98
45	234.544	525.002
46	231.896	518.2
47	229.055	511.574
48	226.021	505.124
49	222.793	498.849
50	219.371	492.75
51	215.757	486.826
52	211.948	481.079
53	207.947	475.507
54	203.752	470.11
55	199.363	464.89
56	194.781	459.845
57	190.006	454.975
58	185.037	450.282
59	179.874	445.764
60	174.519	441.421
61	168.969	437.255
62	163.227	433.264
63	157.291	429.449
64	151.161	425.809
65	144.838	422.346
66	138.322	419.058
67	131.612	415.945
68	308.014	552.618
69	314.775	552.42
70	321.518	552.121
71	328.244	551.721
72	334.952	551.22
73	341.642	550.618
74	348.314	549.915
75	354.969	549.111
76	361.606	548.206
77	368.226	547.201
78	374.827	546.094
79	381.411	544.886
80	387.977	543.578
81	394.526	542.168
82	401.057	540.658
83	407.57	539.047
84	414.065	537.335
85	420.543	535.521
86	427.003	533.607
87	433.445	531.592
88	439.87	529.476
89	302.433	545.997
90	303.664	539.285
91	304.93	532.582
92	306.23	525.887
93	307.565	519.199
94	308.933	512.519
95	310.335	505.848
96	311.772	499.184
97	313.242	492.528
98	314.747	485.88
99	316.286	479.24
100	317.859	472.608
101	319.465	465.983
102	321.106	459.367
103	322.782	452.758
104	324.491	446.158
105	326.234	439.565
106	328.012	432.98
107	329.823	426.403
108	331.669	419.834
109	628.196	557.6
110	633.698	553.359
111	639.084	549.015
112	644.354	544.566
113	649.508	540.013
114	654.547	535.355
115	659.469	530.593
116	664.276	525.726
117	668.966	520.755
118	673.541	515.679
119	678	510.499
120	682.343	505.214
121	686.57	499.826
122	690.682	494.332
123	694.677	488.734
124	698.557	483.032
125	702.32	477.225
126	705.968	471.314
127	694.469	562.845
128	698.973	556.541
129	702.948	550.134
130	706.396	543.626
131	709.317	537.015
132	711.71	530.303
133	713.575	523.488
134	714.912	516.572
135	715.722	509.553
136	716.004	502.432
137	715.759	495.21
138	714.986	487.885
139	713.685	480.458
140	711.856	472.929
141	23.7438	396.84
142	20.2876	390.621
143	17.2281	384.303
144	14.5651	377.886
145	12.2989	371.369
146	10.4293	364.752
147	8.95629	358.037
148	7.87996	351.221
149	7.20028	344.307
150	6.91725	337.292
151	7.03086	330.179
152	123.094	406.288
153	121.229	399.677
154	119.116	393.176
155	116.753	386.785
156	114.14	380.503
157	111.278	374.331
158	108.166	368.269
159	104.805	362.316
160	101.194	356.473
161	243.943	436.576
162	241.749	429.853
163	239.946	423.127
164	238.534	416.399
165	237.514	409.669
166	236.885	402.936
167	236.647	396.2
168	236.801	389.462
169	237.345	382.722
170	238.281	375.979
171	239.609	369.234
172	241.328	362.486
173	243.438	355.736
174	340.378	417.026
175	347.185	420.272
176	353.967	423.01
177	360.727	425.24
178	367.463	426.963
179	374.176	428.179
180	380.865	428.887
181	387.53	429.087
182	394.173	428.78
183	400.791	427.966
184	407.387	426.644
185	413.959	424.815
186	420.507	422.478
187	427.032	419.634
188	433.534	416.282
189	440.012	412.423
190	336.261	406.229
191	338.184	399.236
192	339.317	392.295
193	339.661	385.405
194	339.214	378.567
195	337.978	371.78
196	335.953	365.045
197	333.137	358.361
198	339.27	408.713
199	344.787	404.011
200	350.1	399.167
201	355.207	394.182
202	360.11	389.056
203	364.808	383.788
204	369.301	378.378
205	373.589	372.828
206	377.672	367.135
207	381.551	361.301
208	385.225	355.326
209	388.694	349.209
210	391.958	342.951
211	395.017	336.551
212	397.872	330.01
213	400.521	323.327
214	402.966	316.503
215	500.115	446.576
216	505.085	441.815
217	510.12	437.16
218	515.221	432.609
219	520.387	428.164
220	525.618	423.823
221	530.914	419.588
222	536.276	415.459
223	541.703	411.434
224	547.195	407.514
225	552.753	403.7
226	558.376	399.991
227	564.064	396.387
228	569.817	392.888
229	575.636	389.495
230	581.52	386.206
231	587.47	383.023
232	593.484	379.945
233	599.564	376.972
234	605.709	374.105
235	611.92	371.342
236	618.196	368.685
237	624.537	366.133
238	630.943	363.686
239	637.415	361.344
240	11.5216	315.978
241	14.9656	309.015
242	17.8732	302.077
243	20.2444	295.163
244	22.0792	288.273
245	23.3776	281.408
246	24.1395	274.568
247	24.365	267.752
248	24.0541	260.961
249	23.2068	254.195
250	21.8231	247.453
251	19.9029	240.735
252	17.4464	234.042
253	14.4534	227.374
254	10.924	220.73
255	6.85817	214.111
256	335.911	349.484
257	342.197	347.072
258	348.39	344.493
259	354.49	341.748
260	360.497	338.836
261	366.411	335.757
262	372.232	332.512
263	377.96	329.099
264	383.595	325.52
265	389.137	321.775
266	394.587	317.862
267	399.943	313.783
268	325.689	345.586
269	322.075	339.379
270	318.691	333.107
271	315.537	326.77
272	312.612	320.368
273	309.917	313.901
274	307.451	307.37
275	305.215	300.773
276	303.208	294.112
277	301.431	287.386
278	299.884	280.594
279	298.566	273.738
280	297.478	266.817
281	296.619	259.832
282	295.99	252.781
283	295.59	245.665
284	295.42	238.485
285	491.063	296.537
286	494.702	289.674
287	498.543	283.106
288	502.588	276.832
289	506.837	270.853
290	511.288	265.168
291	515.943	259.777
292	520.802	254.68
293	525.864	249.878
294	531.129	245.371
295	536.598	241.158
296	542.27	237.239
297	548.145	233.614
298	554.224	230.284
299	560.506	227.248
300	566.992	224.507
301	573.681	222.06
302	580.573	219.907
303	587.669	218.049
304	594.968	216.485
305	602.471	215.215
306	610.177	214.24
307	651.084	355.477
308	657.93	351.658
309	664.491	347.649
310	670.766	343.452
311	676.755	339.064
312	682.458	334.488
313	687.875	329.722
314	693.007	324.767
315	697.853	319.623
316	702.413	314.29
317	706.688	308.767
318	710.676	303.055
319	714.379	297.154
320	717.796	291.063
321	720.928	284.783
322	723.773	278.314
323	726.333	271.656
324	728.607	264.808
325	730.596	257.772
326	732.298	250.545
327	733.715	243.13
328	734.846	235.525
329	735.691	227.732
330	4.6401	201.173
331	6.83141	194.797
332	8.82986	188.388
333	10.6354	181.946
334	12.2482	175.47
335	13.668	168.961
336	14.895	162.419
337	15.9291	155.844
338	16.7704	149.235
339	17.4188	142.594
340	17.8743	135.918
341	18.137	129.21
342	18.2068	122.469
343	123.875	192.301
344	121.189	184.59
345	118.183	177.288
346	114.857	170.394
347	111.21	163.91
348	107.243	157.834
349	102.956	152.166
350	98.3493	146.908
351	93.4218	142.058
352	88.1741	137.618
353	82.6062	133.586
354	76.718	129.963
355	70.5096	126.748
356	63.9809	123.943
357	57.132	121.546
358	49.9628	119.558
359	42.4734	117.979
360	34.6638	116.808
361	26.5339	116.047
362	301.799	237.107
363	308.175	242.464
364	314.608	247.312
365	321.099	251.651
366	327.646	255.48
367	334.251	258.8
368	340.912	261.61
369	347.631	263.91
370	354.407	265.701
371	361.24	266.983
372	368.13	267.755
373	375.077	268.018
374	382.081	267.771
375	389.143	267.014
376	396.261	265.749
377	403.437	263.973
378	410.669	261.688
379	417.959	258.894
380	425.306	255.59
381	432.71	251.777
382	446.592	245.034
383	452.963	242.515
384	459.285	239.897
385	465.557	237.181
386	471.78	234.367
387	477.953	231.453
388	484.077	228.441
389	490.151	225.331
390	496.176	222.121
391	502.151	218.813
392	508.076	215.407
393	513.953	211.902
394	519.779	208.298
395	520.317	199.017
396	514.92	193.867
397	509.366	189.147
398	503.654	184.856
399	497.784	180.994
400	491.756	177.561
401	485.571	174.557
402	479.227	171.983
403	472.727	169.838
404	466.068	168.121
405	459.252	166.834
406	452.278	165.976
407	445.146	165.548
408	437.857	165.548
409	430.41	165.978
410	531.01	198.826
411	534.993	192.668
412	537.506	186.123
413	538.547	179.19
414	538.118	171.869
415	614.026	207.109
416	610.422	200.572
417	607.272	193.949
418	604.578	187.238
419	602.339	180.441
420	600.555	173.557
421	599.226	166.586
422	598.353	159.529
423	597.934	152.385
424	597.971	145.154
425	598.463	137.836
426	599.41	130.431
427	17.2113	108.372
428	15.7685	101.271
429	13.7554	94.3914
430	11.172	87.7332
431	8.01831	81.2962
432	4.29431	75.0805
433	231.759	129.383
434	234.521	122.19
435	236.253	115.126
436	236.956	108.191
437	236.628	101.385
438	235.27	94.707
439	232.881	88.1582
440	229.463	81.7383
441	225.015	75.4472
442	325.252	106.099
443	319.559	101.242
444	314.444	96.0659
445	309.908	90.5714
446	305.949	84.7582
447	302.569	78.6263
448	299.767	72.1756
449	297.543	65.4062
450	295.898	58.3181
451	294.83	50.9113
452	541.808	159.97
453	547.455	155.869
454	553.157	151.856
455	558.916	147.932
456	564.732	144.096
457	570.604	140.349
458	576.533	136.69
459	582.518	133.12
460	588.559	129.638
461	594.657	126.245
462	400.379	26.879
463	406.666	23.8717
464	412.983	21.0427
465	419.331	18.392
466	425.709	15.9195
467	432.119	13.6253
468	438.558	11.5094
469	445.029	9.5717
470	451.53	7.81231
471	458.062	6.23119
472	464.624	4.82834
473	471.217	3.60377
474	477.841	2.55746
475	484.495	1.68943
476	491.18	0.999664
477	497.895	0.488171
478	504.641	0.15495
479	511.418	0
480	518.225	0.0233209
481	525.063	0.224913
482	531.932	0.604776
483	538.831	1.16291
484	545.761	1.89932
485	656.053	23.461
486	661.969	27.1946
487	667.887	30.9256
488	673.806	34.6541
489	679.727	38.38
490	685.65	42.1034
491	691.574	45.8242
492	697.499	49.5426
