NOMBRE : MTLARP7_10_3_2.dat
VERTICES ORIGINALES : 65
VERTICES TOTALES : 1067
DEPOTS : 3
63
64
65
LINEAS ORIGINALES : 67
LINE 1 9 204.626 19
	66 11.0886
	67 10.9838
	68 10.8905
	69 10.8089
	70 10.7395
	71 10.6823
	72 10.6376
	73 10.6056
	74 10.5864
	75 10.5799
	76 10.5864
	77 10.6056
	78 10.6376
	79 10.6823
	80 10.7395
	81 10.8089
	82 10.8905
	83 10.9838
	9 11.0886
LINE 2 10 193.024 18
	84 11.4728
	85 11.2166
	86 10.9875
	87 10.7873
	88 10.6176
	89 10.4799
	90 10.3754
	91 10.3051
	92 10.2698
	93 10.2698
	94 10.3051
	95 10.3754
	96 10.4799
	97 10.6176
	98 10.7873
	99 10.9875
	100 11.2166
	10 11.4728
LINE 3 10 294.313 28
	101 10.6621
	102 10.6288
	103 10.598
	104 10.5696
	105 10.5438
	106 10.5205
	107 10.4998
	108 10.4816
	109 10.466
	110 10.4529
	111 10.4425
	112 10.4346
	113 10.4294
	114 10.4268
	115 10.4268
	116 10.4294
	117 10.4346
	118 10.4425
	119 10.4529
	120 10.466
	121 10.4816
	122 10.4998
	123 10.5205
	124 10.5438
	125 10.5696
	126 10.598
	127 10.6288
	10 10.6621
LINE 3 11 177.096 16
	128 11.5869
	129 11.3838
	130 11.2068
	131 11.057
	132 10.9358
	133 10.844
	134 10.7823
	135 10.7514
	136 10.7514
	137 10.7823
	138 10.844
	139 10.9358
	140 11.057
	141 11.2068
	142 11.3838
	11 11.5869
LINE 3 12 192.478 17
	143 12.2123
	144 11.89
	145 11.6034
	146 11.3553
	147 11.1482
	148 10.9845
	149 10.866
	150 10.7942
	151 10.7702
	152 10.7942
	153 10.866
	154 10.9845
	155 11.1482
	156 11.3553
	157 11.6034
	158 11.89
	12 12.2123
LINE 4 5 104.632 9
	159 12.4289
	160 11.8398
	161 11.4004
	162 11.1285
	163 11.0363
	164 11.1285
	165 11.4004
	166 11.8398
	5 12.4289
LINE 4 12 123.903 12
	167 10.4217
	168 10.3693
	169 10.3271
	170 10.2954
	171 10.2742
	172 10.2636
	173 10.2636
	174 10.2742
	175 10.2954
	176 10.3271
	177 10.3693
	12 10.4217
LINE 6 7 170.844 15
	178 12.1757
	179 11.8486
	180 11.5646
	181 11.327
	182 11.1386
	183 11.0021
	184 10.9194
	185 10.8917
	186 10.9194
	187 11.0021
	188 11.1386
	189 11.327
	190 11.5646
	191 11.8486
	7 12.1757
LINE 8 16 139.18 13
	192 10.7251
	193 10.7156
	194 10.7079
	195 10.7018
	196 10.6975
	197 10.6949
	198 10.6941
	199 10.6949
	200 10.6975
	201 10.7018
	202 10.7079
	203 10.7156
	16 10.7251
LINE 10 11 155.927 15
	204 10.6983
	205 10.57
	206 10.4602
	207 10.3695
	208 10.2984
	209 10.2473
	210 10.2165
	211 10.2062
	212 10.2165
	213 10.2473
	214 10.2984
	215 10.3695
	216 10.4602
	217 10.57
	11 10.6983
LINE 10 19 121.299 11
	218 11.12
	219 11.0645
	220 11.0211
	221 10.99
	222 10.9713
	223 10.965
	224 10.9713
	225 10.99
	226 11.0211
	227 11.0645
	19 11.12
LINE 10 20 260.102 23
	228 12.3043
	229 12.044
	230 11.8035
	231 11.5841
	232 11.387
	233 11.2134
	234 11.0644
	235 10.941
	236 10.844
	237 10.7742
	238 10.7321
	239 10.718
	240 10.7321
	241 10.7742
	242 10.844
	243 10.941
	244 11.0644
	245 11.2134
	246 11.387
	247 11.5841
	248 11.8035
	249 12.044
	20 12.3043
LINE 11 12 170.408 16
	250 11.1963
	251 10.9828
	252 10.7965
	253 10.6388
	254 10.5108
	255 10.4139
	256 10.3487
	257 10.316
	258 10.316
	259 10.3487
	260 10.4139
	261 10.5108
	262 10.6388
	263 10.7965
	264 10.9828
	12 11.1963
LINE 12 13 124.24 12
	265 10.3631
	266 10.3578
	267 10.3535
	268 10.3504
	269 10.3482
	270 10.3472
	271 10.3472
	272 10.3482
	273 10.3504
	274 10.3535
	275 10.3578
	13 10.3631
LINE 12 21 177.706 17
	276 10.46
	277 10.4575
	278 10.4553
	279 10.4535
	280 10.452
	281 10.4508
	282 10.45
	283 10.4495
	284 10.4493
	285 10.4495
	286 10.45
	287 10.4508
	288 10.452
	289 10.4535
	290 10.4553
	291 10.4575
	21 10.46
LINE 13 14 206.578 19
	292 11.0542
	293 10.9941
	294 10.9408
	295 10.8944
	296 10.855
	297 10.8227
	298 10.7974
	299 10.7794
	300 10.7685
	301 10.7649
	302 10.7685
	303 10.7794
	304 10.7974
	305 10.8227
	306 10.855
	307 10.8944
	308 10.9408
	309 10.9941
	14 11.0542
LINE 13 22 201.726 19
	310 10.7288
	311 10.6918
	312 10.659
	313 10.6305
	314 10.6063
	315 10.5865
	316 10.571
	317 10.56
	318 10.5534
	319 10.5512
	320 10.5534
	321 10.56
	322 10.571
	323 10.5865
	324 10.6063
	325 10.6305
	326 10.659
	327 10.6918
	22 10.7288
LINE 14 15 110.131 10
	328 11.0573
	329 11.0279
	330 11.0058
	331 10.9911
	332 10.9837
	333 10.9837
	334 10.9911
	335 11.0058
	336 11.0279
	15 11.0573
LINE 14 23 171.148 15
	337 12.4195
	338 12.0028
	339 11.6386
	340 11.3319
	341 11.0875
	342 10.9096
	343 10.8015
	344 10.7652
	345 10.8015
	346 10.9096
	347 11.0875
	348 11.3319
	349 11.6386
	350 12.0028
	23 12.4195
LINE 17 26 85.0419 8
	351 11.0299
	352 10.691
	353 10.459
	354 10.341
	355 10.341
	356 10.459
	357 10.691
	26 11.0299
LINE 18 19 157.189 15
	358 10.6569
	359 10.5813
	360 10.517
	361 10.464
	362 10.4226
	363 10.393
	364 10.3752
	365 10.3692
	366 10.3752
	367 10.393
	368 10.4226
	369 10.464
	370 10.517
	371 10.5813
	19 10.6569
LINE 19 29 224.63 21
	372 11.0799
	373 10.9669
	374 10.8647
	375 10.7738
	376 10.6944
	377 10.6268
	378 10.5711
	379 10.5276
	380 10.4964
	381 10.4776
	382 10.4714
	383 10.4776
	384 10.4964
	385 10.5276
	386 10.5711
	387 10.6268
	388 10.6944
	389 10.7738
	390 10.8647
	391 10.9669
	29 11.0799
LINE 20 30 113.235 11
	392 10.3484
	393 10.3159
	394 10.2905
	395 10.2723
	396 10.2614
	397 10.2578
	398 10.2614
	399 10.2723
	400 10.2905
	401 10.3159
	30 10.3484
LINE 23 24 92.2824 9
	402 10.3902
	403 10.2882
	404 10.2147
	405 10.1704
	406 10.1555
	407 10.1704
	408 10.2147
	409 10.2882
	24 10.3902
LINE 23 33 215.578 20
	410 10.7994
	411 10.793
	412 10.7872
	413 10.7822
	414 10.7778
	415 10.7742
	416 10.7713
	417 10.7692
	418 10.7677
	419 10.767
	420 10.767
	421 10.7677
	422 10.7692
	423 10.7713
	424 10.7742
	425 10.7778
	426 10.7822
	427 10.7872
	428 10.793
	33 10.7994
LINE 24 25 194.364 18
	429 10.8084
	430 10.8048
	431 10.8015
	432 10.7988
	433 10.7965
	434 10.7946
	435 10.7932
	436 10.7923
	437 10.7919
	438 10.7919
	439 10.7923
	440 10.7932
	441 10.7946
	442 10.7965
	443 10.7988
	444 10.8015
	445 10.8048
	25 10.8084
LINE 26 27 98.7516 9
	446 11.2055
	447 11.0319
	448 10.9062
	449 10.83
	450 10.8046
	451 10.83
	452 10.9062
	453 11.0319
	27 11.2055
LINE 26 35 202.541 19
	454 10.6603
	455 10.6602
	456 10.6602
	457 10.6601
	458 10.6601
	459 10.66
	460 10.66
	461 10.66
	462 10.6599
	463 10.6599
	464 10.6599
	465 10.66
	466 10.66
	467 10.66
	468 10.6601
	469 10.6601
	470 10.6602
	471 10.6602
	35 10.6603
LINE 27 36 173.568 16
	472 10.9886
	473 10.9327
	474 10.8845
	475 10.8442
	476 10.8119
	477 10.7876
	478 10.7713
	479 10.7632
	480 10.7632
	481 10.7713
	482 10.7876
	483 10.8119
	484 10.8442
	485 10.8845
	486 10.9327
	36 10.9886
LINE 28 29 173.02 16
	487 10.8813
	488 10.8544
	489 10.8312
	490 10.8119
	491 10.7964
	492 10.7848
	493 10.777
	494 10.7731
	495 10.7731
	496 10.777
	497 10.7848
	498 10.7964
	499 10.8119
	500 10.8312
	501 10.8544
	29 10.8813
LINE 29 30 172.5 16
	502 11.1413
	503 10.9994
	504 10.8763
	505 10.7726
	506 10.6889
	507 10.6258
	508 10.5834
	509 10.5622
	510 10.5622
	511 10.5834
	512 10.6258
	513 10.6889
	514 10.7726
	515 10.8763
	516 10.9994
	30 11.1413
LINE 30 40 300.312 27
	517 12.1517
	518 11.9248
	519 11.7121
	520 11.5145
	521 11.3328
	522 11.1677
	523 11.02
	524 10.8903
	525 10.7794
	526 10.6878
	527 10.616
	528 10.5644
	529 10.5333
	530 10.5229
	531 10.5333
	532 10.5644
	533 10.616
	534 10.6878
	535 10.7794
	536 10.8903
	537 11.02
	538 11.1677
	539 11.3328
	540 11.5145
	541 11.7121
	542 11.9248
	40 12.1517
LINE 31 32 227.499 21
	543 10.9125
	544 10.8888
	545 10.8676
	546 10.8488
	547 10.8325
	548 10.8187
	549 10.8074
	550 10.7986
	551 10.7923
	552 10.7886
	553 10.7873
	554 10.7886
	555 10.7923
	556 10.7986
	557 10.8074
	558 10.8187
	559 10.8325
	560 10.8488
	561 10.8676
	562 10.8888
	32 10.9125
LINE 31 40 217.5 21
	563 10.3974
	564 10.3853
	565 10.3746
	566 10.365
	567 10.3568
	568 10.3498
	569 10.344
	570 10.3396
	571 10.3364
	572 10.3345
	573 10.3338
	574 10.3345
	575 10.3364
	576 10.3396
	577 10.344
	578 10.3498
	579 10.3568
	580 10.365
	581 10.3746
	582 10.3853
	40 10.3974
LINE 32 41 180.489 17
	583 10.6172
	584 10.6171
	585 10.6171
	586 10.617
	587 10.617
	588 10.617
	589 10.6169
	590 10.6169
	591 10.6169
	592 10.6169
	593 10.6169
	594 10.617
	595 10.617
	596 10.617
	597 10.6171
	598 10.6171
	41 10.6172
LINE 33 42 115.058 11
	599 10.4693
	600 10.4636
	601 10.4592
	602 10.4561
	603 10.4542
	604 10.4536
	605 10.4542
	606 10.4561
	607 10.4592
	608 10.4636
	42 10.4693
LINE 34 42 263.67 24
	609 11.8721
	610 11.6499
	611 11.4441
	612 11.2556
	613 11.0854
	614 10.9343
	615 10.8031
	616 10.6926
	617 10.6033
	618 10.5359
	619 10.4907
	620 10.468
	621 10.468
	622 10.4907
	623 10.5359
	624 10.6033
	625 10.6926
	626 10.8031
	627 10.9343
	628 11.0854
	629 11.2556
	630 11.4441
	631 11.6499
	42 11.8721
LINE 35 36 176.727 16
	632 11.3222
	633 11.2127
	634 11.118
	635 11.0385
	636 10.9744
	637 10.9261
	638 10.8938
	639 10.8776
	640 10.8776
	641 10.8938
	642 10.9261
	643 10.9744
	644 11.0385
	645 11.118
	646 11.2127
	36 11.3222
LINE 35 44 182.472 17
	647 10.9679
	648 10.8809
	649 10.805
	650 10.7403
	651 10.6871
	652 10.6455
	653 10.6157
	654 10.5978
	655 10.5918
	656 10.5978
	657 10.6157
	658 10.6455
	659 10.6871
	660 10.7403
	661 10.805
	662 10.8809
	44 10.9679
LINE 36 44 251.234 24
	663 10.547
	664 10.5265
	665 10.5078
	666 10.491
	667 10.476
	668 10.4628
	669 10.4516
	670 10.4421
	671 10.4346
	672 10.429
	673 10.4252
	674 10.4233
	675 10.4233
	676 10.4252
	677 10.429
	678 10.4346
	679 10.4421
	680 10.4516
	681 10.4628
	682 10.476
	683 10.491
	684 10.5078
	685 10.5265
	44 10.547
LINE 36 45 104.52 10
	686 10.5353
	687 10.4799
	688 10.4382
	689 10.4102
	690 10.3963
	691 10.3963
	692 10.4102
	693 10.4382
	694 10.4799
	45 10.5353
LINE 37 38 130.272 12
	695 10.8708
	696 10.8627
	697 10.8563
	698 10.8514
	699 10.8482
	700 10.8465
	701 10.8465
	702 10.8482
	703 10.8514
	704 10.8563
	705 10.8627
	38 10.8708
LINE 37 46 109.979 10
	706 11.0088
	707 11.0015
	708 10.9961
	709 10.9924
	710 10.9906
	711 10.9906
	712 10.9924
	713 10.9961
	714 11.0015
	46 11.0088
LINE 38 47 221.44 20
	715 12.172
	716 11.8402
	717 11.5373
	718 11.2656
	719 11.0273
	720 10.8248
	721 10.66
	722 10.5347
	723 10.4503
	724 10.4079
	725 10.4079
	726 10.4503
	727 10.5347
	728 10.66
	729 10.8248
	730 11.0273
	731 11.2656
	732 11.5373
	733 11.8402
	47 12.172
LINE 38 48 310.904 29
	734 10.7726
	735 10.7616
	736 10.7513
	737 10.7419
	738 10.7332
	739 10.7254
	740 10.7184
	741 10.7122
	742 10.7069
	743 10.7023
	744 10.6986
	745 10.6957
	746 10.6937
	747 10.6924
	748 10.692
	749 10.6924
	750 10.6937
	751 10.6957
	752 10.6986
	753 10.7023
	754 10.7069
	755 10.7122
	756 10.7184
	757 10.7254
	758 10.7332
	759 10.7419
	760 10.7513
	761 10.7616
	48 10.7726
LINE 39 40 207.498 19
	762 11.4348
	763 11.2672
	764 11.1172
	765 10.9856
	766 10.873
	767 10.78
	768 10.7071
	769 10.6547
	770 10.6231
	771 10.6126
	772 10.6231
	773 10.6547
	774 10.7071
	775 10.78
	776 10.873
	777 10.9856
	778 11.1172
	779 11.2672
	40 11.4348
LINE 40 41 76.1655 7
	780 10.9708
	781 10.881
	782 10.8267
	783 10.8085
	784 10.8267
	785 10.881
	41 10.9708
LINE 42 43 152.236 14
	786 10.973
	787 10.9275
	788 10.8894
	789 10.8588
	790 10.8359
	791 10.8205
	792 10.8129
	793 10.8129
	794 10.8205
	795 10.8359
	796 10.8588
	797 10.8894
	798 10.9275
	43 10.973
LINE 42 50 127.382 12
	799 10.6357
	800 10.6245
	801 10.6156
	802 10.6089
	803 10.6044
	804 10.6021
	805 10.6021
	806 10.6044
	807 10.6089
	808 10.6156
	809 10.6245
	50 10.6357
LINE 45 52 211.532 20
	810 10.7199
	811 10.675
	812 10.6348
	813 10.5996
	814 10.5693
	815 10.5439
	816 10.5236
	817 10.5084
	818 10.4982
	819 10.4931
	820 10.4931
	821 10.4982
	822 10.5084
	823 10.5236
	824 10.5439
	825 10.5693
	826 10.5996
	827 10.6348
	828 10.675
	52 10.7199
LINE 45 53 134.922 13
	829 10.3787
	830 10.3787
	831 10.3786
	832 10.3786
	833 10.3786
	834 10.3786
	835 10.3786
	836 10.3786
	837 10.3786
	838 10.3786
	839 10.3786
	840 10.3787
	53 10.3787
LINE 46 47 211.368 20
	841 10.9445
	842 10.8277
	843 10.7228
	844 10.6302
	845 10.5502
	846 10.483
	847 10.429
	848 10.3883
	849 10.361
	850 10.3474
	851 10.3474
	852 10.361
	853 10.3883
	854 10.429
	855 10.483
	856 10.5502
	857 10.6302
	858 10.7228
	859 10.8277
	47 10.9445
LINE 46 55 269.353 24
	860 12.2343
	861 11.9817
	862 11.7473
	863 11.5324
	864 11.3379
	865 11.1649
	866 11.0144
	867 10.8875
	868 10.7849
	869 10.7072
	870 10.6552
	871 10.6291
	872 10.6291
	873 10.6552
	874 10.7072
	875 10.7849
	876 10.8875
	877 11.0144
	878 11.1649
	879 11.3379
	880 11.5324
	881 11.7473
	882 11.9817
	55 12.2343
LINE 47 48 128.711 12
	883 10.7871
	884 10.7538
	885 10.7271
	886 10.707
	887 10.6937
	888 10.6869
	889 10.6869
	890 10.6937
	891 10.707
	892 10.7271
	893 10.7538
	48 10.7871
LINE 47 55 142.341 13
	894 11.4041
	895 11.1805
	896 10.9942
	897 10.8471
	898 10.7408
	899 10.6765
	900 10.655
	901 10.6765
	902 10.7408
	903 10.8471
	904 10.9942
	905 11.1805
	55 11.4041
LINE 48 56 73.7081 7
	906 10.9833
	907 10.5345
	908 10.2557
	909 10.1611
	910 10.2557
	911 10.5345
	56 10.9833
LINE 48 57 183.19 17
	912 10.8734
	913 10.837
	914 10.8053
	915 10.7785
	916 10.7565
	917 10.7393
	918 10.727
	919 10.7197
	920 10.7172
	921 10.7197
	922 10.727
	923 10.7393
	924 10.7565
	925 10.7785
	926 10.8053
	927 10.837
	57 10.8734
LINE 49 57 92.5171 9
	928 10.4608
	929 10.3257
	930 10.2282
	931 10.1692
	932 10.1494
	933 10.1692
	934 10.2282
	935 10.3257
	57 10.4608
LINE 51 60 134.712 12
	936 12.0205
	937 11.5989
	938 11.2503
	939 10.9816
	940 10.7987
	941 10.7061
	942 10.7061
	943 10.7987
	944 10.9816
	945 11.2503
	946 11.5989
	60 12.0205
LINE 52 61 218.628 21
	947 10.4905
	948 10.4667
	949 10.4453
	950 10.4265
	951 10.4101
	952 10.3962
	953 10.3848
	954 10.376
	955 10.3697
	956 10.3659
	957 10.3646
	958 10.3659
	959 10.3697
	960 10.376
	961 10.3848
	962 10.3962
	963 10.4101
	964 10.4265
	965 10.4453
	966 10.4667
	61 10.4905
LINE 53 62 259.519 24
	967 11.5625
	968 11.3735
	969 11.1989
	970 11.0395
	971 10.8958
	972 10.7684
	973 10.6581
	974 10.5653
	975 10.4904
	976 10.4339
	977 10.3961
	978 10.3771
	979 10.3771
	980 10.3961
	981 10.4339
	982 10.4904
	983 10.5653
	984 10.6581
	985 10.7684
	986 10.8958
	987 11.0395
	988 11.1989
	989 11.3735
	62 11.5625
LINE 54 55 155.976 15
	990 10.4073
	991 10.4035
	992 10.4003
	993 10.3976
	994 10.3956
	995 10.3941
	996 10.3932
	997 10.3929
	998 10.3932
	999 10.3941
	1000 10.3956
	1001 10.3976
	1002 10.4003
	1003 10.4035
	55 10.4073
LINE 55 56 143.921 13
	1004 11.6525
	1005 11.3678
	1006 11.1295
	1007 10.9405
	1008 10.8035
	1009 10.7205
	1010 10.6927
	1011 10.7205
	1012 10.8035
	1013 10.9405
	1014 11.1295
	1015 11.3678
	56 11.6525
LINE 56 57 159.795 14
	1016 12.2731
	1017 11.8888
	1018 11.5588
	1019 11.2879
	1020 11.0803
	1021 10.9398
	1022 10.8688
	1023 10.8688
	1024 10.9398
	1025 11.0803
	1026 11.2879
	1027 11.5588
	1028 11.8888
	57 12.2731
LINE 58 59 125.411 11
	1029 12.1013
	1030 11.6906
	1031 11.3609
	1032 11.1195
	1033 10.972
	1034 10.9225
	1035 10.972
	1036 11.1195
	1037 11.3609
	1038 11.6906
	59 12.1013
LINE 59 60 110.074 10
	1039 11.4645
	1040 11.1642
	1041 10.9335
	1042 10.777
	1043 10.6979
	1044 10.6979
	1045 10.777
	1046 10.9335
	1047 11.1642
	60 11.4645
LINE 60 61 233.403 21
	1048 11.7682
	1049 11.5775
	1050 11.4041
	1051 11.2489
	1052 11.1126
	1053 10.996
	1054 10.8997
	1055 10.8241
	1056 10.7699
	1057 10.7372
	1058 10.7263
	1059 10.7372
	1060 10.7699
	1061 10.8241
	1062 10.8997
	1063 10.996
	1064 11.1126
	1065 11.2489
	1066 11.4041
	1067 11.5775
	61 11.7682
COORDENADAS :
1	41.9141	628.073
2	127.251	642.752
3	232.927	661.22
4	317.122	641.592
5	381.871	655.463
6	508.695	641.284
7	617.601	639.784
8	733.465	647.033
9	0.390942	500.656
10	95.0523	523.85
11	192.587	553.912
12	302.363	560.831
13	384.52	550.731
14	520.365	562.517
15	589.152	537.43
16	739.481	554.546
17	843.905	513.756
18	39.4488	455.759
19	143.078	459.357
20	238.665	443.95
21	289.323	443.125
22	394.89	417.486
23	527.595	455.108
24	588.306	449.912
25	710.006	405.644
26	832.799	459.814
27	885.065	421.463
28	16.473	333.048
29	129.684	313.371
30	227.285	369.592
31	277.415	345.275
32	424.755	312.13
33	481.389	319.188
34	623.704	358.665
35	815.307	325.926
36	930.906	316.217
37	21.0169	216.157
38	90.6623	267.913
39	196.063	201.542
40	330.186	210.568
41	379.628	200.587
42	500.741	245.012
43	600.367	228.96
44	805.497	206.287
45	914.503	248.889
46	0	145.967
47	137.678	137.424
48	216.242	103.719
49	308.945	118.139
50	506.217	160.374
51	610.402	106.061
52	815.947	149.598
53	930.833	160.436
54	35.8791	20.4508
55	136.847	45.0844
56	228.62	57.9449
57	329.934	60.9742
58	439.923	63.8176
59	512.878	30.752
60	583.875	24.7212
61	733.954	29.8804
62	888.229	0
63	502.454	117.786
64	289.526	733.188
65	683.856	178.029
66	37.6244	622.053
67	33.5685	615.956
68	29.7463	609.783
69	26.158	603.534
70	22.8035	597.209
71	19.6829	590.808
72	16.796	584.33
73	14.1429	577.776
74	11.7237	571.146
75	9.53827	564.44
76	7.58666	557.658
77	5.86885	550.799
78	4.38485	543.864
79	3.13467	536.854
80	2.1183	529.766
81	1.33574	522.603
82	0.786998	515.364
83	0.472064	508.048
84	128.759	635.253
85	129.879	627.86
86	130.611	620.571
87	130.955	613.388
88	130.912	606.31
89	130.48	599.337
90	129.661	592.468
91	128.454	585.705
92	126.859	579.047
93	124.877	572.494
94	122.506	566.046
95	119.748	559.703
96	116.601	553.465
97	113.067	547.331
98	109.145	541.303
99	104.835	535.38
100	100.138	529.563
101	226.954	657.366
102	221.058	653.435
103	215.241	649.426
104	209.501	645.339
105	203.839	641.173
106	198.254	636.93
107	192.748	632.609
108	187.318	628.21
109	181.967	623.732
110	176.693	619.177
111	171.497	614.544
112	166.379	609.833
113	161.338	605.044
114	156.375	600.177
115	151.49	595.232
116	146.683	590.209
117	141.953	585.108
118	137.301	579.929
119	132.726	574.672
120	128.229	569.337
121	123.81	563.924
122	119.469	558.433
123	115.205	552.864
124	111.019	547.217
125	106.911	541.492
126	102.88	535.689
127	98.9275	529.808
128	233.107	653.497
129	232.928	645.91
130	232.388	638.459
131	231.488	631.142
132	230.228	623.962
133	228.607	616.916
134	226.626	610.006
135	224.285	603.232
136	221.584	596.593
137	218.522	590.089
138	215.1	583.721
139	211.318	577.488
140	207.176	571.391
141	202.673	565.429
142	197.81	559.603
143	233.855	653.131
144	235.177	645.316
145	236.895	637.773
146	239.006	630.503
147	241.512	623.507
148	244.413	616.783
149	247.709	610.332
150	251.399	604.154
151	255.483	598.248
152	259.962	592.616
153	264.836	587.257
154	270.104	582.17
155	275.766	577.356
156	281.824	572.816
157	288.275	568.548
158	295.122	564.553
159	325.115	639.406
160	332.908	638.153
161	340.502	637.831
162	347.895	638.441
163	355.09	639.982
164	362.085	642.455
165	368.88	645.859
166	375.475	650.195
167	314.701	635.079
168	312.497	628.527
169	310.509	621.936
170	308.738	615.305
171	307.183	608.634
172	305.844	601.924
173	304.723	595.174
174	303.818	588.384
175	303.129	581.555
176	302.657	574.687
177	302.402	567.779
178	516.005	644.812
179	523.308	647.822
180	530.604	650.313
181	537.893	652.286
182	545.175	653.741
183	552.45	654.678
184	559.717	655.096
185	566.978	654.996
186	574.231	654.378
187	581.477	653.241
188	588.716	651.586
189	595.948	649.413
190	603.173	646.722
191	610.39	643.512
192	733.386	639.883
193	733.397	632.739
194	733.499	625.602
195	733.691	618.47
196	733.973	611.343
197	734.345	604.223
198	734.808	597.109
199	735.361	590
200	736.004	582.898
201	736.738	575.801
202	737.562	568.71
203	738.476	561.625
204	102.184	523.81
205	109.227	524.063
206	116.179	524.608
207	123.041	525.444
208	129.813	526.573
209	136.495	527.993
210	143.088	529.705
211	149.59	531.709
212	156.002	534.005
213	162.325	536.593
214	168.557	539.473
215	174.7	542.645
216	180.752	546.109
217	186.715	549.864
218	100.408	518.723
219	105.565	513.45
220	110.524	508.029
221	115.286	502.46
222	119.85	496.745
223	124.216	490.882
224	128.384	484.871
225	132.354	478.714
226	136.127	472.409
227	139.702	465.957
228	99.3376	516.855
229	103.801	510.181
230	108.442	503.826
231	113.262	497.792
232	118.26	492.078
233	123.435	486.683
234	128.789	481.609
235	134.321	476.855
236	140.03	472.421
237	145.918	468.307
238	151.984	464.513
239	158.228	461.039
240	164.65	457.885
241	171.251	455.051
242	178.029	452.538
243	184.985	450.344
244	192.119	448.47
245	199.432	446.917
246	206.922	445.683
247	214.591	444.77
248	222.437	444.177
249	230.462	443.903
250	199.631	551.442
251	206.65	549.36
252	213.646	547.664
253	220.616	546.355
254	227.563	545.434
255	234.485	544.899
256	241.382	544.751
257	248.255	544.99
258	255.104	545.616
259	261.929	546.629
260	268.729	548.029
261	275.504	549.815
262	282.255	551.989
263	288.982	554.549
264	295.685	557.497
265	309.256	560.371
266	316.141	559.842
267	323.017	559.244
268	329.885	558.576
269	336.745	557.838
270	343.595	557.031
271	350.437	556.155
272	357.271	555.209
273	364.096	554.193
274	370.913	553.109
275	377.721	551.954
276	301.908	553.873
277	301.414	546.918
278	300.881	539.969
279	300.31	533.023
280	299.699	526.082
281	299.049	519.145
282	298.36	512.213
283	297.632	505.284
284	296.865	498.361
285	296.059	491.441
286	295.213	484.526
287	294.329	477.615
288	293.406	470.708
289	292.444	463.806
290	291.442	456.908
291	290.402	450.015
292	391.815	549.682
293	399.093	548.819
294	406.356	548.141
295	413.602	547.649
296	420.832	547.342
297	428.046	547.221
298	435.244	547.285
299	442.426	547.534
300	449.592	547.969
301	456.742	548.59
302	463.875	549.395
303	470.993	550.387
304	478.094	551.563
305	485.18	552.925
306	492.249	554.473
307	499.302	556.205
308	506.339	558.124
309	513.36	560.227
310	383.774	543.617
311	383.171	536.515
312	382.711	529.424
313	382.395	522.344
314	382.223	515.275
315	382.195	508.217
316	382.31	501.171
317	382.568	494.136
318	382.97	487.112
319	383.516	480.099
320	384.205	473.097
321	385.038	466.106
322	386.015	459.127
323	387.135	452.159
324	388.399	445.202
325	389.806	438.256
326	391.357	431.321
327	393.052	424.398
328	527.537	560.81
329	534.643	558.926
330	541.684	556.863
331	548.66	554.622
332	555.572	552.203
333	562.418	549.605
334	569.199	546.829
335	575.915	543.874
336	582.566	540.741
337	524.967	555.633
338	528.98	548.71
339	532.404	541.748
340	535.24	534.746
341	537.487	527.704
342	539.146	520.623
343	540.217	513.502
344	540.699	506.341
345	540.592	499.141
346	539.897	491.901
347	538.613	484.622
348	536.741	477.303
349	534.281	469.944
350	531.232	462.546
351	845.048	506.492
352	845.468	499.377
353	845.164	492.411
354	844.138	485.594
355	842.388	478.925
356	839.915	472.406
357	836.718	466.036
358	46.3006	457.638
359	53.1605	459.282
360	60.0285	460.693
361	66.9046	461.869
362	73.7889	462.811
363	80.6812	463.519
364	87.5818	463.993
365	94.4904	464.233
366	101.407	464.238
367	108.332	464.01
368	115.265	463.548
369	122.206	462.851
370	129.155	461.921
371	136.113	460.756
372	140.036	452.626
373	137.235	445.873
374	134.674	439.097
375	132.353	432.3
376	130.273	425.481
377	128.433	418.639
378	126.833	411.776
379	125.474	404.89
380	124.356	397.983
381	123.477	391.053
382	122.839	384.101
383	122.442	377.128
384	122.285	370.132
385	122.368	363.114
386	122.692	356.074
387	123.256	349.012
388	124.061	341.928
389	125.106	334.822
390	126.392	327.694
391	127.918	320.543
392	236.73	437.328
393	234.975	430.678
394	233.4	424.001
395	232.006	417.297
396	230.791	410.564
397	229.757	403.804
398	228.902	397.017
399	228.228	390.202
400	227.733	383.36
401	227.419	376.49
402	534.465	455.989
403	541.304	456.506
404	548.112	456.657
405	554.889	456.445
406	561.635	455.867
407	568.35	454.926
408	575.033	453.619
409	581.685	451.948
410	524.756	448.492
411	521.972	441.856
412	519.245	435.202
413	516.572	428.529
414	513.956	421.837
415	511.395	415.127
416	508.89	408.397
417	506.441	401.648
418	504.047	394.881
419	501.709	388.094
420	499.426	381.289
421	497.2	374.464
422	495.029	367.621
423	492.913	360.759
424	490.853	353.878
425	488.849	346.978
426	486.9	340.059
427	485.007	333.121
428	483.17	326.164
429	595.204	447.829
430	602.085	445.701
431	608.951	443.528
432	615.8	441.312
433	622.634	439.052
434	629.451	436.747
435	636.253	434.398
436	643.038	432.005
437	649.807	429.568
438	656.56	427.086
439	663.297	424.561
440	670.018	421.991
441	676.723	419.377
442	683.412	416.719
443	690.085	414.016
444	696.741	411.27
445	703.382	408.479
446	837.434	453.956
447	842.363	448.498
448	847.585	443.438
449	853.099	438.778
450	858.907	434.517
451	865.007	430.655
452	871.4	427.192
453	878.086	424.128
454	831.937	452.76
455	831.069	445.706
456	830.194	438.653
457	829.313	431.601
458	828.425	424.55
459	827.531	417.5
460	826.63	410.451
461	825.722	403.402
462	824.808	396.355
463	823.888	389.308
464	822.96	382.262
465	822.027	375.217
466	821.086	368.173
467	820.14	361.13
468	819.186	354.087
469	818.226	347.046
470	817.259	340.005
471	816.286	332.965
472	889.287	415.476
473	893.327	409.41
474	897.187	403.266
475	900.866	397.042
476	904.364	390.74
477	907.681	384.359
478	910.818	377.899
479	913.773	371.361
480	916.548	364.744
481	919.142	358.047
482	921.554	351.273
483	923.786	344.419
484	925.838	337.487
485	927.708	330.475
486	929.397	323.385
487	23.7238	332.826
488	30.9512	332.47
489	38.1553	331.979
490	45.3361	331.353
491	52.4935	330.594
492	59.6275	329.7
493	66.7382	328.671
494	73.8256	327.509
495	80.8896	326.212
496	87.9303	324.78
497	94.9476	323.215
498	101.942	321.515
499	108.912	319.68
500	115.859	317.712
501	122.783	315.608
502	134.602	318.937
503	139.677	324.23
504	144.91	329.249
505	150.301	333.994
506	155.849	338.466
507	161.555	342.664
508	167.419	346.588
509	173.44	350.239
510	179.619	353.616
511	185.955	356.719
512	192.45	359.549
513	199.101	362.105
514	205.911	364.387
515	212.878	366.396
516	220.002	368.131
517	234.497	365.903
518	241.448	362.045
519	248.137	358.018
520	254.565	353.821
521	260.731	349.455
522	266.635	344.92
523	272.278	340.215
524	277.659	335.341
525	282.778	330.298
526	287.636	325.085
527	292.232	319.703
528	296.567	314.152
529	300.64	308.432
530	304.451	302.542
531	308	296.483
532	311.288	290.255
533	314.314	283.857
534	317.079	277.29
535	319.582	270.554
536	321.823	263.648
537	323.803	256.573
538	325.521	249.329
539	326.977	241.915
540	328.172	234.333
541	329.105	226.58
542	329.776	218.659
543	284.672	344.768
544	291.906	344.154
545	299.115	343.434
546	306.3	342.606
547	313.461	341.67
548	320.597	340.628
549	327.71	339.478
550	334.799	338.222
551	341.863	336.858
552	348.903	335.387
553	355.919	333.808
554	362.912	332.123
555	369.88	330.33
556	376.823	328.43
557	383.743	326.423
558	390.639	324.309
559	397.51	322.087
560	404.358	319.759
561	411.181	317.323
562	417.98	314.78
563	280.64	339.139
564	283.794	332.976
565	286.877	326.784
566	289.889	320.565
567	292.829	314.318
568	295.698	308.043
569	298.496	301.74
570	301.222	295.409
571	303.878	289.05
572	306.462	282.664
573	308.975	276.249
574	311.417	269.806
575	313.787	263.336
576	316.086	256.838
577	318.314	250.312
578	320.471	243.757
579	322.556	237.175
580	324.571	230.565
581	326.514	223.928
582	328.385	217.262
583	422.057	305.586
584	419.364	299.04
585	416.677	292.492
586	413.995	285.942
587	411.318	279.39
588	408.647	272.835
589	405.982	266.278
590	403.322	259.719
591	400.667	253.158
592	398.018	246.594
593	395.375	240.028
594	392.737	233.461
595	390.104	226.89
596	387.477	220.318
597	384.855	213.743
598	382.239	207.167
599	482.778	312.348
600	484.241	305.528
601	485.779	298.727
602	487.39	291.945
603	489.076	285.182
604	490.835	278.439
605	492.668	271.715
606	494.576	265.01
607	496.557	258.325
608	498.612	251.659
609	616.044	356.674
610	608.604	354.444
611	601.385	351.976
612	594.387	349.269
613	587.609	346.323
614	581.052	343.139
615	574.715	339.716
616	568.599	336.055
617	562.703	332.154
618	557.028	328.016
619	551.574	323.638
620	546.34	319.022
621	541.327	314.167
622	536.535	309.073
623	531.963	303.741
624	527.611	298.17
625	523.48	292.361
626	519.57	286.313
627	515.881	280.026
628	512.412	273.5
629	509.163	266.736
630	506.135	259.733
631	503.328	252.492
632	822.356	323.227
633	829.428	320.808
634	836.525	318.667
635	843.644	316.805
636	850.787	315.222
637	857.953	313.918
638	865.143	312.893
639	872.357	312.146
640	879.593	311.679
641	886.853	311.491
642	894.137	311.581
643	901.444	311.95
644	908.774	312.598
645	916.128	313.526
646	923.505	314.732
647	812.837	319.044
648	810.605	312.142
649	808.609	305.221
650	806.849	298.28
651	805.326	291.32
652	804.039	284.341
653	802.989	277.342
654	802.176	270.324
655	801.599	263.286
656	801.258	256.229
657	801.154	249.153
658	801.287	242.057
659	801.656	234.942
660	802.261	227.807
661	803.103	220.653
662	804.182	213.48
663	924.972	312.444
664	919.1	308.602
665	913.289	304.689
666	907.54	300.706
667	901.853	296.653
668	896.227	292.53
669	890.662	288.336
670	885.16	284.072
671	879.719	279.737
672	874.339	275.332
673	869.022	270.857
674	863.765	266.312
675	858.571	261.697
676	853.438	257.011
677	848.367	252.255
678	843.357	247.428
679	838.409	242.532
680	833.522	237.565
681	828.697	232.528
682	823.934	227.42
683	819.232	222.242
684	814.592	216.994
685	810.014	211.676
686	928.154	309.755
687	925.648	303.233
688	923.39	296.65
689	921.379	290.008
690	919.616	283.305
691	918.099	276.543
692	916.829	269.719
693	915.807	262.836
694	915.032	255.893
695	26.5307	220.86
696	32.0972	225.492
697	37.7165	230.054
698	43.3884	234.544
699	49.1131	238.963
700	54.8906	243.312
701	60.7207	247.589
702	66.6036	251.796
703	72.5392	255.932
704	78.5275	259.996
705	84.5685	263.99
706	19.3223	209.016
707	17.5373	201.902
708	15.6617	194.815
709	13.6958	187.756
710	11.6393	180.723
711	9.49239	173.718
712	7.25499	166.739
713	4.92713	159.788
714	2.5088	152.864
715	96.977	262.817
716	102.875	257.57
717	108.355	252.173
718	113.418	246.626
719	118.063	240.928
720	122.292	235.08
721	126.103	229.082
722	129.497	222.933
723	132.474	216.635
724	135.033	210.185
725	137.175	203.586
726	138.9	196.836
727	140.208	189.935
728	141.098	182.885
729	141.571	175.684
730	141.627	168.332
731	141.266	160.831
732	140.487	153.179
733	139.291	145.376
734	95.6893	262.784
735	100.667	257.617
736	105.594	252.412
737	110.472	247.169
738	115.3	241.887
739	120.078	236.568
740	124.807	231.211
741	129.485	225.815
742	134.114	220.382
743	138.693	214.91
744	143.223	209.401
745	147.702	203.853
746	152.132	198.267
747	156.512	192.643
748	160.843	186.982
749	165.123	181.282
750	169.354	175.544
751	173.535	169.768
752	177.667	163.954
753	181.748	158.101
754	185.78	152.211
755	189.762	146.283
756	193.694	140.317
757	197.576	134.312
758	201.409	128.27
759	205.192	122.189
760	208.925	116.071
761	212.609	109.914
762	203.312	199.185
763	210.541	197.143
764	217.748	195.416
765	224.934	194.003
766	232.099	192.904
767	239.243	192.121
768	246.366	191.652
769	253.467	191.498
770	260.548	191.658
771	267.607	192.133
772	274.645	192.923
773	281.661	194.027
774	288.657	195.446
775	295.631	197.18
776	302.585	199.228
777	309.517	201.591
778	316.428	204.269
779	323.317	207.261
780	337.001	207.914
781	343.899	205.669
782	350.879	203.833
783	357.943	202.408
784	365.088	201.391
785	372.317	200.785
786	508.056	245.098
787	515.34	244.995
788	522.594	244.702
789	529.817	244.219
790	537.01	243.546
791	544.172	242.684
792	551.303	241.633
793	558.404	240.391
794	565.474	238.96
795	572.514	237.339
796	579.523	235.529
797	586.502	233.529
798	593.45	231.339
799	500.633	237.922
800	500.628	230.839
801	500.726	223.763
802	500.925	216.693
803	501.228	209.63
804	501.633	202.573
805	502.14	195.524
806	502.751	188.48
807	503.463	181.444
808	504.278	174.414
809	505.196	167.391
810	908.536	244.956
811	902.678	240.915
812	896.93	236.765
813	891.291	232.506
814	885.762	228.139
815	880.342	223.663
816	875.031	219.078
817	869.83	214.385
818	864.738	209.584
819	859.755	204.673
820	854.882	199.655
821	850.118	194.527
822	845.464	189.291
823	840.919	183.947
824	836.484	178.493
825	832.158	172.932
826	827.941	167.261
827	823.834	161.482
828	819.836	155.595
829	915.74	242.081
830	916.98	235.274
831	918.224	228.468
832	919.47	221.662
833	920.72	214.857
834	921.973	208.052
835	923.229	201.248
836	924.488	194.444
837	925.751	187.642
838	927.017	180.839
839	928.286	174.037
840	929.558	167.236
841	7.03131	147.915
842	14.0471	149.614
843	21.0474	151.062
844	28.0321	152.261
845	35.0014	153.209
846	41.9551	153.907
847	48.8933	154.355
848	55.816	154.553
849	62.7232	154.501
850	69.6148	154.199
851	76.4909	153.647
852	83.3516	152.845
853	90.1967	151.792
854	97.0262	150.49
855	103.84	148.937
856	110.639	147.135
857	117.422	145.082
858	124.189	142.779
859	130.941	140.227
860	3.30317	138.509
861	6.81494	131.335
862	10.5353	124.443
863	14.4642	117.835
864	18.6018	111.509
865	22.9479	105.467
866	27.5026	99.7071
867	32.2659	94.2303
868	37.2378	89.0366
869	42.4183	84.1258
870	47.8073	79.4979
871	53.405	75.153
872	59.2112	71.0911
873	65.2261	67.3121
874	71.4495	63.816
875	77.8815	60.6029
876	84.5221	57.6728
877	91.3713	55.0256
878	98.4291	52.6613
879	105.695	50.58
880	113.17	48.7817
881	120.854	47.2663
882	128.746	46.0339
883	143.838	133.713
884	150.068	130.166
885	156.369	126.783
886	162.74	123.564
887	169.182	120.51
888	175.693	117.619
889	182.276	114.892
890	188.928	112.33
891	195.651	109.931
892	202.445	107.696
893	209.308	105.626
894	134.904	130.345
895	132.582	123.262
896	130.711	116.176
897	129.292	109.085
898	128.325	101.99
899	127.809	94.8909
900	127.745	87.7879
901	128.133	80.6808
902	128.973	73.5696
903	130.264	66.4544
904	132.006	59.3351
905	134.201	52.2118
906	220.694	97.9057
907	224.251	91.8502
908	226.914	85.5529
909	228.682	79.0137
910	229.556	72.2326
911	229.535	65.2097
912	223.361	102.351
913	230.426	100.839
914	237.436	99.1841
915	244.393	97.3859
916	251.297	95.4445
917	258.146	93.3598
918	264.941	91.1318
919	271.683	88.7607
920	278.371	86.2462
921	285.005	83.5886
922	291.585	80.7877
923	298.111	77.8435
924	304.583	74.7561
925	311.002	71.5255
926	317.366	68.1516
927	323.677	64.6345
928	312.862	112.37
929	316.383	106.455
930	319.508	100.394
931	322.236	94.1877
932	324.569	87.836
933	326.504	81.3388
934	328.044	74.6961
935	329.187	67.9079
936	604.713	100.417
937	599.656	94.5667
938	595.232	88.5103
939	591.44	82.2477
940	588.281	75.7788
941	585.754	69.1036
942	583.86	62.2222
943	582.598	55.1345
944	581.969	47.8406
945	581.972	40.3404
946	582.607	32.6339
947	812.934	143.287
948	809.832	137.037
949	806.641	130.848
950	803.36	124.72
951	799.99	118.652
952	796.531	112.646
953	792.984	106.701
954	789.347	100.817
955	785.62	94.9944
956	781.805	89.2325
957	777.901	83.5317
958	773.907	77.8919
959	769.824	72.3131
960	765.653	66.7954
961	761.392	61.3387
962	757.042	55.943
963	752.602	50.6084
964	748.074	45.3348
965	743.457	40.1223
966	738.75	34.9708
967	925.769	154.624
968	920.991	148.737
969	916.499	142.774
970	912.293	136.734
971	908.373	130.619
972	904.738	124.428
973	901.39	118.161
974	898.328	111.818
975	895.552	105.399
976	893.062	98.9038
977	890.858	92.3329
978	888.94	85.686
979	887.307	78.9632
980	885.961	72.1645
981	884.901	65.2898
982	884.127	58.3392
983	883.639	51.3126
984	883.436	44.21
985	883.52	37.0316
986	883.89	29.7771
987	884.546	22.4468
988	885.488	15.0405
989	886.715	7.55821
990	42.6966	21.739
991	49.5019	23.0778
992	56.2947	24.4672
993	63.0753	25.9071
994	69.8435	27.3976
995	76.5993	28.9387
996	83.3428	30.5304
997	90.074	32.1727
998	96.7929	33.8655
999	103.499	35.6089
1000	110.194	37.4028
1001	116.875	39.2474
1002	123.545	41.1425
1003	130.202	43.0881
1004	143.478	49.1311
1005	150.18	52.6683
1006	156.954	55.6959
1007	163.799	58.2139
1008	170.716	60.2224
1009	177.704	61.7212
1010	184.764	62.7105
1011	191.894	63.1902
1012	199.097	63.1603
1013	206.37	62.6208
1014	213.716	61.5717
1015	221.132	60.0131
1016	235.971	54.3512
1017	243.304	51.3436
1018	250.619	48.9222
1019	257.917	47.087
1020	265.198	45.838
1021	272.461	45.1751
1022	279.706	45.0984
1023	286.934	45.6079
1024	294.145	46.7035
1025	301.337	48.3853
1026	308.513	50.6533
1027	315.671	53.5074
1028	322.811	56.9477
1029	447.989	63.9749
1030	455.768	63.4996
1031	463.261	62.3917
1032	470.466	60.6511
1033	477.385	58.2778
1034	484.018	55.2718
1035	490.363	51.6332
1036	496.422	47.3619
1037	502.194	42.4579
1038	507.679	36.9213
1039	519.743	27.3938
1040	526.661	24.6479
1041	533.631	22.5142
1042	540.653	20.9928
1043	547.726	20.0836
1044	554.852	19.7867
1045	562.03	20.1019
1046	569.26	21.0295
1047	576.541	22.5692
1048	591.133	21.7412
1049	598.379	19.0838
1050	605.614	16.749
1051	612.839	14.7367
1052	620.052	13.0469
1053	627.254	11.6798
1054	634.445	10.6352
1055	641.625	9.91317
1056	648.794	9.51371
1057	655.951	9.43682
1058	663.098	9.68249
1059	670.233	10.2507
1060	677.358	11.1415
1061	684.471	12.3549
1062	691.574	13.8908
1063	698.665	15.7494
1064	705.745	17.9304
1065	712.814	20.4341
1066	719.872	23.2603
1067	726.919	26.409
