NOMBRE : MTLARP6_8_6_2.dat
VERTICES ORIGINALES : 50
VERTICES TOTALES : 800
DEPOTS : 6
45
46
47
48
49
50
LINEAS ORIGINALES : 50
LINE 1 8 82.6705 8
	51 10.6563
	52 10.3823
	53 10.1956
	54 10.101
	55 10.101
	56 10.1956
	57 10.3823
	8 10.6563
LINE 1 9 242.795 23
	58 10.6554
	59 10.6285
	60 10.6041
	61 10.5822
	62 10.5629
	63 10.5461
	64 10.5318
	65 10.5202
	66 10.5111
	67 10.5046
	68 10.5007
	69 10.4994
	70 10.5007
	71 10.5046
	72 10.5111
	73 10.5202
	74 10.5318
	75 10.5461
	76 10.5629
	77 10.5822
	78 10.6041
	79 10.6285
	9 10.6554
LINE 2 3 193.775 19
	80 10.2436
	81 10.2287
	82 10.2155
	83 10.204
	84 10.1943
	85 10.1864
	86 10.1802
	87 10.1758
	88 10.1731
	89 10.1722
	90 10.1731
	91 10.1758
	92 10.1802
	93 10.1864
	94 10.1943
	95 10.204
	96 10.2155
	97 10.2287
	3 10.2436
LINE 4 5 213.259 21
	98 10.17
	99 10.1656
	100 10.1616
	101 10.1581
	102 10.155
	103 10.1524
	104 10.1503
	105 10.1487
	106 10.1475
	107 10.1468
	108 10.1466
	109 10.1468
	110 10.1475
	111 10.1487
	112 10.1503
	113 10.1524
	114 10.155
	115 10.1581
	116 10.1616
	117 10.1656
	5 10.17
LINE 4 10 180.346 17
	118 10.6547
	119 10.6374
	120 10.6224
	121 10.6098
	122 10.5994
	123 10.5913
	124 10.5855
	125 10.582
	126 10.5809
	127 10.582
	128 10.5855
	129 10.5913
	130 10.5994
	131 10.6098
	132 10.6224
	133 10.6374
	10 10.6547
LINE 4 11 236.533 23
	134 10.3236
	135 10.3128
	136 10.3031
	137 10.2943
	138 10.2866
	139 10.2799
	140 10.2743
	141 10.2696
	142 10.266
	143 10.2634
	144 10.2619
	145 10.2614
	146 10.2619
	147 10.2634
	148 10.266
	149 10.2696
	150 10.2743
	151 10.2799
	152 10.2866
	153 10.2943
	154 10.3031
	155 10.3128
	11 10.3236
LINE 5 6 173.823 16
	156 11.6807
	157 11.3646
	158 11.0864
	159 10.8492
	160 10.6556
	161 10.5081
	162 10.4086
	163 10.3585
	164 10.3585
	165 10.4086
	166 10.5081
	167 10.6556
	168 10.8492
	169 11.0864
	170 11.3646
	6 11.6807
LINE 7 12 177.16 17
	171 10.4748
	172 10.4548
	173 10.4373
	174 10.4226
	175 10.4105
	176 10.401
	177 10.3943
	178 10.3903
	179 10.3889
	180 10.3903
	181 10.3943
	182 10.401
	183 10.4105
	184 10.4226
	185 10.4373
	186 10.4548
	12 10.4748
LINE 7 13 155.372 15
	187 10.8025
	188 10.6156
	189 10.4548
	190 10.3213
	191 10.2164
	192 10.1407
	193 10.095
	194 10.0798
	195 10.095
	196 10.1407
	197 10.2164
	198 10.3213
	199 10.4548
	200 10.6156
	13 10.8025
LINE 8 9 175.527 17
	201 10.3507
	202 10.3411
	203 10.3328
	204 10.3258
	205 10.32
	206 10.3156
	207 10.3124
	208 10.3105
	209 10.3098
	210 10.3105
	211 10.3124
	212 10.3156
	213 10.32
	214 10.3258
	215 10.3328
	216 10.3411
	9 10.3507
LINE 8 15 196.639 19
	217 10.4172
	218 10.3947
	219 10.3747
	220 10.3575
	221 10.3428
	222 10.3308
	223 10.3215
	224 10.3148
	225 10.3108
	226 10.3094
	227 10.3108
	228 10.3148
	229 10.3215
	230 10.3308
	231 10.3428
	232 10.3575
	233 10.3747
	234 10.3947
	15 10.4172
LINE 8 16 268.694 25
	235 11.5916
	236 11.3886
	237 11.2
	238 11.0266
	239 10.8691
	240 10.7282
	241 10.6045
	242 10.4988
	243 10.4115
	244 10.343
	245 10.2939
	246 10.2643
	247 10.2544
	248 10.2643
	249 10.2939
	250 10.343
	251 10.4115
	252 10.4988
	253 10.6045
	254 10.7282
	255 10.8691
	256 11.0266
	257 11.2
	258 11.3886
	16 11.5916
LINE 9 16 117.291 11
	259 10.8815
	260 10.7513
	261 10.6489
	262 10.5752
	263 10.5307
	264 10.5158
	265 10.5307
	266 10.5752
	267 10.6489
	268 10.7513
	16 10.8815
LINE 10 11 150.646 14
	269 11.3511
	270 11.0847
	271 10.8577
	272 10.6726
	273 10.5316
	274 10.4366
	275 10.3887
	276 10.3887
	277 10.4366
	278 10.5316
	279 10.6726
	280 10.8577
	281 11.0847
	11 11.3511
LINE 10 17 198.069 19
	282 10.6458
	283 10.5728
	284 10.508
	285 10.4515
	286 10.4034
	287 10.364
	288 10.3332
	289 10.3111
	290 10.2978
	291 10.2934
	292 10.2978
	293 10.3111
	294 10.3332
	295 10.364
	296 10.4034
	297 10.4515
	298 10.508
	299 10.5728
	17 10.6458
LINE 12 13 121.355 12
	300 10.1597
	301 10.1342
	302 10.1138
	303 10.0984
	304 10.0882
	305 10.0831
	306 10.0831
	307 10.0882
	308 10.0984
	309 10.1138
	310 10.1342
	13 10.1597
LINE 13 19 136.774 13
	311 11.1116
	312 10.823
	313 10.581
	314 10.3888
	315 10.2494
	316 10.1648
	317 10.1365
	318 10.1648
	319 10.2494
	320 10.3888
	321 10.581
	322 10.823
	19 11.1116
LINE 13 20 84.4981 8
	323 10.6047
	324 10.5684
	325 10.5441
	326 10.5319
	327 10.5319
	328 10.5441
	329 10.5684
	20 10.6047
LINE 14 21 247.915 24
	330 10.4223
	331 10.3982
	332 10.3764
	333 10.3566
	334 10.339
	335 10.3236
	336 10.3104
	337 10.2994
	338 10.2906
	339 10.2839
	340 10.2795
	341 10.2773
	342 10.2773
	343 10.2795
	344 10.2839
	345 10.2906
	346 10.2994
	347 10.3104
	348 10.3236
	349 10.339
	350 10.3566
	351 10.3764
	352 10.3982
	21 10.4223
LINE 16 17 128.904 12
	353 10.9798
	354 10.8512
	355 10.7472
	356 10.6685
	357 10.6158
	358 10.5893
	359 10.5893
	360 10.6158
	361 10.6685
	362 10.7472
	363 10.8512
	17 10.9798
LINE 16 23 108.766 10
	364 11.0935
	365 10.9499
	366 10.841
	367 10.7677
	368 10.7309
	369 10.7309
	370 10.7677
	371 10.841
	372 10.9499
	23 11.0935
LINE 17 18 95.622 9
	373 10.9549
	374 10.7097
	375 10.531
	376 10.4224
	377 10.3859
	378 10.4224
	379 10.531
	380 10.7097
	18 10.9549
LINE 17 24 153.184 15
	381 10.3436
	382 10.2876
	383 10.24
	384 10.2009
	385 10.1704
	386 10.1485
	387 10.1354
	388 10.131
	389 10.1354
	390 10.1485
	391 10.1704
	392 10.2009
	393 10.24
	394 10.2876
	24 10.3436
LINE 18 24 171.315 16
	395 10.7897
	396 10.7568
	397 10.7285
	398 10.7049
	399 10.686
	400 10.6718
	401 10.6623
	402 10.6575
	403 10.6575
	404 10.6623
	405 10.6718
	406 10.686
	407 10.7049
	408 10.7285
	409 10.7568
	24 10.7897
LINE 18 25 183.98 17
	410 11.4246
	411 11.2043
	412 11.0098
	413 10.8426
	414 10.7037
	415 10.5945
	416 10.5158
	417 10.4683
	418 10.4524
	419 10.4683
	420 10.5158
	421 10.5945
	422 10.7037
	423 10.8426
	424 11.0098
	425 11.2043
	25 11.4246
LINE 20 21 209.134 20
	426 10.8597
	427 10.7348
	428 10.6224
	429 10.5232
	430 10.4373
	431 10.3652
	432 10.3072
	433 10.2635
	434 10.2342
	435 10.2196
	436 10.2196
	437 10.2342
	438 10.2635
	439 10.3072
	440 10.3652
	441 10.4373
	442 10.5232
	443 10.6224
	444 10.7348
	21 10.8597
LINE 20 28 259.561 25
	445 10.4864
	446 10.4605
	447 10.4369
	448 10.4154
	449 10.3962
	450 10.3792
	451 10.3644
	452 10.3519
	453 10.3417
	454 10.3337
	455 10.328
	456 10.3246
	457 10.3234
	458 10.3246
	459 10.328
	460 10.3337
	461 10.3417
	462 10.3519
	463 10.3644
	464 10.3792
	465 10.3962
	466 10.4154
	467 10.4369
	468 10.4605
	28 10.4864
LINE 21 29 141.133 14
	469 10.214
	470 10.1529
	471 10.1017
	472 10.0606
	473 10.0296
	474 10.0089
	475 9.99854
	476 9.99854
	477 10.0089
	478 10.0296
	479 10.0606
	480 10.1017
	481 10.1529
	29 10.214
LINE 22 23 189.987 18
	482 11.3137
	483 11.0545
	484 10.8225
	485 10.6197
	486 10.4477
	487 10.308
	488 10.202
	489 10.1307
	490 10.0949
	491 10.0949
	492 10.1307
	493 10.202
	494 10.308
	495 10.4477
	496 10.6197
	497 10.8225
	498 11.0545
	23 11.3137
LINE 23 30 330.552 30
	499 12.0676
	500 11.8606
	501 11.6651
	502 11.4817
	503 11.3109
	504 11.1534
	505 11.0097
	506 10.8804
	507 10.766
	508 10.6669
	509 10.5837
	510 10.5166
	511 10.466
	512 10.4321
	513 10.4152
	514 10.4152
	515 10.4321
	516 10.466
	517 10.5166
	518 10.5837
	519 10.6669
	520 10.766
	521 10.8804
	522 11.0097
	523 11.1534
	524 11.3109
	525 11.4817
	526 11.6651
	527 11.8606
	30 12.0676
LINE 23 31 144.687 14
	528 10.4804
	529 10.4136
	530 10.3576
	531 10.3126
	532 10.2787
	533 10.256
	534 10.2447
	535 10.2447
	536 10.256
	537 10.2787
	538 10.3126
	539 10.3576
	540 10.4136
	31 10.4804
LINE 24 32 156.381 15
	541 10.9179
	542 10.7111
	543 10.5329
	544 10.3849
	545 10.2682
	546 10.1841
	547 10.1333
	548 10.1163
	549 10.1333
	550 10.1841
	551 10.2682
	552 10.3849
	553 10.5329
	554 10.7111
	32 10.9179
LINE 25 26 189.101 17
	555 11.8726
	556 11.6
	557 11.3585
	558 11.1501
	559 10.9766
	560 10.8398
	561 10.741
	562 10.6813
	563 10.6613
	564 10.6813
	565 10.741
	566 10.8398
	567 10.9766
	568 11.1501
	569 11.3585
	570 11.6
	26 11.8726
LINE 25 34 181.82 17
	571 10.9091
	572 10.8296
	573 10.7603
	574 10.7013
	575 10.6528
	576 10.6149
	577 10.5877
	578 10.5714
	579 10.566
	580 10.5714
	581 10.5877
	582 10.6149
	583 10.6528
	584 10.7013
	585 10.7603
	586 10.8296
	34 10.9091
LINE 26 27 116.643 11
	587 10.7527
	588 10.6639
	589 10.5943
	590 10.5443
	591 10.5142
	592 10.5042
	593 10.5142
	594 10.5443
	595 10.5943
	596 10.6639
	27 10.7527
LINE 26 34 67.6193 6
	597 11.3418
	598 11.2556
	599 11.2123
	600 11.2123
	601 11.2556
	34 11.3418
LINE 27 34 156.867 15
	602 11.0556
	603 10.8056
	604 10.5895
	605 10.4093
	606 10.267
	607 10.1641
	608 10.1019
	609 10.081
	610 10.1019
	611 10.1641
	612 10.267
	613 10.4093
	614 10.5895
	615 10.8056
	34 11.0556
LINE 27 35 90.0712 8
	616 11.9067
	617 11.3606
	618 10.9815
	619 10.7869
	620 10.7869
	621 10.9815
	622 11.3606
	35 11.9067
LINE 28 29 73.9834 7
	623 10.5738
	624 10.5691
	625 10.5662
	626 10.5653
	627 10.5662
	628 10.5691
	29 10.5738
LINE 28 36 144.516 14
	629 10.5556
	630 10.449
	631 10.3594
	632 10.2872
	633 10.2327
	634 10.1961
	635 10.1778
	636 10.1778
	637 10.1961
	638 10.2327
	639 10.2872
	640 10.3594
	641 10.449
	36 10.5556
LINE 29 37 118.132 11
	642 10.8612
	643 10.7883
	644 10.7314
	645 10.6905
	646 10.6659
	647 10.6577
	648 10.6659
	649 10.6905
	650 10.7314
	651 10.7883
	37 10.8612
LINE 32 40 150.426 14
	652 10.813
	653 10.7815
	654 10.7553
	655 10.7342
	656 10.7184
	657 10.7079
	658 10.7026
	659 10.7026
	660 10.7079
	661 10.7184
	662 10.7342
	663 10.7553
	664 10.7815
	40 10.813
LINE 33 34 146.415 14
	665 11.186
	666 10.8597
	667 10.5802
	668 10.3511
	669 10.1759
	670 10.0574
	671 9.9976
	672 9.9976
	673 10.0574
	674 10.1759
	675 10.3511
	676 10.5802
	677 10.8597
	34 11.186
LINE 33 40 266.503 25
	678 11.1532
	679 11.0327
	680 10.9215
	681 10.82
	682 10.7283
	683 10.6467
	684 10.5755
	685 10.5149
	686 10.465
	687 10.4261
	688 10.3982
	689 10.3814
	690 10.3758
	691 10.3814
	692 10.3982
	693 10.4261
	694 10.465
	695 10.5149
	696 10.5755
	697 10.6467
	698 10.7283
	699 10.82
	700 10.9215
	701 11.0327
	40 11.1532
LINE 34 41 212.528 20
	702 10.8026
	703 10.7474
	704 10.6981
	705 10.6548
	706 10.6175
	707 10.5863
	708 10.5613
	709 10.5425
	710 10.53
	711 10.5237
	712 10.5237
	713 10.53
	714 10.5425
	715 10.5613
	716 10.5863
	717 10.6175
	718 10.6548
	719 10.6981
	720 10.7474
	41 10.8026
LINE 35 36 193.917 18
	721 11.1344
	722 11.0088
	723 10.8978
	724 10.8017
	725 10.721
	726 10.656
	727 10.607
	728 10.5741
	729 10.5577
	730 10.5577
	731 10.5741
	732 10.607
	733 10.656
	734 10.721
	735 10.8017
	736 10.8978
	737 11.0088
	36 11.1344
LINE 35 42 169.064 16
	738 10.5675
	739 10.5671
	740 10.5668
	741 10.5665
	742 10.5663
	743 10.5661
	744 10.566
	745 10.5659
	746 10.5659
	747 10.566
	748 10.5661
	749 10.5663
	750 10.5665
	751 10.5668
	752 10.5671
	42 10.5675
LINE 38 39 167.065 16
	753 10.4594
	754 10.4523
	755 10.4462
	756 10.4411
	757 10.437
	758 10.434
	759 10.4319
	760 10.4309
	761 10.4309
	762 10.4319
	763 10.434
	764 10.437
	765 10.4411
	766 10.4462
	767 10.4523
	39 10.4594
LINE 42 43 183.829 18
	768 10.2586
	769 10.2424
	770 10.2283
	771 10.2161
	772 10.206
	773 10.1979
	774 10.1918
	775 10.1877
	776 10.1857
	777 10.1857
	778 10.1877
	779 10.1918
	780 10.1979
	781 10.206
	782 10.2161
	783 10.2283
	784 10.2424
	43 10.2586
LINE 43 44 179.249 17
	785 10.587
	786 10.5709
	787 10.557
	788 10.5452
	789 10.5355
	790 10.528
	791 10.5226
	792 10.5194
	793 10.5183
	794 10.5194
	795 10.5226
	796 10.528
	797 10.5355
	798 10.5452
	799 10.557
	800 10.5709
	44 10.587
COORDENADAS :
1	76.9175	495.379
2	179.361	500.837
3	296.302	554.937
4	354.647	551.854
5	496.452	543.484
6	606.296	532.19
7	698.101	505.074
8	98.3723	446.033
9	204.548	397.255
10	310.914	440.197
11	399.566	401.062
12	588.746	461.433
13	654.221	414.328
14	760.269	463.805
15	93.5058	315.537
16	214.681	320.808
17	298.725	310.385
18	361.021	311.918
19	586.608	358.24
20	657.556	358.265
21	781.028	300.688
22	104.854	207.105
23	218.315	249.391
24	311.034	209.825
25	382.07	195.343
26	502.651	203.063
27	578.436	216.86
28	719.59	197.78
29	767.753	208.329
30	67.4451	105.826
31	193.529	157.056
32	315.843	108.776
33	404.683	140.269
34	496.08	158.72
35	581.989	159.571
36	696.599	105.633
37	794.651	134.948
38	79.6498	61.0916
39	187.947	35.58
40	287.659	12.9502
41	477.894	19.5984
42	552.671	50.7477
43	663.863	0
44	777.366	36.4324
45	475.161	264.792
46	0	48.7025
47	734.519	271.219
48	566.936	397.035
49	631.806	555.334
50	451.186	387.092
51	77.5022	488.299
52	78.6861	481.48
53	80.4692	474.921
54	82.8515	468.622
55	85.8329	462.584
56	89.4136	456.806
57	93.5933	451.289
58	83.2049	492.073
59	89.4253	488.68
60	95.5785	485.199
61	101.665	481.631
62	107.684	477.976
63	113.635	474.234
64	119.52	470.404
65	125.338	466.487
66	131.088	462.483
67	136.772	458.391
68	142.388	454.212
69	147.937	449.946
70	153.419	445.592
71	158.834	441.151
72	164.182	436.623
73	169.463	432.008
74	174.676	427.305
75	179.823	422.515
76	184.902	417.637
77	189.914	412.673
78	194.859	407.621
79	199.737	402.481
80	185.178	504.415
81	191.033	507.912
82	196.925	511.327
83	202.854	514.661
84	208.821	517.914
85	214.826	521.086
86	220.868	524.177
87	226.948	527.187
88	233.065	530.115
89	239.22	532.962
90	245.412	535.729
91	251.642	538.414
92	257.909	541.018
93	264.214	543.54
94	270.557	545.982
95	276.937	548.342
96	283.354	550.622
97	289.81	552.82
98	361.372	550.996
99	368.1	550.184
100	374.831	549.418
101	381.565	548.698
102	388.301	548.024
103	395.04	547.395
104	401.782	546.813
105	408.527	546.277
106	415.274	545.786
107	422.024	545.342
108	428.776	544.943
109	435.532	544.59
110	442.29	544.284
111	449.05	544.023
112	455.814	543.808
113	462.58	543.639
114	469.349	543.516
115	476.121	543.439
116	482.895	543.408
117	489.672	543.423
118	352.851	544.982
119	350.959	538.147
120	348.969	531.351
121	346.882	524.593
122	344.698	517.872
123	342.417	511.19
124	340.039	504.546
125	337.564	497.94
126	334.991	491.372
127	332.322	484.842
128	329.555	478.35
129	326.691	471.896
130	323.73	465.48
131	320.672	459.102
132	317.516	452.762
133	314.264	446.46
134	357.323	545.514
135	359.933	539.153
136	362.478	532.773
137	364.957	526.374
138	367.371	519.955
139	369.718	513.516
140	372	507.058
141	374.216	500.58
142	376.366	494.083
143	378.451	487.565
144	380.47	481.029
145	382.423	474.473
146	384.31	467.897
147	386.132	461.302
148	387.887	454.687
149	389.577	448.052
150	391.202	441.398
151	392.76	434.724
152	394.253	428.031
153	395.68	421.318
154	397.041	414.585
155	398.337	407.833
156	503.686	546.366
157	510.871	548.77
158	518.007	550.695
159	525.093	552.142
160	532.131	553.111
161	539.119	553.601
162	546.058	553.612
163	552.948	553.146
164	559.789	552.2
165	566.58	550.777
166	573.322	548.875
167	580.015	546.495
168	586.659	543.636
169	593.254	540.299
170	599.799	536.484
171	691.999	501.678
172	685.856	498.385
173	679.671	495.196
174	673.446	492.111
175	667.178	489.13
176	660.87	486.252
177	654.52	483.477
178	648.129	480.807
179	641.696	478.24
180	635.222	475.776
181	628.707	473.416
182	622.15	471.16
183	615.552	469.008
184	608.912	466.959
185	602.232	465.013
186	595.51	463.172
187	697.507	497.897
188	696.581	490.88
189	695.321	484.025
190	693.728	477.331
191	691.802	470.798
192	689.543	464.427
193	686.951	458.216
194	684.025	452.166
195	680.767	446.278
196	677.175	440.55
197	673.251	434.983
198	668.993	429.578
199	664.402	424.334
200	659.478	419.25
201	104.874	443.72
202	111.343	441.338
203	117.78	438.886
204	124.186	436.364
205	130.559	433.773
206	136.901	431.113
207	143.21	428.383
208	149.488	425.583
209	155.734	422.714
210	161.947	419.775
211	168.129	416.766
212	174.279	413.688
213	180.397	410.541
214	186.483	407.324
215	192.536	404.037
216	198.558	400.681
217	97.1207	439.202
218	95.9797	432.367
219	94.9493	425.527
220	94.0295	418.684
221	93.2204	411.836
222	92.5218	404.985
223	91.9339	398.129
224	91.4565	391.269
225	91.0898	384.405
226	90.8336	377.537
227	90.6881	370.664
228	90.6532	363.788
229	90.7289	356.907
230	90.9152	350.023
231	91.2121	343.134
232	91.6196	336.241
233	92.1377	329.344
234	92.7665	322.443
235	100.384	438.572
236	102.617	431.315
237	105.069	424.262
238	107.741	417.414
239	110.633	410.77
240	113.746	404.331
241	117.078	398.096
242	120.63	392.065
243	124.402	386.239
244	128.395	380.617
245	132.607	375.199
246	137.039	369.986
247	141.692	364.977
248	146.564	360.172
249	151.656	355.572
250	156.969	351.176
251	162.501	346.984
252	168.253	342.997
253	174.226	339.214
254	180.418	335.635
255	186.831	332.261
256	193.463	329.091
257	200.316	326.126
258	207.388	323.364
259	203.621	390.06
260	203.063	382.914
261	202.875	375.818
262	203.057	368.77
263	203.608	361.771
264	204.529	354.821
265	205.82	347.92
266	207.481	341.069
267	209.511	334.266
268	211.911	327.512
269	318.482	440.199
270	325.859	439.771
271	333.047	438.913
272	340.044	437.624
273	346.851	435.905
274	353.469	433.755
275	359.896	431.175
276	366.133	428.165
277	372.181	424.724
278	378.038	420.852
279	383.705	416.55
280	389.182	411.818
281	394.469	406.655
282	308.47	433.534
283	306.226	426.852
284	304.182	420.151
285	302.338	413.432
286	300.695	406.694
287	299.252	399.937
288	298.009	393.161
289	296.967	386.367
290	296.125	379.553
291	295.484	372.721
292	295.042	365.87
293	294.801	359
294	294.761	352.111
295	294.921	345.204
296	295.281	338.278
297	295.841	331.333
298	296.602	324.369
299	297.563	317.386
300	593.715	456.831
301	598.773	452.352
302	603.919	447.995
303	609.154	443.762
304	614.478	439.652
305	619.89	435.665
306	625.39	431.801
307	630.979	428.06
308	636.657	424.443
309	642.423	420.948
310	648.278	417.577
311	647.083	412.349
312	640.267	409.981
313	633.775	407.224
314	627.605	404.077
315	621.758	400.541
316	616.234	396.616
317	611.033	392.301
318	606.155	387.597
319	601.6	382.504
320	597.367	377.022
321	593.458	371.151
322	589.871	364.89
323	653.804	407.271
324	653.625	400.227
325	653.684	393.198
326	653.982	386.183
327	654.518	379.183
328	655.292	372.196
329	656.305	365.224
330	759.988	456.862
331	759.806	449.933
332	759.723	443.015
333	759.741	436.111
334	759.858	429.219
335	760.075	422.34
336	760.391	415.474
337	760.807	408.62
338	761.323	401.779
339	761.939	394.951
340	762.654	388.136
341	763.469	381.333
342	764.384	374.543
343	765.399	367.765
344	766.513	361
345	767.727	354.248
346	769.04	347.509
347	770.454	340.782
348	771.967	334.068
349	773.58	327.366
350	775.292	320.678
351	777.104	314.002
352	779.016	307.338
353	221.924	321.867
354	229.123	322.576
355	236.279	322.934
356	243.391	322.942
357	250.46	322.6
358	257.485	321.906
359	264.467	320.862
360	271.406	319.468
361	278.301	317.723
362	285.152	315.627
363	291.96	313.181
364	216.929	313.762
365	218.758	306.695
366	220.168	299.606
367	221.16	292.497
368	221.733	285.366
369	221.887	278.213
370	221.622	271.04
371	220.938	263.845
372	219.836	256.629
373	305.704	308.232
374	312.669	306.661
375	319.619	305.67
376	326.555	305.26
377	333.477	305.43
378	340.384	306.181
379	347.278	307.513
380	354.157	309.425
381	300.926	303.85
382	302.93	297.29
383	304.737	290.707
384	306.346	284.1
385	307.758	277.468
386	308.973	270.812
387	309.991	264.133
388	310.812	257.429
389	311.435	250.701
390	311.861	243.948
391	312.09	237.172
392	312.122	230.371
393	311.957	223.547
394	311.594	216.698
395	358.907	305.043
396	356.659	298.233
397	354.275	291.49
398	351.757	284.812
399	349.104	278.201
400	346.317	271.655
401	343.395	265.175
402	340.338	258.761
403	337.146	252.413
404	333.82	246.131
405	330.359	239.916
406	326.763	233.765
407	323.033	227.681
408	319.168	221.663
409	315.168	215.711
410	359.234	304.515
411	357.825	297.179
412	356.794	289.912
413	356.141	282.713
414	355.866	275.583
415	355.97	268.521
416	356.451	261.527
417	357.311	254.601
418	358.55	247.744
419	360.166	240.954
420	362.16	234.234
421	364.533	227.581
422	367.284	220.997
423	370.413	214.481
424	373.921	208.033
425	377.806	201.654
426	662.693	353.164
427	667.94	348.296
428	673.295	343.663
429	678.759	339.263
430	684.333	335.098
431	690.016	331.166
432	695.807	327.468
433	701.708	324.004
434	707.718	320.775
435	713.837	317.779
436	720.065	315.017
437	726.402	312.489
438	732.849	310.195
439	739.404	308.135
440	746.069	306.309
441	752.842	304.717
442	759.725	303.359
443	766.717	302.234
444	773.818	301.344
445	661.183	352.289
446	664.714	346.275
447	668.149	340.224
448	671.49	334.137
449	674.735	328.013
450	677.884	321.852
451	680.938	315.653
452	683.896	309.419
453	686.759	303.147
454	689.527	296.838
455	692.199	290.492
456	694.776	284.11
457	697.257	277.69
458	699.643	271.234
459	701.934	264.741
460	704.129	258.211
461	706.228	251.644
462	708.233	245.04
463	710.141	238.399
464	711.955	231.722
465	713.673	225.007
466	715.295	218.256
467	716.822	211.468
468	718.254	204.642
469	778.698	294.289
470	776.581	287.86
471	774.677	281.401
472	772.985	274.911
473	771.505	268.39
474	770.238	261.839
475	769.184	255.257
476	768.342	248.645
477	767.713	242.002
478	767.296	235.328
479	767.091	228.624
480	767.099	221.89
481	767.32	215.125
482	112.349	206.258
483	119.703	205.787
484	126.917	205.691
485	133.992	205.972
486	140.926	206.629
487	147.72	207.662
488	154.374	209.071
489	160.887	210.856
490	167.261	213.017
491	173.494	215.555
492	179.587	218.468
493	185.54	221.757
494	191.353	225.423
495	197.026	229.464
496	202.558	233.882
497	207.95	238.676
498	213.203	243.845
499	216.088	241.66
500	213.669	234.132
501	211.056	226.808
502	208.25	219.686
503	205.251	212.768
504	202.058	206.052
505	198.672	199.54
506	195.093	193.231
507	191.321	187.125
508	187.355	181.223
509	183.196	175.523
510	178.843	170.026
511	174.298	164.733
512	169.558	159.643
513	164.626	154.756
514	159.501	150.072
515	154.182	145.591
516	148.669	141.313
517	142.964	137.239
518	137.065	133.367
519	130.973	129.699
520	124.687	126.234
521	118.209	122.972
522	111.537	119.913
523	104.671	117.057
524	97.6127	114.405
525	90.3607	111.955
526	82.9155	109.709
527	75.277	107.666
528	217.972	242.413
529	217.409	235.493
530	216.627	228.632
531	215.625	221.831
532	214.404	215.088
533	212.963	208.404
534	211.302	201.779
535	209.422	195.214
536	207.322	188.707
537	205.003	182.259
538	202.464	175.87
539	199.705	169.539
540	196.727	163.268
541	308.62	202.958
542	306.597	196.11
543	304.965	189.28
544	303.723	182.469
545	302.872	175.677
546	302.411	168.903
547	302.341	162.148
548	302.661	155.412
549	303.373	148.694
550	304.475	141.994
551	305.967	135.313
552	307.85	128.651
553	310.124	122.007
554	312.788	115.382
555	389.386	192.321
556	396.674	189.734
557	403.933	187.581
558	411.166	185.863
559	418.37	184.579
560	425.546	183.73
561	432.695	183.315
562	439.816	183.335
563	446.909	183.789
564	453.974	184.678
565	461.011	186.001
566	468.021	187.758
567	475.003	189.95
568	481.956	192.577
569	488.883	195.638
570	495.781	199.133
571	389.33	194.912
572	396.521	194.265
573	403.642	193.403
574	410.695	192.325
575	417.678	191.032
576	424.592	189.524
577	431.437	187.801
578	438.212	185.862
579	444.919	183.708
580	451.556	181.338
581	458.124	178.753
582	464.623	175.953
583	471.053	172.937
584	477.413	169.706
585	483.705	166.259
586	489.927	162.598
587	509.266	205.825
588	515.936	208.285
589	522.661	210.444
590	529.441	212.301
591	536.276	213.857
592	543.165	215.111
593	550.11	216.064
594	557.109	216.715
595	564.163	217.065
596	571.272	217.113
597	500.406	195.843
598	498.62	188.555
599	497.295	181.199
600	496.43	173.774
601	496.025	166.281
602	574.691	210.512
603	570.696	204.517
604	566.452	198.876
605	561.959	193.587
606	557.216	188.652
607	552.225	184.07
608	546.984	179.84
609	541.493	175.964
610	535.753	172.442
611	529.764	169.272
612	523.526	166.455
613	517.039	163.992
614	510.302	161.882
615	503.315	160.124
616	575.491	209.488
617	573.515	202.177
618	572.507	194.926
619	572.466	187.735
620	573.395	180.604
621	575.291	173.533
622	578.156	166.522
623	726.531	199.01
624	733.452	200.333
625	740.353	201.747
626	747.233	203.254
627	754.093	204.854
628	760.933	206.545
629	716.132	191.651
630	712.954	185.453
631	710.055	179.184
632	707.435	172.846
633	705.094	166.439
634	703.033	159.961
635	701.251	153.414
636	699.749	146.798
637	698.526	140.111
638	697.582	133.355
639	696.917	126.529
640	696.532	119.634
641	696.426	112.668
642	771.508	202.138
643	775.001	195.851
644	778.232	189.469
645	781.201	182.989
646	783.909	176.414
647	786.354	169.743
648	788.537	162.976
649	790.459	156.113
650	792.118	149.154
651	793.515	142.099
652	314.818	101.64
653	313.642	94.5497
654	312.313	87.5037
655	310.832	80.5025
656	309.199	73.5459
657	307.414	66.6341
658	305.477	59.7671
659	303.388	52.9448
660	301.147	46.1672
661	298.753	39.4343
662	296.208	32.7462
663	293.51	26.1028
664	290.661	19.5041
665	411.875	138.299
666	418.965	136.834
667	425.953	135.875
668	432.839	135.422
669	439.623	135.476
670	446.304	136.035
671	452.884	137.1
672	459.361	138.671
673	465.736	140.747
674	472.009	143.33
675	478.18	146.419
676	484.249	150.013
677	490.216	154.114
678	402.01	133.331
679	399.17	126.546
680	396.162	119.915
681	392.987	113.438
682	389.645	107.115
683	386.135	100.946
684	382.458	94.9302
685	378.614	89.0685
686	374.602	83.3605
687	370.423	77.8063
688	366.077	72.4059
689	361.563	67.1594
690	356.882	62.0666
691	352.034	57.1277
692	347.018	52.3425
693	341.836	47.7112
694	336.485	43.2336
695	330.968	38.9099
696	325.283	34.74
697	319.43	30.7238
698	313.411	26.8615
699	307.224	23.153
700	300.869	19.5983
701	294.348	16.1973
702	496.785	151.553
703	497.32	144.408
704	497.685	137.286
705	497.881	130.185
706	497.906	123.107
707	497.761	116.051
708	497.447	109.017
709	496.962	102.005
710	496.308	95.0159
711	495.484	88.0487
712	494.489	81.1037
713	493.325	74.1809
714	491.991	67.2803
715	490.487	60.402
716	488.813	53.5458
717	486.969	46.7119
718	484.955	39.9002
719	482.771	33.1107
720	480.417	26.3434
721	587.351	154.437
722	592.83	149.555
723	598.428	144.924
724	604.145	140.545
725	609.98	136.417
726	615.933	132.54
727	622.004	128.915
728	628.194	125.541
729	634.502	122.419
730	640.928	119.548
731	647.473	116.929
732	654.136	114.561
733	660.917	112.445
734	667.817	110.579
735	674.835	108.966
736	681.972	107.604
737	689.226	106.493
738	580.275	152.737
739	578.546	145.908
740	576.8	139.083
741	575.039	132.263
742	573.262	125.446
743	571.469	118.634
744	569.661	111.826
745	567.836	105.023
746	565.996	98.2234
747	564.14	91.4284
748	562.268	84.6376
749	560.38	77.8511
750	558.476	71.0689
751	556.557	64.2909
752	554.622	57.5172
753	86.3003	58.9958
754	92.9665	56.9667
755	99.6485	55.0045
756	106.346	53.1092
757	113.06	51.2808
758	119.789	49.5191
759	126.534	47.8244
760	133.295	46.1965
761	140.071	44.6354
762	146.863	43.1412
763	153.671	41.7139
764	160.495	40.3534
765	167.334	39.0598
766	174.19	37.833
767	181.06	36.6731
768	559.186	48.6701
769	565.662	46.5053
770	572.099	44.2532
771	578.495	41.9138
772	584.852	39.4872
773	591.168	36.9733
774	597.445	34.3721
775	603.682	31.6837
776	609.88	28.908
777	616.037	26.0451
778	622.155	23.0948
779	628.232	20.0574
780	634.27	16.9326
781	640.268	13.7206
782	646.227	10.4214
783	652.145	7.03484
784	658.024	3.56105
785	670.785	1.37872
786	677.676	2.85298
787	684.537	4.42279
788	691.367	6.08814
789	698.166	7.84904
790	704.935	9.70549
791	711.673	11.6575
792	718.38	13.705
793	725.057	15.8481
794	731.703	18.0867
795	738.318	20.4209
796	744.903	22.8506
797	751.457	25.3759
798	757.98	27.9967
799	764.473	30.713
800	770.935	33.5249
