NOMBRE : MTLARP6_6_4_1.dat
VERTICES ORIGINALES : 31
VERTICES TOTALES : 361
DEPOTS : 4
28
29
30
31
LINEAS ORIGINALES : 22
LINE 1 4 220.503 21
	32 10.6422
	33 10.5999
	34 10.5618
	35 10.5282
	36 10.4989
	37 10.474
	38 10.4537
	39 10.4378
	40 10.4265
	41 10.4196
	42 10.4174
	43 10.4196
	44 10.4265
	45 10.4378
	46 10.4537
	47 10.474
	48 10.4989
	49 10.5282
	50 10.5618
	51 10.5999
	4 10.6422
LINE 2 3 230.984 21
	52 11.69
	53 11.4889
	54 11.3058
	55 11.1418
	56 10.9978
	57 10.8743
	58 10.7723
	59 10.6923
	60 10.6347
	61 10.6001
	62 10.5885
	63 10.6001
	64 10.6347
	65 10.6923
	66 10.7723
	67 10.8743
	68 10.9978
	69 11.1418
	70 11.3058
	71 11.4889
	3 11.69
LINE 5 6 85.8926 8
	72 11.5947
	73 10.876
	74 10.3692
	75 10.1063
	76 10.1063
	77 10.3692
	78 10.876
	6 11.5947
LINE 5 9 187.061 18
	79 10.8927
	80 10.7199
	81 10.5664
	82 10.433
	83 10.3206
	84 10.2297
	85 10.161
	86 10.115
	87 10.0919
	88 10.0919
	89 10.115
	90 10.161
	91 10.2297
	92 10.3206
	93 10.433
	94 10.5664
	95 10.7199
	9 10.8927
LINE 6 9 146.272 13
	96 12.5111
	97 11.9091
	98 11.3929
	99 10.9747
	100 10.6659
	101 10.4763
	102 10.4123
	103 10.4763
	104 10.6659
	105 10.9747
	106 11.3929
	107 11.9091
	9 12.5111
LINE 7 8 105.151 10
	108 10.6936
	109 10.5753
	110 10.4857
	111 10.4256
	112 10.3954
	113 10.3954
	114 10.4256
	115 10.4857
	116 10.5753
	8 10.6936
LINE 7 13 128.371 12
	117 11.1193
	118 10.8928
	119 10.7081
	120 10.5675
	121 10.4728
	122 10.425
	123 10.425
	124 10.4728
	125 10.5675
	126 10.7081
	127 10.8928
	13 11.1193
LINE 8 9 197.333 19
	128 10.7433
	129 10.6261
	130 10.5216
	131 10.4301
	132 10.3521
	133 10.2879
	134 10.2376
	135 10.2016
	136 10.1799
	137 10.1727
	138 10.1799
	139 10.2016
	140 10.2376
	141 10.2879
	142 10.3521
	143 10.4301
	144 10.5216
	145 10.6261
	9 10.7433
LINE 8 14 265.217 25
	146 11.0716
	147 10.9583
	148 10.8539
	149 10.7585
	150 10.6724
	151 10.5959
	152 10.5292
	153 10.4723
	154 10.4256
	155 10.3891
	156 10.363
	157 10.3473
	158 10.342
	159 10.3473
	160 10.363
	161 10.3891
	162 10.4256
	163 10.4723
	164 10.5292
	165 10.5959
	166 10.6724
	167 10.7585
	168 10.8539
	169 10.9583
	14 11.0716
LINE 9 14 232.245 21
	170 12.0278
	171 11.7489
	172 11.4937
	173 11.2637
	174 11.0605
	175 10.8856
	176 10.7404
	177 10.626
	178 10.5436
	179 10.4939
	180 10.4772
	181 10.4939
	182 10.5436
	183 10.626
	184 10.7404
	185 10.8856
	186 11.0605
	187 11.2637
	188 11.4937
	189 11.7489
	14 12.0278
LINE 9 15 245.58 21
	190 13.5081
	191 13.0014
	192 12.5306
	193 12.1
	194 11.714
	195 11.3772
	196 11.094
	197 10.8687
	198 10.7048
	199 10.6052
	200 10.5719
	201 10.6052
	202 10.7048
	203 10.8687
	204 11.094
	205 11.3772
	206 11.714
	207 12.1
	208 12.5306
	209 13.0014
	15 13.5081
LINE 10 15 111.886 10
	210 12.0351
	211 11.4855
	212 11.0554
	213 10.7591
	214 10.6079
	215 10.6079
	216 10.7591
	217 11.0554
	218 11.4855
	15 12.0351
LINE 11 12 242.517 22
	219 12.1649
	220 11.8543
	221 11.5677
	222 11.3068
	223 11.0735
	224 10.8695
	225 10.6965
	226 10.5561
	227 10.4496
	228 10.3779
	229 10.3419
	230 10.3419
	231 10.3779
	232 10.4496
	233 10.5561
	234 10.6965
	235 10.8695
	236 11.0735
	237 11.3068
	238 11.5677
	239 11.8543
	12 12.1649
LINE 13 18 207.191 18
	240 13.0702
	241 12.552
	242 12.0804
	243 11.6609
	244 11.2995
	245 11.0018
	246 10.7732
	247 10.618
	248 10.5396
	249 10.5396
	250 10.618
	251 10.7732
	252 11.0018
	253 11.2995
	254 11.6609
	255 12.0804
	256 12.552
	18 13.0702
LINE 15 16 123.902 12
	257 10.3421
	258 10.3329
	259 10.3255
	260 10.3199
	261 10.3162
	262 10.3144
	263 10.3144
	264 10.3162
	265 10.3199
	266 10.3255
	267 10.3329
	16 10.3421
LINE 17 23 154.992 15
	268 10.5908
	269 10.4814
	270 10.3879
	271 10.3108
	272 10.2505
	273 10.2071
	274 10.181
	275 10.1723
	276 10.181
	277 10.2071
	278 10.2505
	279 10.3108
	280 10.3879
	281 10.4814
	23 10.5908
LINE 18 19 116.96 11
	282 11.6684
	283 11.0691
	284 10.5795
	285 10.2154
	286 9.9906
	287 9.91453
	288 9.9906
	289 10.2154
	290 10.5795
	291 11.0691
	19 11.6684
LINE 20 24 105.051 10
	292 11.0332
	293 10.6873
	294 10.4203
	295 10.2385
	296 10.1463
	297 10.1463
	298 10.2385
	299 10.4203
	300 10.6873
	24 11.0332
LINE 21 25 131.466 12
	301 11.2701
	302 11.1004
	303 10.9627
	304 10.8584
	305 10.7882
	306 10.753
	307 10.753
	308 10.7882
	309 10.8584
	310 10.9627
	311 11.1004
	25 11.2701
LINE 22 26 234.897 22
	312 11.2041
	313 11.057
	314 10.923
	315 10.8025
	316 10.6959
	317 10.6037
	318 10.5263
	319 10.4639
	320 10.4169
	321 10.3854
	322 10.3696
	323 10.3696
	324 10.3854
	325 10.4169
	326 10.4639
	327 10.5263
	328 10.6037
	329 10.6959
	330 10.8025
	331 10.923
	332 11.057
	26 11.2041
LINE 23 27 174.483 17
	333 10.2715
	334 10.2686
	335 10.266
	336 10.2639
	337 10.2622
	338 10.2608
	339 10.2598
	340 10.2592
	341 10.259
	342 10.2592
	343 10.2598
	344 10.2608
	345 10.2622
	346 10.2639
	347 10.266
	348 10.2686
	27 10.2715
LINE 26 27 153.48 14
	349 11.7435
	350 11.3938
	351 11.0939
	352 10.848
	353 10.6599
	354 10.5327
	355 10.4684
	356 10.4684
	357 10.5327
	358 10.6599
	359 10.848
	360 11.0939
	361 11.3938
	27 11.7435
COORDENADAS :
1	54.2683	553.05
2	197.332	566.634
3	344.123	545.97
4	0	417.679
5	143.809	438.495
6	197.494	440.501
7	37.8466	333.618
8	106.176	345.039
9	234.362	358.136
10	337.14	338.497
11	395.217	330.973
12	545.033	307.683
13	22.7964	251.635
14	216.441	212.554
15	353.059	269.723
16	425.074	229.446
17	519.626	231.475
18	45.894	127.408
19	118.532	124.259
20	255.413	126.072
21	338.349	144.936
22	400.325	158.519
23	545.366	133.062
24	221.668	67.538
25	288.528	74.8505
26	426.687	8.7621
27	523.798	18.8112
28	224.087	618.052
29	339.062	595.108
30	28.6155	637.333
31	196.071	639.036
32	50.3376	547.143
33	46.5415	541.183
34	42.88	535.168
35	39.3533	529.1
36	35.9611	522.978
37	32.7037	516.801
38	29.5808	510.571
39	26.5927	504.287
40	23.7392	497.949
41	21.0203	491.556
42	18.4361	485.11
43	15.9865	478.61
44	13.6716	472.056
45	11.4914	465.448
46	9.4458	458.785
47	7.53487	452.069
48	5.75859	445.299
49	4.11696	438.475
50	2.60998	431.597
51	1.23767	424.665
52	203.861	562.38
53	210.437	558.453
54	217.059	554.852
55	223.727	551.579
56	230.441	548.633
57	237.2	546.014
58	244.006	543.722
59	250.858	541.756
60	257.756	540.118
61	264.7	538.807
62	271.69	537.823
63	278.726	537.166
64	285.809	536.836
65	292.937	536.833
66	300.111	537.158
67	307.331	537.809
68	314.598	538.787
69	321.91	540.092
70	329.268	541.724
71	336.673	543.684
72	150.663	434.92
73	157.475	432.439
74	164.247	431.05
75	170.978	430.754
76	177.669	431.551
77	184.318	433.442
78	190.926	436.425
79	150.657	436.078
80	157.291	433.421
81	163.711	430.522
82	169.918	427.383
83	175.911	424.002
84	181.689	420.381
85	187.255	416.519
86	192.606	412.416
87	197.744	408.072
88	202.668	403.487
89	207.378	398.661
90	211.874	393.595
91	216.156	388.287
92	220.225	382.739
93	224.08	376.95
94	227.721	370.919
95	231.149	364.648
96	204.551	436.055
97	210.904	431.293
98	216.554	426.217
99	221.5	420.826
100	225.743	415.12
101	229.283	409.099
102	232.119	402.763
103	234.251	396.112
104	235.68	389.147
105	236.406	381.867
106	236.428	374.271
107	235.747	366.361
108	44.9569	333.101
109	52.0055	332.952
110	58.9925	333.173
111	65.9179	333.762
112	72.7816	334.719
113	79.5838	336.046
114	86.3243	337.741
115	93.0032	339.805
116	99.6204	342.237
117	34.046	327.253
118	30.7084	320.804
119	27.8337	314.27
120	25.4221	307.65
121	23.4734	300.946
122	21.9877	294.157
123	20.965	287.282
124	20.4053	280.323
125	20.3086	273.278
126	20.6749	266.149
127	21.5042	258.935
128	112.689	348.019
129	119.227	350.745
130	125.792	353.217
131	132.382	355.434
132	138.999	357.396
133	145.641	359.104
134	152.31	360.557
135	159.005	361.755
136	165.725	362.699
137	172.472	363.389
138	179.245	363.823
139	186.043	364.003
140	192.868	363.929
141	199.719	363.6
142	206.595	363.016
143	213.498	362.178
144	220.427	361.085
145	227.382	359.738
146	112.612	341.425
147	118.879	337.671
148	124.977	333.776
149	130.907	329.741
150	136.668	325.565
151	142.26	321.249
152	147.683	316.792
153	152.938	312.195
154	158.023	307.458
155	162.94	302.58
156	167.688	297.562
157	172.268	292.403
158	176.678	287.103
159	180.92	281.663
160	184.993	276.083
161	188.897	270.362
162	192.633	264.501
163	196.2	258.499
164	199.598	252.357
165	202.827	246.074
166	205.887	239.651
167	208.779	233.088
168	211.502	226.384
169	214.056	219.539
170	237.418	350.723
171	240.082	343.357
172	242.355	336.04
173	244.238	328.77
174	245.73	321.549
175	246.831	314.376
176	247.541	307.251
177	247.86	300.174
178	247.788	293.146
179	247.326	286.165
180	246.473	279.232
181	245.228	272.348
182	243.593	265.512
183	241.567	258.724
184	239.15	251.984
185	236.343	245.292
186	233.144	238.648
187	229.554	232.052
188	225.574	225.505
189	221.203	219.005
190	236.666	349.43
191	239.304	341.174
192	242.278	333.367
193	245.586	326.01
194	249.229	319.103
195	253.207	312.645
196	257.52	306.636
197	262.167	301.078
198	267.15	295.968
199	272.467	291.309
200	278.119	287.098
201	284.106	283.338
202	290.428	280.027
203	297.085	277.166
204	304.077	274.754
205	311.403	272.791
206	319.065	271.279
207	327.061	270.215
208	335.392	269.602
209	344.058	269.438
210	342.447	332.48
211	346.928	326.271
212	350.584	319.872
213	353.415	313.281
214	355.419	306.499
215	356.598	299.526
216	356.952	292.362
217	356.48	285.007
218	355.182	277.461
219	401.37	325.69
220	407.586	320.809
221	413.864	316.331
222	420.205	312.255
223	426.608	308.581
224	433.074	305.31
225	439.602	302.441
226	446.193	299.974
227	452.847	297.91
228	459.563	296.248
229	466.341	294.988
230	473.182	294.13
231	480.086	293.675
232	487.052	293.622
233	494.081	293.972
234	501.172	294.724
235	508.326	295.878
236	515.542	297.434
237	522.821	299.393
238	530.163	301.754
239	537.567	304.518
240	19.0046	243.79
241	15.8098	236.056
242	13.212	228.433
243	11.2114	220.921
244	9.80779	213.52
245	9.00126	206.23
246	8.7918	199.051
247	9.1794	191.983
248	10.1641	185.026
249	11.7458	178.18
250	13.9246	171.444
251	16.7005	164.82
252	20.0734	158.307
253	24.0434	151.906
254	28.6105	145.615
255	33.7746	139.435
256	39.5358	133.366
257	358.813	265.924
258	364.611	262.206
259	370.455	258.568
260	376.344	255.01
261	382.278	251.533
262	388.256	248.136
263	394.28	244.82
264	400.349	241.584
265	406.462	238.429
266	412.621	235.354
267	418.825	232.36
268	523.243	225.412
269	526.589	219.277
270	529.663	213.071
271	532.465	206.795
272	534.996	200.447
273	537.255	194.028
274	539.243	187.538
275	540.959	180.977
276	542.403	174.346
277	543.576	167.643
278	544.477	160.869
279	545.107	154.024
280	545.465	147.108
281	545.552	140.121
282	52.3199	123.024
283	58.7813	119.459
284	65.2782	116.714
285	71.8106	114.789
286	78.3785	113.683
287	84.982	113.397
288	91.621	113.93
289	98.2956	115.283
290	105.006	117.455
291	111.751	120.447
292	254.558	118.767
293	253.142	111.784
294	251.167	105.124
295	248.632	98.7865
296	245.538	92.7717
297	241.883	87.0796
298	237.669	81.7102
299	232.895	76.6634
300	227.562	71.9394
301	336.038	137.787
302	333.393	130.875
303	330.413	124.202
304	327.098	117.767
305	323.448	111.569
306	319.464	105.61
307	315.145	99.8884
308	310.491	94.4049
309	305.503	89.1593
310	300.179	84.1518
311	294.521	79.3822
312	398.734	151.221
313	397.409	143.969
314	396.35	136.765
315	395.556	129.607
316	395.028	122.496
317	394.765	115.432
318	394.768	108.414
319	395.037	101.443
320	395.571	94.5193
321	396.371	87.6421
322	397.436	80.8116
323	398.767	74.0279
324	400.364	67.2909
325	402.226	60.6007
326	404.354	53.9572
327	406.748	47.3605
328	409.407	40.8105
329	412.332	34.3073
330	415.522	27.8509
331	418.978	21.4412
332	422.699	15.0783
333	543.767	126.404
334	542.208	119.738
335	540.691	113.064
336	539.216	106.383
337	537.782	99.6935
338	536.389	92.9962
339	535.037	86.2912
340	533.727	79.5784
341	532.459	72.8577
342	531.231	66.1292
343	530.045	59.3929
344	528.901	52.6488
345	527.797	45.8969
346	526.736	39.1372
347	525.715	32.3697
348	524.736	25.5944
349	433.989	5.94041
350	441.236	3.66325
351	448.426	1.93063
352	455.56	0.742554
353	462.637	0.0990089
354	469.658	0
355	476.623	0.445527
356	483.531	1.43559
357	490.383	2.97019
358	497.179	5.04933
359	503.918	7.673
360	510.601	10.8412
361	517.228	14.5539
