NOMBRE : MTLARP8_10_4_1.dat
VERTICES ORIGINALES : 65
VERTICES TOTALES : 874
DEPOTS : 4
62
63
64
65
LINEAS ORIGINALES : 54
LINE 1 2 141.12 14
	66 10.4745
	67 10.2954
	68 10.1437
	69 10.0208
	70 9.92752
	71 9.86487
	72 9.8334
	73 9.8334
	74 9.86487
	75 9.92752
	76 10.0208
	77 10.1437
	78 10.2954
	2 10.4745
LINE 3 8 241.385 23
	79 11.5057
	80 11.2424
	81 10.9988
	82 10.7761
	83 10.5758
	84 10.399
	85 10.2471
	86 10.1211
	87 10.0219
	88 9.95054
	89 9.90746
	90 9.89305
	91 9.90746
	92 9.95054
	93 10.0219
	94 10.1211
	95 10.2471
	96 10.399
	97 10.5758
	98 10.7761
	99 10.9988
	100 11.2424
	8 11.5057
LINE 4 11 165.973 17
	101 9.80941
	102 9.7921
	103 9.77707
	104 9.76433
	105 9.7539
	106 9.74578
	107 9.73998
	108 9.73649
	109 9.73533
	110 9.73649
	111 9.73998
	112 9.74578
	113 9.7539
	114 9.76433
	115 9.77707
	116 9.7921
	11 9.80941
LINE 5 14 133.713 13
	117 10.5446
	118 10.4164
	119 10.3104
	120 10.2271
	121 10.1673
	122 10.1312
	123 10.1191
	124 10.1312
	125 10.1673
	126 10.2271
	127 10.3104
	128 10.4164
	14 10.5446
LINE 6 7 179.381 18
	129 10.4638
	130 10.2919
	131 10.1392
	132 10.0064
	133 9.89433
	134 9.80378
	135 9.73532
	136 9.68941
	137 9.66638
	138 9.66638
	139 9.68941
	140 9.73532
	141 9.80378
	142 9.89433
	143 10.0064
	144 10.1392
	145 10.2919
	7 10.4638
LINE 8 18 187.967 18
	146 11.4569
	147 11.1142
	148 10.8055
	149 10.5337
	150 10.3017
	151 10.1122
	152 9.96779
	153 9.87033
	154 9.82124
	155 9.82124
	156 9.87033
	157 9.96779
	158 10.1122
	159 10.3017
	160 10.5337
	161 10.8055
	162 11.1142
	18 11.4569
LINE 9 19 151.408 14
	163 11.7729
	164 11.3468
	165 10.979
	166 10.6756
	167 10.4423
	168 10.2839
	169 10.2037
	170 10.2037
	171 10.2839
	172 10.4423
	173 10.6756
	174 10.979
	175 11.3468
	19 11.7729
LINE 10 20 165.288 16
	176 10.9128
	177 10.6856
	178 10.4869
	179 10.3184
	180 10.1816
	181 10.0778
	182 10.008
	183 9.97293
	184 9.97293
	185 10.008
	186 10.0778
	187 10.1816
	188 10.3184
	189 10.4869
	190 10.6856
	20 10.9128
LINE 11 12 92.2236 9
	191 10.8141
	192 10.3964
	193 10.0874
	194 9.89734
	195 9.83318
	196 9.89734
	197 10.0874
	198 10.3964
	12 10.8141
LINE 12 23 231.871 23
	199 10.1874
	200 10.1586
	201 10.1325
	202 10.1091
	203 10.0884
	204 10.0704
	205 10.0552
	206 10.0427
	207 10.033
	208 10.026
	209 10.0218
	210 10.0205
	211 10.0218
	212 10.026
	213 10.033
	214 10.0427
	215 10.0552
	216 10.0704
	217 10.0884
	218 10.1091
	219 10.1325
	220 10.1586
	23 10.1874
LINE 13 24 259.698 25
	221 11.2803
	222 11.0663
	223 10.8673
	224 10.684
	225 10.5173
	226 10.368
	227 10.2368
	228 10.1245
	229 10.0317
	230 9.95887
	231 9.90654
	232 9.87501
	233 9.86448
	234 9.87501
	235 9.90654
	236 9.95887
	237 10.0317
	238 10.1245
	239 10.2368
	240 10.368
	241 10.5173
	242 10.684
	243 10.8673
	244 11.0663
	24 11.2803
LINE 15 25 102.583 10
	245 11.0579
	246 10.5392
	247 10.1327
	248 9.85243
	249 9.70926
	250 9.70926
	251 9.85243
	252 10.1327
	253 10.5392
	25 11.0579
LINE 16 25 156.605 15
	254 10.9035
	255 10.7088
	256 10.5412
	257 10.4021
	258 10.2926
	259 10.2136
	260 10.166
	261 10.1501
	262 10.166
	263 10.2136
	264 10.2926
	265 10.4021
	266 10.5412
	267 10.7088
	25 10.9035
LINE 17 26 129.054 12
	268 12.0847
	269 11.3931
	270 10.8079
	271 10.3474
	272 10.0286
	273 9.86537
	274 9.86537
	275 10.0286
	276 10.3474
	277 10.8079
	278 11.3931
	26 12.0847
LINE 18 28 213.043 20
	279 12.0864
	280 11.6605
	281 11.2684
	282 10.9138
	283 10.6005
	284 10.3321
	285 10.1122
	286 9.94413
	287 9.83049
	288 9.77317
	289 9.77317
	290 9.83049
	291 9.94413
	292 10.1122
	293 10.3321
	294 10.6005
	295 10.9138
	296 11.2684
	297 11.6605
	28 12.0864
LINE 21 22 92.9101 9
	298 10.3558
	299 10.3315
	300 10.3141
	301 10.3036
	302 10.3001
	303 10.3036
	304 10.3141
	305 10.3315
	22 10.3558
LINE 22 23 165.741 16
	306 10.8472
	307 10.6559
	308 10.4891
	309 10.348
	310 10.2338
	311 10.1473
	312 10.0892
	313 10.06
	314 10.06
	315 10.0892
	316 10.1473
	317 10.2338
	318 10.348
	319 10.4891
	320 10.6559
	23 10.8472
LINE 23 30 123.738 12
	321 10.8519
	322 10.5631
	323 10.3263
	324 10.145
	325 10.0223
	326 9.96045
	327 9.96045
	328 10.0223
	329 10.145
	330 10.3263
	331 10.5631
	30 10.8519
LINE 26 27 233.542 22
	332 11.7207
	333 11.4201
	334 11.1425
	335 10.8899
	336 10.664
	337 10.4664
	338 10.2989
	339 10.1629
	340 10.0597
	341 9.99028
	342 9.9554
	343 9.9554
	344 9.99028
	345 10.0597
	346 10.1629
	347 10.2989
	348 10.4664
	349 10.664
	350 10.8899
	351 11.1425
	352 11.4201
	27 11.7207
LINE 27 28 102.731 10
	353 11.4413
	354 10.6929
	355 10.0952
	356 9.67633
	357 9.45992
	358 9.45992
	359 9.67633
	360 10.0952
	361 10.6929
	28 11.4413
LINE 28 29 180.975 17
	362 12.175
	363 11.6365
	364 11.1487
	365 10.7186
	366 10.3534
	367 10.0602
	368 9.84548
	369 9.71435
	370 9.67024
	371 9.71435
	372 9.84548
	373 10.0602
	374 10.3534
	375 10.7186
	376 11.1487
	377 11.6365
	29 12.175
LINE 29 36 252.045 24
	378 11.675
	379 11.3849
	380 11.1146
	381 10.8656
	382 10.6393
	383 10.4373
	384 10.261
	385 10.1117
	386 9.99069
	387 9.89895
	388 9.83732
	389 9.80635
	390 9.80635
	391 9.83732
	392 9.89895
	393 9.99069
	394 10.1117
	395 10.261
	396 10.4373
	397 10.6393
	398 10.8656
	399 11.1146
	400 11.3849
	36 11.675
LINE 30 31 131.517 13
	401 10.1474
	402 10.1321
	403 10.1195
	404 10.1097
	405 10.1027
	406 10.0985
	407 10.0971
	408 10.0985
	409 10.1027
	410 10.1097
	411 10.1195
	412 10.1321
	31 10.1474
LINE 30 37 174.373 17
	413 11.1926
	414 10.8558
	415 10.5551
	416 10.2939
	417 10.0751
	418 9.90163
	419 9.77582
	420 9.69955
	421 9.67399
	422 9.69955
	423 9.77582
	424 9.90163
	425 10.0751
	426 10.2939
	427 10.5551
	428 10.8558
	37 11.1926
LINE 32 39 150.433 14
	429 11.506
	430 11.1651
	431 10.8729
	432 10.6333
	433 10.45
	434 10.326
	435 10.2634
	436 10.2634
	437 10.326
	438 10.45
	439 10.6333
	440 10.8729
	441 11.1651
	39 11.506
LINE 33 39 214.185 21
	442 10.2807
	443 10.2564
	444 10.2345
	445 10.2153
	446 10.1985
	447 10.1843
	448 10.1727
	449 10.1636
	450 10.1572
	451 10.1533
	452 10.152
	453 10.1533
	454 10.1572
	455 10.1636
	456 10.1727
	457 10.1843
	458 10.1985
	459 10.2153
	460 10.2345
	461 10.2564
	39 10.2807
LINE 33 40 201.955 18
	462 12.8824
	463 12.3329
	464 11.8312
	465 11.3836
	466 10.9967
	467 10.6771
	468 10.431
	469 10.2636
	470 10.1789
	471 10.1789
	472 10.2636
	473 10.431
	474 10.6771
	475 10.9967
	476 11.3836
	477 11.8312
	478 12.3329
	40 12.8824
LINE 34 41 117.412 11
	479 11.832
	480 11.1645
	481 10.6163
	482 10.2068
	483 9.95295
	484 9.8669
	485 9.95295
	486 10.2068
	487 10.6163
	488 11.1645
	41 11.832
LINE 35 42 173.74 17
	489 10.678
	490 10.5097
	491 10.3616
	492 10.2346
	493 10.1295
	494 10.047
	495 9.98769
	496 9.95192
	497 9.93996
	498 9.95192
	499 9.98769
	500 10.047
	501 10.1295
	502 10.2346
	503 10.3616
	504 10.5097
	42 10.678
LINE 36 45 127.023 12
	505 10.9779
	506 10.7668
	507 10.5949
	508 10.4642
	509 10.3761
	510 10.3318
	511 10.3318
	512 10.3761
	513 10.4642
	514 10.5949
	515 10.7668
	45 10.9779
LINE 37 38 173.353 16
	516 12.123
	517 11.6335
	518 11.1969
	519 10.8196
	520 10.508
	521 10.2681
	522 10.105
	523 10.0225
	524 10.0225
	525 10.105
	526 10.2681
	527 10.508
	528 10.8196
	529 11.1969
	530 11.6335
	38 12.123
LINE 37 45 212.657 20
	531 11.6512
	532 11.3435
	533 11.0629
	534 10.8114
	535 10.591
	536 10.4038
	537 10.2516
	538 10.1359
	539 10.0581
	540 10.0189
	541 10.0189
	542 10.0581
	543 10.1359
	544 10.2516
	545 10.4038
	546 10.591
	547 10.8114
	548 11.0629
	549 11.3435
	45 11.6512
LINE 37 46 208.377 19
	550 12.6439
	551 12.1221
	552 11.6423
	553 11.2099
	554 10.8305
	555 10.5099
	556 10.2536
	557 10.0666
	558 9.95268
	559 9.91442
	560 9.95268
	561 10.0666
	562 10.2536
	563 10.5099
	564 10.8305
	565 11.2099
	566 11.6423
	567 12.1221
	46 12.6439
LINE 38 47 187.148 18
	568 10.9639
	569 10.7687
	570 10.5951
	571 10.4439
	572 10.3162
	573 10.213
	574 10.1348
	575 10.0824
	576 10.0561
	577 10.0561
	578 10.0824
	579 10.1348
	580 10.213
	581 10.3162
	582 10.4439
	583 10.5951
	584 10.7687
	47 10.9639
LINE 39 40 145.036 14
	585 11.1574
	586 10.8009
	587 10.4945
	588 10.2429
	589 10.05
	590 9.91931
	591 9.85333
	592 9.85333
	593 9.91931
	594 10.05
	595 10.2429
	596 10.4945
	597 10.8009
	40 11.1574
LINE 39 48 159.995 16
	598 10.1039
	599 10.0624
	600 10.0267
	601 9.99683
	602 9.97287
	603 9.95486
	604 9.94284
	605 9.93682
	606 9.93682
	607 9.94284
	608 9.95486
	609 9.97287
	610 9.99683
	611 10.0267
	612 10.0624
	48 10.1039
LINE 39 49 134.885 14
	613 9.69605
	614 9.66777
	615 9.64414
	616 9.62519
	617 9.61096
	618 9.60145
	619 9.5967
	620 9.5967
	621 9.60145
	622 9.61096
	623 9.62519
	624 9.64414
	625 9.66777
	49 9.69605
LINE 41 50 179.654 18
	626 10.2045
	627 10.1264
	628 10.0575
	629 9.99803
	630 9.94824
	631 9.90822
	632 9.8781
	633 9.85797
	634 9.84788
	635 9.84788
	636 9.85797
	637 9.8781
	638 9.90822
	639 9.94824
	640 9.99803
	641 10.0575
	642 10.1264
	50 10.2045
LINE 42 43 211.652 20
	643 11.977
	644 11.5624
	645 11.181
	646 10.8363
	647 10.5318
	648 10.2712
	649 10.0578
	650 9.8948
	651 9.7846
	652 9.72904
	653 9.72904
	654 9.7846
	655 9.8948
	656 10.0578
	657 10.2712
	658 10.5318
	659 10.8363
	660 11.181
	661 11.5624
	43 11.977
LINE 43 44 74.2253 7
	662 10.7643
	663 10.6042
	664 10.507
	665 10.4743
	666 10.507
	667 10.6042
	44 10.7643
LINE 44 45 156.288 15
	668 11.0457
	669 10.7841
	670 10.5576
	671 10.3686
	672 10.2192
	673 10.1112
	674 10.0458
	675 10.0239
	676 10.0458
	677 10.1112
	678 10.2192
	679 10.3686
	680 10.5576
	681 10.7841
	45 11.0457
LINE 46 47 61.569 6
	682 10.4241
	683 10.2295
	684 10.1308
	685 10.1308
	686 10.2295
	47 10.4241
LINE 48 49 162.292 16
	687 10.4322
	688 10.3181
	689 10.2192
	690 10.1361
	691 10.0691
	692 10.0186
	693 9.98477
	694 9.96781
	695 9.96781
	696 9.98477
	697 10.0186
	698 10.0691
	699 10.1361
	700 10.2192
	701 10.3181
	49 10.4322
LINE 48 54 218.068 21
	702 10.9618
	703 10.793
	704 10.6397
	705 10.5026
	706 10.3823
	707 10.2795
	708 10.1945
	709 10.128
	710 10.0802
	711 10.0514
	712 10.0417
	713 10.0514
	714 10.0802
	715 10.128
	716 10.1945
	717 10.2795
	718 10.3823
	719 10.5026
	720 10.6397
	721 10.793
	54 10.9618
LINE 49 56 287.634 27
	722 11.8942
	723 11.6236
	724 11.3689
	725 11.1313
	726 10.9119
	727 10.7118
	728 10.532
	729 10.3737
	730 10.2378
	731 10.1253
	732 10.0369
	733 9.97332
	734 9.93495
	735 9.92213
	736 9.93495
	737 9.97332
	738 10.0369
	739 10.1253
	740 10.2378
	741 10.3737
	742 10.532
	743 10.7118
	744 10.9119
	745 11.1313
	746 11.3689
	747 11.6236
	56 11.8942
LINE 50 51 140.212 14
	748 10.2999
	749 10.17
	750 10.0605
	751 9.97209
	752 9.90522
	753 9.86039
	754 9.8379
	755 9.8379
	756 9.86039
	757 9.90522
	758 9.97209
	759 10.0605
	760 10.17
	51 10.2999
LINE 51 57 174.526 18
	761 9.7195
	762 9.71118
	763 9.70389
	764 9.69764
	765 9.69243
	766 9.68825
	767 9.68512
	768 9.68303
	769 9.68199
	770 9.68199
	771 9.68303
	772 9.68512
	773 9.68825
	774 9.69243
	775 9.69764
	776 9.70389
	777 9.71118
	57 9.7195
LINE 52 53 251.615 23
	778 12.5767
	779 12.1605
	780 11.7712
	781 11.4117
	782 11.0847
	783 10.7934
	784 10.5406
	785 10.3291
	786 10.1616
	787 10.0403
	788 9.96674
	789 9.94211
	790 9.96674
	791 10.0403
	792 10.1616
	793 10.3291
	794 10.5406
	795 10.7934
	796 11.0847
	797 11.4117
	798 11.7712
	799 12.1605
	53 12.5767
LINE 52 58 120.267 11
	800 11.753
	801 11.2747
	802 10.8882
	803 10.6035
	804 10.4289
	805 10.3701
	806 10.4289
	807 10.6035
	808 10.8882
	809 11.2747
	58 11.753
LINE 53 59 153.105 15
	810 10.3439
	811 10.2856
	812 10.2359
	813 10.1952
	814 10.1633
	815 10.1405
	816 10.1268
	817 10.1222
	818 10.1268
	819 10.1405
	820 10.1633
	821 10.1952
	822 10.2359
	823 10.2856
	59 10.3439
LINE 55 60 148.2 14
	824 11.7185
	825 11.2184
	826 10.7839
	827 10.4232
	828 10.1443
	829 9.95407
	830 9.85756
	831 9.85756
	832 9.95407
	833 10.1443
	834 10.4232
	835 10.7839
	836 11.2184
	60 11.7185
LINE 57 58 199.443 20
	837 10.2422
	838 10.158
	839 10.0826
	840 10.0161
	841 9.95877
	842 9.91075
	843 9.87216
	844 9.84312
	845 9.82371
	846 9.81399
	847 9.81399
	848 9.82371
	849 9.84312
	850 9.87216
	851 9.91075
	852 9.95877
	853 10.0161
	854 10.0826
	855 10.158
	58 10.2422
LINE 58 59 129.297 12
	856 11.5864
	857 11.1565
	858 10.8002
	859 10.5251
	860 10.3376
	861 10.2426
	862 10.2426
	863 10.3376
	864 10.5251
	865 10.8002
	866 11.1565
	59 11.5864
LINE 60 61 86.2248 9
	867 9.58337
	868 9.58124
	869 9.57972
	870 9.57881
	871 9.57851
	872 9.57881
	873 9.57972
	874 9.58124
	61 9.58337
COORDENADAS :
1	113.098	705.897
2	204.673	711.432
3	317.563	673.491
4	501.569	723.794
5	825.055	706.082
6	912.184	666.078
7	1007.99	731.41
8	183.297	602.897
9	282.654	575.228
10	368.845	623.886
11	520.832	615.155
12	572.088	585.937
13	666.801	568.415
14	806.115	620.453
15	899.403	594.431
16	989.875	583.965
17	93.8354	498.138
18	171.932	485.666
19	312.906	485.025
20	419.114	530.188
21	522.381	513.805
22	582.25	529.133
23	670.152	467.655
24	816.194	499.774
25	903.921	529.981
26	66.305	424.348
27	207.016	385.602
28	268.582	398.407
29	377.142	383.374
30	625.645	401.635
31	707.642	371.071
32	795.724	389.592
33	896.023	418.588
34	96.8946	289.819
35	209.418	300.304
36	503.686	290.716
37	561.659	312.605
38	668.29	306.668
39	821.673	297.458
40	913.56	297.836
41	87.8538	218.029
42	199.943	188.05
43	328.146	207.213
44	373.607	189.251
45	470.46	215.083
46	627.867	205.892
47	663.195	186.142
48	765.16	207.798
49	870.46	222.348
50	121.748	104.835
51	211.761	122.831
52	262.274	71.906
53	410.8	106.253
54	776.476	67.6697
55	873.071	106.74
56	985.115	85.4116
57	186.976	9.32319
58	317.414	19.5347
59	398.104	5.83035
60	917.119	26.0953
61	971.383	7.16554
62	76.3573	623.731
63	168.035	777.569
64	772.118	694.363
65	0	598.56
66	119.785	703.884
67	126.449	702.241
68	133.091	700.969
69	139.71	700.068
70	146.307	699.537
71	152.882	699.377
72	159.434	699.587
73	165.964	700.168
74	172.472	701.119
75	178.957	702.44
76	185.419	704.132
77	191.86	706.195
78	198.277	708.628
79	309.903	673.888
80	302.409	673.97
81	295.08	673.737
82	287.917	673.189
83	280.919	672.325
84	274.087	671.147
85	267.421	669.653
86	260.921	667.844
87	254.586	665.72
88	248.417	663.281
89	242.414	660.527
90	236.576	657.458
91	230.904	654.073
92	225.398	650.374
93	220.057	646.359
94	214.882	642.029
95	209.873	637.384
96	205.03	632.424
97	200.352	627.149
98	195.839	621.559
99	191.493	615.653
100	187.312	609.433
101	501.912	717.264
102	502.354	710.751
103	502.895	704.255
104	503.534	697.777
105	504.272	691.317
106	505.109	684.873
107	506.045	678.448
108	507.079	672.04
109	508.212	665.649
110	509.444	659.276
111	510.775	652.921
112	512.204	646.583
113	513.732	640.262
114	515.359	633.959
115	517.085	627.674
116	518.909	621.406
117	825.528	699.069
118	825.68	692.126
119	825.51	685.255
120	825.018	678.454
121	824.204	671.725
122	823.069	665.067
123	821.612	658.48
124	819.833	651.965
125	817.733	645.52
126	815.311	639.147
127	812.567	632.844
128	809.502	626.613
129	919.014	667.497
130	925.667	669.176
131	932.142	671.115
132	938.44	673.315
133	944.561	675.774
134	950.504	678.493
135	956.27	681.473
136	961.858	684.712
137	967.27	688.212
138	972.504	691.971
139	977.56	695.991
140	982.439	700.271
141	987.141	704.81
142	991.666	709.61
143	996.013	714.67
144	1000.18	719.99
145	1004.18	725.57
146	186.587	596.004
147	189.416	589.156
148	191.783	582.352
149	193.689	575.594
150	195.134	568.879
151	196.117	562.21
152	196.639	555.585
153	196.699	549.005
154	196.299	542.47
155	195.437	535.98
156	194.113	529.534
157	192.328	523.133
158	190.082	516.777
159	187.375	510.465
160	184.206	504.198
161	180.576	497.976
162	176.485	491.799
163	281.092	567.536
164	280.103	560.037
165	279.686	552.729
166	279.843	545.614
167	280.572	538.691
168	281.873	531.959
169	283.748	525.42
170	286.195	519.073
171	289.215	512.918
172	292.808	506.956
173	296.973	501.185
174	301.711	495.606
175	307.022	490.219
176	374.595	619.43
177	379.998	614.786
178	385.053	609.957
179	389.76	604.94
180	394.119	599.737
181	398.13	594.348
182	401.794	588.771
183	405.109	583.008
184	408.077	577.059
185	410.697	570.923
186	412.97	564.6
187	414.894	558.091
188	416.471	551.395
189	417.7	544.513
190	418.581	537.444
191	528.013	614.515
192	534.822	613.224
193	541.26	611.281
194	547.327	608.686
195	553.022	605.439
196	558.346	601.541
197	563.298	596.992
198	567.879	591.79
199	577.294	581.576
200	582.415	577.144
201	587.45	572.641
202	592.399	568.066
203	597.263	563.421
204	602.041	558.705
205	606.733	553.917
206	611.339	549.059
207	615.86	544.129
208	620.295	539.129
209	624.645	534.057
210	628.908	528.914
211	633.086	523.7
212	637.179	518.416
213	641.185	513.06
214	645.106	507.633
215	648.941	502.135
216	652.691	496.566
217	656.354	490.926
218	659.933	485.215
219	663.425	479.432
220	666.831	473.579
221	674.299	568.984
222	681.671	569.277
223	688.916	569.293
224	696.034	569.034
225	703.025	568.498
226	709.889	567.685
227	716.626	566.597
228	723.236	565.232
229	729.72	563.592
230	736.076	561.675
231	742.306	559.481
232	748.408	557.012
233	754.384	554.266
234	760.233	551.244
235	765.955	547.946
236	771.55	544.372
237	777.018	540.522
238	782.359	536.395
239	787.573	531.992
240	792.661	527.313
241	797.621	522.357
242	802.455	517.126
243	807.161	511.618
244	811.741	505.834
245	903.396	588.234
246	906.602	581.982
247	909.021	575.675
248	910.654	569.313
249	911.499	562.896
250	911.557	556.423
251	910.829	549.895
252	909.313	543.313
253	907.01	536.674
254	985.557	578.118
255	981.037	572.592
256	976.315	567.387
257	971.392	562.503
258	966.267	557.94
259	960.94	553.699
260	955.412	549.779
261	949.681	546.18
262	943.749	542.902
263	937.616	539.946
264	931.28	537.31
265	924.743	534.996
266	918.004	533.003
267	911.063	531.332
268	87.1636	493.622
269	81.2877	488.809
270	76.2077	483.699
271	71.9237	478.292
272	68.4356	472.589
273	65.7434	466.588
274	63.8472	460.29
275	62.7469	453.696
276	62.4425	446.804
277	62.9341	439.616
278	64.2216	432.13
279	173.583	477.779
280	175.569	470.264
281	177.89	463.119
282	180.546	456.345
283	183.537	449.942
284	186.863	443.91
285	190.523	438.249
286	194.519	432.959
287	198.849	428.039
288	203.514	423.491
289	208.514	419.314
290	213.849	415.507
291	219.518	412.071
292	225.523	409.006
293	231.862	406.313
294	238.537	403.99
295	245.546	402.038
296	252.89	400.456
297	260.569	399.246
298	529.21	514.815
299	535.995	515.999
300	542.736	517.356
301	549.433	518.886
302	556.085	520.589
303	562.693	522.465
304	569.256	524.514
305	575.775	526.737
306	586.191	523.069
307	590.338	517.302
308	594.693	511.831
309	599.254	506.655
310	604.023	501.776
311	608.999	497.194
312	614.183	492.907
313	619.573	488.916
314	625.17	485.222
315	630.975	481.824
316	636.987	478.722
317	643.206	475.916
318	649.632	473.407
319	656.265	471.193
320	663.105	469.276
321	668.834	460.541
322	667.082	453.721
323	664.894	447.193
324	662.272	440.959
325	659.215	435.018
326	655.724	429.37
327	651.797	424.014
328	647.436	418.952
329	642.64	414.183
330	637.41	409.707
331	631.745	405.524
332	71.6049	418.606
333	77.0092	413.244
334	82.5179	408.26
335	88.131	403.656
336	93.8484	399.43
337	99.6703	395.584
338	105.597	392.117
339	111.627	389.029
340	117.762	386.32
341	124.002	383.99
342	130.345	382.04
343	136.793	380.468
344	143.346	379.276
345	150.003	378.462
346	156.764	378.028
347	163.63	377.972
348	170.6	378.296
349	177.675	378.999
350	184.853	380.081
351	192.137	381.542
352	199.524	383.382
353	214.052	382.656
354	220.892	380.649
355	227.537	379.581
356	233.987	379.453
357	240.241	380.264
358	246.3	382.014
359	252.164	384.703
360	257.832	388.332
361	263.305	392.9
362	274.292	392.638
363	280.086	387.479
364	285.964	382.931
365	291.927	378.994
366	297.975	375.667
367	304.107	372.951
368	310.324	370.845
369	316.625	369.351
370	323.011	368.466
371	329.482	368.193
372	336.037	368.529
373	342.676	369.477
374	349.4	371.035
375	356.209	373.204
376	363.102	375.983
377	370.08	379.373
378	384.913	382.924
379	392.466	382.178
380	399.802	381.135
381	406.921	379.796
382	413.822	378.16
383	420.507	376.227
384	426.974	373.998
385	433.224	371.472
386	439.257	368.649
387	445.072	365.53
388	450.671	362.114
389	456.052	358.402
390	461.216	354.393
391	466.163	350.087
392	470.893	345.485
393	475.405	340.586
394	479.7	335.39
395	483.778	329.898
396	487.639	324.109
397	491.283	318.024
398	494.71	311.642
399	497.919	304.963
400	500.911	297.988
401	631.717	398.653
402	637.829	395.777
403	643.98	393.006
404	650.17	390.339
405	656.399	387.778
406	662.668	385.322
407	668.975	382.971
408	675.322	380.725
409	681.707	378.584
410	688.132	376.548
411	694.597	374.617
412	701.1	372.791
413	618.834	398.588
414	612.403	395.267
415	606.354	391.673
416	600.685	387.805
417	595.398	383.663
418	590.491	379.247
419	585.965	374.557
420	581.82	369.594
421	578.056	364.357
422	574.673	358.846
423	571.671	353.061
424	569.05	347.003
425	566.81	340.671
426	564.951	334.065
427	563.472	327.185
428	562.375	320.032
429	800.925	383.954
430	805.611	378.171
431	809.782	372.243
432	813.438	366.169
433	816.579	359.951
434	819.205	353.587
435	821.316	347.079
436	822.912	340.425
437	823.993	333.627
438	824.559	326.683
439	824.61	319.594
440	824.146	312.361
441	823.167	304.982
442	893.404	412.255
443	890.693	405.978
444	887.889	399.757
445	884.994	393.593
446	882.006	387.486
447	878.926	381.435
448	875.755	375.44
449	872.49	369.503
450	869.134	363.622
451	865.686	357.797
452	862.146	352.029
453	858.513	346.317
454	854.788	340.662
455	850.971	335.064
456	847.062	329.522
457	843.061	324.037
458	838.968	318.608
459	834.783	313.236
460	830.505	307.92
461	826.135	302.661
462	891.779	411.122
463	888.149	403.745
464	885.132	396.457
465	882.73	389.258
466	880.942	382.148
467	879.767	375.128
468	879.207	368.197
469	879.26	361.354
470	879.927	354.601
471	881.209	347.937
472	883.104	341.363
473	885.613	334.877
474	888.736	328.481
475	892.473	322.174
476	896.824	315.956
477	901.788	309.827
478	907.367	303.787
479	91.7535	283.836
480	87.4762	277.745
481	84.0628	271.545
482	81.5132	265.236
483	79.8275	258.819
484	79.0056	252.292
485	79.0476	245.657
486	79.9534	238.913
487	81.723	232.06
488	84.3565	225.099
489	211.452	293.482
490	213.162	286.687
491	214.548	279.92
492	215.61	273.18
493	216.349	266.468
494	216.763	259.783
495	216.854	253.125
496	216.621	246.494
497	216.063	239.891
498	215.182	233.315
499	213.977	226.767
500	212.448	220.246
501	210.595	213.752
502	208.418	207.285
503	205.917	200.846
504	203.092	194.434
505	503.191	283.414
506	502.283	276.294
507	500.962	269.355
508	499.226	262.599
509	497.078	256.023
510	494.516	249.63
511	491.54	243.418
512	488.151	237.387
513	484.349	231.539
514	480.133	225.872
515	475.503	220.386
516	568.576	316.783
517	575.46	320.356
518	582.31	323.321
519	589.127	325.68
520	595.91	327.432
521	602.658	328.578
522	609.374	329.117
523	616.055	329.049
524	622.702	328.375
525	629.316	327.094
526	635.896	325.206
527	642.442	322.712
528	648.955	319.611
529	655.434	315.903
530	661.878	311.589
531	554.199	310.44
532	547.044	307.991
533	540.195	305.256
534	533.651	302.235
535	527.412	298.929
536	521.478	295.337
537	515.85	291.46
538	510.527	287.298
539	505.509	282.85
540	500.796	278.117
541	496.389	273.098
542	492.287	267.794
543	488.49	262.204
544	484.999	256.329
545	481.813	250.168
546	478.932	243.722
547	476.356	236.99
548	474.085	229.973
549	472.12	222.671
550	569.588	309.746
551	577.024	306.581
552	583.966	303.11
553	590.414	299.332
554	596.368	295.248
555	601.829	290.857
556	606.795	286.16
557	611.267	281.156
558	615.246	275.846
559	618.731	270.23
560	621.721	264.307
561	624.218	258.078
562	626.221	251.542
563	627.73	244.7
564	628.745	237.551
565	629.266	230.096
566	629.294	222.335
567	628.827	214.267
568	665.092	300.095
569	662.237	293.508
570	659.725	286.906
571	657.556	280.29
572	655.73	273.66
573	654.247	267.014
574	653.107	260.355
575	652.309	253.681
576	651.855	246.992
577	651.743	240.289
578	651.974	233.571
579	652.549	226.839
580	653.466	220.093
581	654.726	213.332
582	656.329	206.556
583	658.274	199.766
584	660.563	192.961
585	828.251	293.985
586	834.827	291.051
587	841.4	288.655
588	847.971	286.797
589	854.54	285.478
590	861.107	284.698
591	867.671	284.455
592	874.233	284.752
593	880.793	285.586
594	887.351	286.959
595	893.906	288.871
596	900.46	291.321
597	907.011	294.309
598	819.176	291.202
599	816.54	285.034
600	813.767	278.952
601	810.855	272.957
602	807.806	267.049
603	804.619	261.228
604	801.293	255.493
605	797.83	249.846
606	794.229	244.286
607	790.49	238.812
608	786.613	233.426
609	782.599	228.127
610	778.446	222.914
611	774.155	217.788
612	769.726	212.75
613	824.382	291.589
614	827.21	285.797
615	830.157	280.083
616	833.224	274.447
617	836.41	268.888
618	839.716	263.406
619	843.141	258.003
620	846.685	252.676
621	850.349	247.428
622	854.132	242.257
623	858.035	237.163
624	862.057	232.147
625	866.199	227.209
626	91.4477	212.252
627	94.8403	206.416
628	98.0317	200.519
629	101.022	194.562
630	103.81	188.545
631	106.398	182.467
632	108.784	176.329
633	110.969	170.131
634	112.953	163.873
635	114.735	157.554
636	116.316	151.175
637	117.696	144.736
638	118.875	138.236
639	119.852	131.677
640	120.628	125.057
641	121.203	118.376
642	121.576	111.636
643	207.043	184.396
644	214.07	181.228
645	221.024	178.545
646	227.906	176.347
647	234.715	174.635
648	241.452	173.409
649	248.116	172.668
650	254.708	172.412
651	261.227	172.642
652	267.673	173.357
653	274.047	174.558
654	280.348	176.245
655	286.577	178.416
656	292.733	181.074
657	298.817	184.216
658	304.828	187.845
659	310.766	191.958
660	316.632	196.558
661	322.426	201.642
662	335.249	206.185
663	342.148	204.645
664	348.845	202.592
665	355.34	200.026
666	361.631	196.947
667	367.72	193.355
668	379.267	193.962
669	385.04	198.246
670	390.928	202.103
671	396.929	205.533
672	403.044	208.536
673	409.273	211.112
674	415.616	213.261
675	422.073	214.983
676	428.644	216.278
677	435.329	217.146
678	442.127	217.588
679	449.04	217.602
680	456.066	217.189
681	463.206	216.349
682	634.57	204.059
683	640.947	201.642
684	646.998	198.642
685	652.723	195.059
686	658.122	190.892
687	771.46	210.744
688	777.797	213.419
689	784.172	215.823
690	790.584	217.954
691	797.034	219.814
692	803.522	221.403
693	810.046	222.72
694	816.609	223.765
695	823.209	224.538
696	829.847	225.04
697	836.522	225.271
698	843.234	225.229
699	849.984	224.917
700	856.772	224.332
701	863.597	223.476
702	768.62	201.361
703	771.788	194.901
704	774.663	188.416
705	777.247	181.909
706	779.539	175.378
707	781.538	168.823
708	783.245	162.244
709	784.66	155.642
710	785.784	149.017
711	786.615	142.368
712	787.153	135.695
713	787.4	128.998
714	787.355	122.279
715	787.017	115.535
716	786.388	108.768
717	785.466	101.977
718	784.252	95.1628
719	782.746	88.3249
720	780.948	81.4634
721	778.858	74.5784
722	878.059	220.084
723	885.401	217.603
724	892.484	214.907
725	899.31	211.995
726	905.877	208.866
727	912.187	205.522
728	918.239	201.962
729	924.033	198.186
730	929.569	194.194
731	934.847	189.986
732	939.867	185.562
733	944.629	180.922
734	949.134	176.066
735	953.38	170.995
736	957.369	165.707
737	961.1	160.203
738	964.572	154.484
739	967.787	148.548
740	970.744	142.397
741	973.443	136.03
742	975.884	129.446
743	978.068	122.647
744	979.993	115.632
745	981.66	108.401
746	983.07	100.954
747	984.221	93.2906
748	127.778	108.12
749	133.869	111.098
750	140.022	113.768
751	146.236	116.13
752	152.512	118.185
753	158.849	119.932
754	165.248	121.371
755	171.708	122.503
756	178.23	123.327
757	184.813	123.843
758	191.458	124.051
759	198.164	123.952
760	204.932	123.545
761	209.827	116.647
762	207.959	110.448
763	206.157	104.235
764	204.42	98.0074
765	202.748	91.7658
766	201.142	85.5098
767	199.601	79.2396
768	198.126	72.955
769	196.716	66.6562
770	195.372	60.3431
771	194.093	54.0156
772	192.88	47.6739
773	191.732	41.3179
774	190.65	34.9475
775	189.633	28.5629
776	188.682	22.164
777	187.796	15.7507
778	269.888	68.3964
779	277.398	65.3416
780	284.802	62.7416
781	292.101	60.5965
782	299.295	58.9062
783	306.384	57.6706
784	313.367	56.8899
785	320.246	56.564
786	327.019	56.693
787	333.687	57.2767
788	340.25	58.3152
789	346.707	59.8086
790	353.06	61.7568
791	359.307	64.1598
792	365.449	67.0176
793	371.486	70.3302
794	377.418	74.0976
795	383.244	78.3199
796	388.966	82.9969
797	394.582	88.1288
798	400.093	93.7155
799	405.499	99.757
800	264.747	64.4712
801	267.728	57.5712
802	271.217	51.2059
803	275.214	45.3754
804	279.719	40.0796
805	284.732	35.3186
806	290.252	31.0923
807	296.281	27.4008
808	302.817	24.244
809	309.861	21.622
810	408.544	99.7366
811	406.491	93.1944
812	404.638	86.6267
813	402.986	80.0337
814	401.536	73.4151
815	400.287	66.7712
816	399.24	60.1017
817	398.393	53.4069
818	397.748	46.6866
819	397.304	39.9408
820	397.062	33.1696
821	397.02	26.373
822	397.18	19.5509
823	397.541	12.7033
824	879.935	103.011
825	886.228	98.9692
826	891.949	94.6149
827	897.097	89.9482
828	901.674	84.969
829	905.678	79.6773
830	909.11	74.0732
831	911.971	68.1566
832	914.259	61.9275
833	915.975	55.386
834	917.119	48.532
835	917.691	41.3655
836	917.691	33.8866
837	193.345	11.7842
838	199.73	14.0399
839	206.132	16.0903
840	212.549	17.9354
841	218.983	19.5752
842	225.432	21.0096
843	231.898	22.2388
844	238.379	23.2626
845	244.877	24.0812
846	251.391	24.6944
847	257.921	25.1023
848	264.467	25.3049
849	271.029	25.3022
850	277.607	25.0942
851	284.201	24.6809
852	290.812	24.0623
853	297.438	23.2383
854	304.081	22.2091
855	310.739	20.9745
856	323.531	14.8182
857	329.758	10.7516
858	336.096	7.3349
859	342.544	4.56811
860	349.103	2.45123
861	355.772	0.984248
862	362.551	0.167172
863	369.441	0
864	376.441	0.482732
865	383.552	1.61537
866	390.772	3.39791
867	923.215	24.1841
868	929.295	22.2249
869	935.358	20.2176
870	941.404	18.1623
871	947.433	16.059
872	953.446	13.9077
873	959.442	11.7083
874	965.421	9.46096
