NOMBRE : MTLARP5_10_5_2.dat
VERTICES ORIGINALES : 49
VERTICES TOTALES : 752
DEPOTS : 5
45
46
47
48
49
LINEAS ORIGINALES : 47
LINE 1 2 162.165 16
	50 10.1995
	51 10.1739
	52 10.1519
	53 10.1335
	54 10.1188
	55 10.1077
	56 10.1004
	57 10.0967
	58 10.0967
	59 10.1004
	60 10.1077
	61 10.1188
	62 10.1335
	63 10.1519
	64 10.1739
	2 10.1995
LINE 1 9 70.2831 7
	65 10.5957
	66 10.0479
	67 9.70436
	68 9.58712
	69 9.70436
	70 10.0479
	9 10.5957
LINE 2 3 122.682 12
	71 10.4388
	72 10.3223
	73 10.2282
	74 10.1571
	75 10.1094
	76 10.0854
	77 10.0854
	78 10.1094
	79 10.1571
	80 10.2282
	81 10.3223
	3 10.4388
LINE 2 10 167.557 16
	82 11.0642
	83 10.8333
	84 10.6313
	85 10.46
	86 10.321
	87 10.2155
	88 10.1445
	89 10.1088
	90 10.1088
	91 10.1445
	92 10.2155
	93 10.321
	94 10.46
	95 10.6313
	96 10.8333
	10 11.0642
LINE 3 4 177.769 17
	97 10.6744
	98 10.5937
	99 10.5232
	100 10.4632
	101 10.4138
	102 10.3752
	103 10.3476
	104 10.331
	105 10.3254
	106 10.331
	107 10.3476
	108 10.3752
	109 10.4138
	110 10.4632
	111 10.5232
	112 10.5937
	4 10.6744
LINE 3 10 168.128 17
	113 9.93965
	114 9.92103
	115 9.90486
	116 9.89116
	117 9.87994
	118 9.8712
	119 9.86496
	120 9.86121
	121 9.85996
	122 9.86121
	123 9.86496
	124 9.8712
	125 9.87994
	126 9.89116
	127 9.90486
	128 9.92103
	10 9.93965
LINE 5 6 188.855 18
	129 11.1233
	130 10.9065
	131 10.7132
	132 10.5447
	133 10.4022
	134 10.2868
	135 10.1993
	136 10.1406
	137 10.1112
	138 10.1112
	139 10.1406
	140 10.1993
	141 10.2868
	142 10.4022
	143 10.5447
	144 10.7132
	145 10.9065
	6 11.1233
LINE 6 7 127.42 13
	146 9.84845
	147 9.82506
	148 9.80587
	149 9.79093
	150 9.78024
	151 9.77382
	152 9.77168
	153 9.77382
	154 9.78024
	155 9.79093
	156 9.80587
	157 9.82506
	7 9.84845
LINE 6 15 195.447 19
	158 10.3756
	159 10.3461
	160 10.32
	161 10.2973
	162 10.2781
	163 10.2623
	164 10.25
	165 10.2412
	166 10.236
	167 10.2342
	168 10.236
	169 10.2412
	170 10.25
	171 10.2623
	172 10.2781
	173 10.2973
	174 10.32
	175 10.3461
	15 10.3756
LINE 7 15 249.397 24
	176 10.6556
	177 10.5875
	178 10.5253
	179 10.469
	180 10.4187
	181 10.3745
	182 10.3364
	183 10.3046
	184 10.2791
	185 10.2599
	186 10.2471
	187 10.2407
	188 10.2407
	189 10.2471
	190 10.2599
	191 10.2791
	192 10.3046
	193 10.3364
	194 10.3745
	195 10.4187
	196 10.469
	197 10.5253
	198 10.5875
	15 10.6556
LINE 8 9 203.619 20
	199 10.4215
	200 10.3464
	201 10.2791
	202 10.22
	203 10.169
	204 10.1263
	205 10.092
	206 10.0662
	207 10.049
	208 10.0403
	209 10.0403
	210 10.049
	211 10.0662
	212 10.092
	213 10.1263
	214 10.169
	215 10.22
	216 10.2791
	217 10.3464
	9 10.4215
LINE 9 10 108.879 11
	218 10.2286
	219 10.0327
	220 9.87774
	221 9.76551
	222 9.69756
	223 9.6748
	224 9.69756
	225 9.76551
	226 9.87774
	227 10.0327
	10 10.2286
LINE 9 18 262.937 26
	228 10.2555
	229 10.2216
	230 10.1903
	231 10.1618
	232 10.1361
	233 10.1132
	234 10.0931
	235 10.0759
	236 10.0615
	237 10.0499
	238 10.0413
	239 10.0355
	240 10.0326
	241 10.0326
	242 10.0355
	243 10.0413
	244 10.0499
	245 10.0615
	246 10.0759
	247 10.0931
	248 10.1132
	249 10.1361
	250 10.1618
	251 10.1903
	252 10.2216
	18 10.2555
LINE 9 19 227.708 23
	253 9.9815
	254 9.95945
	255 9.93946
	256 9.92154
	257 9.9057
	258 9.89196
	259 9.88031
	260 9.87077
	261 9.86334
	262 9.85803
	263 9.85485
	264 9.85378
	265 9.85485
	266 9.85803
	267 9.86334
	268 9.87077
	269 9.88031
	270 9.89196
	271 9.9057
	272 9.92154
	273 9.93946
	274 9.95945
	19 9.9815
LINE 10 20 237.262 23
	275 10.9184
	276 10.7586
	277 10.612
	278 10.479
	279 10.3603
	280 10.2563
	281 10.1675
	282 10.0942
	283 10.0368
	284 9.99567
	285 9.97089
	286 9.96261
	287 9.97089
	288 9.99567
	289 10.0368
	290 10.0942
	291 10.1675
	292 10.2563
	293 10.3603
	294 10.479
	295 10.612
	296 10.7586
	20 10.9184
LINE 11 12 190.336 18
	297 10.9746
	298 10.8357
	299 10.7127
	300 10.6062
	301 10.5165
	302 10.4443
	303 10.3898
	304 10.3533
	305 10.335
	306 10.335
	307 10.3533
	308 10.3898
	309 10.4443
	310 10.5165
	311 10.6062
	312 10.7127
	313 10.8357
	12 10.9746
LINE 13 14 152.075 15
	314 10.2314
	315 10.1917
	316 10.1579
	317 10.1303
	318 10.1087
	319 10.0932
	320 10.084
	321 10.0809
	322 10.084
	323 10.0932
	324 10.1087
	325 10.1303
	326 10.1579
	327 10.1917
	14 10.2314
LINE 14 15 109.653 11
	328 10.0915
	329 10.018
	330 9.96048
	331 9.91917
	332 9.8943
	333 9.88599
	334 9.8943
	335 9.91917
	336 9.96048
	337 10.018
	15 10.0915
LINE 14 23 109.56 10
	338 11.636
	339 11.1924
	340 10.8478
	341 10.6118
	342 10.4918
	343 10.4918
	344 10.6118
	345 10.8478
	346 11.1924
	23 11.636
LINE 15 16 191.759 18
	347 11.601
	348 11.2797
	349 10.9908
	350 10.7371
	351 10.5209
	352 10.3447
	353 10.2106
	354 10.1202
	355 10.0747
	356 10.0747
	357 10.1202
	358 10.2106
	359 10.3447
	360 10.5209
	361 10.7371
	362 10.9908
	363 11.2797
	16 11.601
LINE 16 17 116.575 11
	364 10.7374
	365 10.654
	366 10.5887
	367 10.5418
	368 10.5136
	369 10.5042
	370 10.5136
	371 10.5418
	372 10.5887
	373 10.654
	17 10.7374
LINE 16 25 74.4005 7
	374 11.0117
	375 10.632
	376 10.3975
	377 10.3182
	378 10.3975
	379 10.632
	25 11.0117
LINE 18 19 77.1135 7
	380 11.5696
	381 11.023
	382 10.6815
	383 10.5653
	384 10.6815
	385 11.023
	19 11.5696
LINE 18 27 102.635 10
	386 10.4417
	387 10.3236
	388 10.2342
	389 10.1741
	390 10.1439
	391 10.1439
	392 10.1741
	393 10.2342
	394 10.3236
	27 10.4417
LINE 19 20 151.011 15
	395 10.2209
	396 10.1556
	397 10.0999
	398 10.0542
	399 10.0185
	400 9.9929
	401 9.97751
	402 9.97238
	403 9.97751
	404 9.9929
	405 10.0185
	406 10.0542
	407 10.0999
	408 10.1556
	20 10.2209
LINE 19 28 73.4835 7
	409 10.5714
	410 10.4978
	411 10.4533
	412 10.4385
	413 10.4533
	414 10.4978
	28 10.5714
LINE 20 21 211.786 20
	415 11.2278
	416 11.0318
	417 10.8546
	418 10.6971
	419 10.5602
	420 10.4448
	421 10.3516
	422 10.2811
	423 10.2338
	424 10.2101
	425 10.2101
	426 10.2338
	427 10.2811
	428 10.3516
	429 10.4448
	430 10.5602
	431 10.6971
	432 10.8546
	433 11.0318
	21 11.2278
LINE 20 29 114.864 11
	434 11.1196
	435 10.7228
	436 10.4038
	437 10.1698
	438 10.0267
	439 9.9786
	440 10.0267
	441 10.1698
	442 10.4038
	443 10.7228
	29 11.1196
LINE 20 30 227.951 23
	444 9.91728
	445 9.91554
	446 9.91398
	447 9.91257
	448 9.91133
	449 9.91026
	450 9.90935
	451 9.90861
	452 9.90803
	453 9.90762
	454 9.90737
	455 9.90729
	456 9.90737
	457 9.90762
	458 9.90803
	459 9.90861
	460 9.90935
	461 9.91026
	462 9.91133
	463 9.91257
	464 9.91398
	465 9.91554
	30 9.91728
LINE 21 22 200.103 20
	466 10.2475
	467 10.1719
	468 10.1041
	469 10.0445
	470 9.99308
	471 9.95004
	472 9.91548
	473 9.88948
	474 9.8721
	475 9.8634
	476 9.8634
	477 9.8721
	478 9.88948
	479 9.91548
	480 9.95004
	481 9.99308
	482 10.0445
	483 10.1041
	484 10.1719
	22 10.2475
LINE 21 30 218.005 22
	485 10.0404
	486 10.0032
	487 9.96957
	488 9.93961
	489 9.91332
	490 9.89073
	491 9.87187
	492 9.85675
	493 9.8454
	494 9.83782
	495 9.83403
	496 9.83403
	497 9.83782
	498 9.8454
	499 9.85675
	500 9.87187
	501 9.89073
	502 9.91332
	503 9.93961
	504 9.96957
	505 10.0032
	30 10.0404
LINE 22 31 145.956 14
	506 10.4916
	507 10.4612
	508 10.4357
	509 10.4152
	510 10.3999
	511 10.3897
	512 10.3845
	513 10.3845
	514 10.3897
	515 10.3999
	516 10.4152
	517 10.4357
	518 10.4612
	31 10.4916
LINE 24 25 134.904 13
	519 11.0864
	520 10.7415
	521 10.4508
	522 10.219
	523 10.0502
	524 9.94752
	525 9.91306
	526 9.94752
	527 10.0502
	528 10.219
	529 10.4508
	530 10.7415
	25 11.0864
LINE 24 34 190.645 18
	531 11.0577
	532 10.8964
	533 10.7533
	534 10.6291
	535 10.5244
	536 10.44
	537 10.3762
	538 10.3334
	539 10.312
	540 10.312
	541 10.3334
	542 10.3762
	543 10.44
	544 10.5244
	545 10.6291
	546 10.7533
	547 10.8964
	34 11.0577
LINE 24 35 243.877 24
	548 10.3346
	549 10.2898
	550 10.249
	551 10.2121
	552 10.1791
	553 10.1502
	554 10.1254
	555 10.1047
	556 10.088
	557 10.0755
	558 10.0672
	559 10.063
	560 10.063
	561 10.0672
	562 10.0755
	563 10.088
	564 10.1047
	565 10.1254
	566 10.1502
	567 10.1791
	568 10.2121
	569 10.249
	570 10.2898
	35 10.3346
LINE 25 36 219.191 21
	571 10.7967
	572 10.6907
	573 10.595
	574 10.5099
	575 10.4355
	576 10.3722
	577 10.3201
	578 10.2793
	579 10.2502
	580 10.2326
	581 10.2268
	582 10.2326
	583 10.2502
	584 10.2793
	585 10.3201
	586 10.3722
	587 10.4355
	588 10.5099
	589 10.595
	590 10.6907
	36 10.7967
LINE 26 36 111.75 11
	591 10.1599
	592 10.1594
	593 10.159
	594 10.1587
	595 10.1586
	596 10.1585
	597 10.1586
	598 10.1587
	599 10.159
	600 10.1594
	36 10.1599
LINE 27 37 147.745 15
	601 9.86624
	602 9.85915
	603 9.85316
	604 9.84825
	605 9.84443
	606 9.8417
	607 9.84006
	608 9.83951
	609 9.84006
	610 9.8417
	611 9.84443
	612 9.84825
	613 9.85316
	614 9.85915
	37 9.86624
LINE 29 30 153.781 15
	615 10.2965
	616 10.2775
	617 10.2614
	618 10.2482
	619 10.2379
	620 10.2306
	621 10.2262
	622 10.2247
	623 10.2262
	624 10.2306
	625 10.2379
	626 10.2482
	627 10.2614
	628 10.2775
	30 10.2965
LINE 31 40 133.165 13
	629 10.2827
	630 10.2631
	631 10.247
	632 10.2345
	633 10.2256
	634 10.2202
	635 10.2185
	636 10.2202
	637 10.2256
	638 10.2345
	639 10.247
	640 10.2631
	40 10.2827
LINE 32 33 188.446 18
	641 10.9382
	642 10.7761
	643 10.6321
	644 10.5072
	645 10.4019
	646 10.3169
	647 10.2527
	648 10.2097
	649 10.1881
	650 10.1881
	651 10.2097
	652 10.2527
	653 10.3169
	654 10.4019
	655 10.5072
	656 10.6321
	657 10.7761
	33 10.9382
LINE 32 40 184.397 18
	658 10.3161
	659 10.2909
	660 10.2687
	661 10.2496
	662 10.2337
	663 10.221
	664 10.2115
	665 10.2051
	666 10.2019
	667 10.2019
	668 10.2051
	669 10.2115
	670 10.221
	671 10.2337
	672 10.2496
	673 10.2687
	674 10.2909
	40 10.3161
LINE 32 41 142.276 13
	675 11.8076
	676 11.3895
	677 11.0356
	678 10.7523
	679 10.5453
	680 10.4191
	681 10.3767
	682 10.4191
	683 10.5453
	684 10.7523
	685 11.0356
	686 11.3895
	41 11.8076
LINE 33 42 140.601 14
	687 10.514
	688 10.3008
	689 10.1197
	690 9.97251
	691 9.86065
	692 9.78537
	693 9.74751
	694 9.74751
	695 9.78537
	696 9.86065
	697 9.97251
	698 10.1197
	699 10.3008
	42 10.514
LINE 34 44 255.837 25
	700 10.3937
	701 10.354
	702 10.3175
	703 10.2845
	704 10.2548
	705 10.2285
	706 10.2057
	707 10.1864
	708 10.1705
	709 10.1582
	710 10.1493
	711 10.144
	712 10.1423
	713 10.144
	714 10.1493
	715 10.1582
	716 10.1705
	717 10.1864
	718 10.2057
	719 10.2285
	720 10.2548
	721 10.2845
	722 10.3175
	723 10.354
	44 10.3937
LINE 38 39 156.589 15
	724 11.2639
	725 10.9223
	726 10.6246
	727 10.3746
	728 10.176
	729 10.0317
	730 9.94417
	731 9.9148
	732 9.94417
	733 10.0317
	734 10.176
	735 10.3746
	736 10.6246
	737 10.9223
	39 11.2639
LINE 42 43 163.613 16
	738 10.2736
	739 10.2545
	740 10.2382
	741 10.2245
	742 10.2136
	743 10.2053
	744 10.1999
	745 10.1971
	746 10.1971
	747 10.1999
	748 10.2053
	749 10.2136
	750 10.2245
	751 10.2382
	752 10.2545
	43 10.2736
COORDENADAS :
1	195.843	393.01
2	285.023	453.382
3	350.498	406.276
4	456.546	455.753
5	689.783	407.486
6	810.958	412.756
7	895.002	402.333
8	57.298	303.867
9	182.884	350.188
10	253.833	350.214
11	377.304	292.636
12	501.131	299.054
13	614.591	341.339
14	707.311	301.773
15	778.347	287.291
16	898.928	295.012
17	974.713	308.808
18	115.867	189.729
19	164.03	200.278
20	263.722	197.774
21	389.806	249.004
22	512.12	200.724
23	700.96	232.217
24	792.357	250.669
25	878.266	251.519
26	992.876	197.582
27	90.9276	126.896
28	175.927	153.04
29	284.224	127.528
30	383.936	104.899
31	474.171	111.547
32	548.947	142.696
33	660.139	91.9483
34	773.643	128.381
35	851.348	100.865
36	957.296	132.132
37	78.1867	29.3292
38	295.198	17.9192
39	394.297	14.7853
40	504.884	28.4832
41	560.355	53.4907
42	707.704	14.4478
43	815.506	0
44	909.084	27.2399
45	0	37.5471
46	789.758	459.74
47	563.982	319.538
48	60.3961	418.616
49	443.587	317.341
50	200.876	397.583
51	205.98	402.049
52	211.157	406.408
53	216.406	410.661
54	221.728	414.807
55	227.121	418.847
56	232.586	422.78
57	238.124	426.607
58	243.734	430.327
59	249.416	433.94
60	255.17	437.447
61	260.996	440.847
62	266.895	444.141
63	272.865	447.328
64	278.908	450.408
65	196.871	386.021
66	196.939	379.323
67	196.047	372.915
68	194.196	366.798
69	191.385	360.971
70	187.615	355.434
71	289.426	447.993
72	294.021	442.87
73	298.807	438.013
74	303.785	433.423
75	308.954	429.098
76	314.315	425.04
77	319.867	421.247
78	325.61	417.721
79	331.545	414.461
80	337.671	411.466
81	343.989	408.738
82	280.197	447.803
83	275.755	442.109
84	271.696	436.299
85	268.021	430.373
86	264.729	424.33
87	261.821	418.172
88	259.296	411.898
89	257.155	405.508
90	255.397	399.002
91	254.023	392.38
92	253.033	385.642
93	252.426	378.788
94	252.202	371.819
95	252.362	364.733
96	252.906	357.531
97	355.973	410.822
98	361.544	415.164
99	367.21	419.301
100	372.971	423.233
101	378.827	426.962
102	384.779	430.485
103	390.827	433.805
104	396.969	436.919
105	403.207	439.83
106	409.541	442.536
107	415.97	445.037
108	422.494	447.334
109	429.114	449.427
110	435.829	451.315
111	442.639	452.999
112	449.545	454.478
113	345.232	402.254
114	339.914	398.323
115	334.543	394.481
116	329.119	390.731
117	323.643	387.071
118	318.114	383.501
119	312.533	380.022
120	306.899	376.634
121	301.213	373.336
122	295.474	370.129
123	289.683	367.012
124	283.839	363.986
125	277.943	361.05
126	271.994	358.205
127	265.993	355.451
128	259.939	352.787
129	696.38	410.871
130	702.993	413.893
131	709.622	416.551
132	716.267	418.846
133	722.928	420.776
134	729.604	422.342
135	736.297	423.545
136	743.005	424.383
137	749.729	424.858
138	756.469	424.969
139	763.225	424.716
140	769.996	424.099
141	776.783	423.118
142	783.587	421.773
143	790.406	420.065
144	797.24	417.992
145	804.091	415.556
146	817.322	411.142
147	823.703	409.664
148	830.101	408.32
149	836.515	407.113
150	842.946	406.04
151	849.395	405.103
152	855.86	404.301
153	862.341	403.635
154	868.84	403.104
155	875.355	402.708
156	881.887	402.448
157	888.436	402.323
158	810.342	405.866
159	809.605	399.008
160	808.745	392.182
161	807.763	385.388
162	806.659	378.626
163	805.432	371.895
164	804.083	365.196
165	802.611	358.529
166	801.017	351.894
167	799.301	345.291
168	797.462	338.719
169	795.501	332.179
170	793.417	325.671
171	791.212	319.195
172	788.883	312.751
173	786.433	306.338
174	783.86	299.957
175	781.165	293.608
176	888.761	398.938
177	882.641	395.422
178	876.641	391.785
179	870.76	388.025
180	865	384.144
181	859.36	380.141
182	853.839	376.017
183	848.439	371.771
184	843.158	367.403
185	837.998	362.914
186	832.957	358.303
187	828.037	353.571
188	823.236	348.716
189	818.555	343.741
190	813.995	338.643
191	809.554	333.424
192	805.233	328.083
193	801.032	322.621
194	796.952	317.036
195	792.991	311.331
196	789.15	305.503
197	785.429	299.554
198	781.828	293.484
199	62.9322	307.932
200	68.6343	311.813
201	74.4043	315.51
202	80.2422	319.023
203	86.148	322.352
204	92.1217	325.496
205	98.1633	328.457
206	104.273	331.233
207	110.45	333.825
208	116.696	336.233
209	123.009	338.457
210	129.39	340.497
211	135.839	342.353
212	142.356	344.025
213	148.941	345.512
214	155.594	346.816
215	162.315	347.935
216	169.103	348.87
217	175.96	349.621
218	189.335	347.977
219	195.786	346.209
220	202.236	344.883
221	208.686	344
222	215.136	343.56
223	221.586	343.562
224	228.036	344.007
225	234.485	344.895
226	240.935	346.225
227	247.384	347.998
228	178.998	344.563
229	175.215	338.895
230	171.538	333.183
231	167.965	327.427
232	164.497	321.627
233	161.134	315.784
234	157.876	309.897
235	154.722	303.966
236	151.673	297.991
237	148.729	291.973
238	145.889	285.911
239	143.155	279.805
240	140.525	273.655
241	138	267.462
242	135.579	261.224
243	133.263	254.944
244	131.052	248.619
245	128.946	242.251
246	126.945	235.838
247	125.048	229.383
248	123.256	222.883
249	121.568	216.34
250	119.986	209.753
251	118.508	203.122
252	117.135	196.447
253	183.117	343.538
254	183.255	336.9
255	183.296	330.273
256	183.242	323.659
257	183.092	317.057
258	182.847	310.467
259	182.506	303.889
260	182.069	297.323
261	181.536	290.769
262	180.908	284.227
263	180.184	277.697
264	179.364	271.179
265	178.448	264.674
266	177.437	258.18
267	176.33	251.698
268	175.128	245.228
269	173.829	238.771
270	172.435	232.325
271	170.946	225.892
272	169.36	219.47
273	167.679	213.061
274	165.902	206.663
275	251.291	343.393
276	249.019	336.59
277	247.017	329.804
278	245.286	323.036
279	243.824	316.286
280	242.633	309.553
281	241.712	302.837
282	241.062	296.14
283	240.681	289.459
284	240.571	282.796
285	240.73	276.151
286	241.16	269.523
287	241.86	262.913
288	242.831	256.32
289	244.071	249.745
290	245.582	243.187
291	247.363	236.647
292	249.414	230.124
293	251.735	223.619
294	254.327	217.132
295	257.188	210.662
296	260.32	204.209
297	384.311	290.531
298	391.303	288.715
299	398.28	287.188
300	405.242	285.952
301	412.188	285.005
302	419.12	284.347
303	426.037	283.98
304	432.939	283.902
305	439.825	284.114
306	446.697	284.615
307	453.554	285.406
308	460.396	286.487
309	467.222	287.857
310	474.034	289.517
311	480.831	291.467
312	487.612	293.706
313	494.379	296.235
314	621.23	339.774
315	627.804	338.055
316	634.312	336.183
317	640.754	334.158
318	647.132	331.979
319	653.444	329.648
320	659.69	327.163
321	665.872	324.526
322	671.988	321.735
323	678.038	318.791
324	684.023	315.693
325	689.943	312.443
326	695.798	309.04
327	701.587	305.483
328	714.039	301.78
329	720.712	301.523
330	727.332	301
331	733.898	300.213
332	740.41	299.162
333	746.867	297.845
334	753.271	296.264
335	759.621	294.418
336	765.917	292.307
337	772.159	289.931
338	710.037	294.511
339	712.016	287.316
340	713.249	280.19
341	713.734	273.132
342	713.472	266.143
343	712.464	259.221
344	710.708	252.368
345	708.206	245.583
346	704.956	238.866
347	785.291	283.887
348	792.207	280.933
349	799.094	278.431
350	805.951	276.379
351	812.78	274.779
352	819.58	273.629
353	826.351	272.931
354	833.094	272.683
355	839.807	272.887
356	846.491	273.541
357	853.147	274.647
358	859.774	276.203
359	866.372	278.21
360	872.941	280.669
361	879.481	283.578
362	885.992	286.938
363	892.475	290.749
364	906.083	294.806
365	913.186	294.892
366	920.235	295.271
367	927.23	295.941
368	934.173	296.903
369	941.063	298.157
370	947.899	299.704
371	954.682	301.542
372	961.412	303.672
373	968.089	306.094
374	898.292	287.698
375	896.885	280.751
376	894.705	274.171
377	891.753	267.958
378	888.029	262.112
379	883.534	256.632
380	123.42	188.165
381	130.748	187.625
382	137.853	188.109
383	144.733	189.616
384	151.39	192.146
385	157.822	195.7
386	111.829	184.058
387	108.135	178.251
388	104.783	172.308
389	101.775	166.229
390	99.1095	160.014
391	96.7871	153.663
392	94.8077	147.175
393	93.1713	140.552
394	91.878	133.792
395	170.713	201.604
396	177.391	202.717
397	184.064	203.616
398	190.732	204.302
399	197.394	204.775
400	204.051	205.035
401	210.703	205.081
402	217.349	204.915
403	223.99	204.534
404	230.625	203.941
405	237.255	203.134
406	243.88	202.114
407	250.499	200.881
408	257.113	199.434
409	166.809	193.802
410	169.229	187.235
411	171.289	180.577
412	172.989	173.829
413	174.328	166.99
414	175.307	160.06
415	271.2	197.447
416	278.554	197.423
417	285.785	197.704
418	292.893	198.289
419	299.876	199.178
420	306.737	200.371
421	313.473	201.868
422	320.087	203.669
423	326.576	205.775
424	332.942	208.184
425	339.184	210.898
426	345.303	213.915
427	351.299	217.237
428	357.17	220.863
429	362.919	224.793
430	368.543	229.027
431	374.044	233.565
432	379.422	238.408
433	384.676	243.554
434	262.446	190.472
435	261.798	183.352
436	261.778	176.417
437	262.385	169.664
438	263.621	163.095
439	265.485	156.709
440	267.977	150.506
441	271.097	144.487
442	274.844	138.651
443	279.22	132.998
444	268.767	193.501
445	273.829	189.25
446	278.907	185.019
447	284.002	180.811
448	289.113	176.623
449	294.241	172.457
450	299.385	168.312
451	304.546	164.189
452	309.723	160.087
453	314.917	156.006
454	320.127	151.946
455	325.354	147.908
456	330.597	143.892
457	335.856	139.896
458	341.133	135.922
459	346.425	131.97
460	351.734	128.038
461	357.06	124.128
462	362.402	120.24
463	367.761	116.372
464	373.136	112.526
465	378.527	108.702
466	396.603	248.316
467	403.328	247.447
468	409.982	246.395
469	416.564	245.162
470	423.074	243.747
471	429.512	242.151
472	435.879	240.372
473	442.174	238.413
474	448.397	236.271
475	454.548	233.948
476	460.628	231.443
477	466.636	228.757
478	472.573	225.888
479	478.437	222.839
480	484.23	219.607
481	489.952	216.194
482	495.601	212.599
483	501.179	208.822
484	506.685	204.864
485	388.189	242.509
486	386.7	236.009
487	385.34	229.503
488	384.109	222.992
489	383.006	216.476
490	382.032	209.954
491	381.186	203.428
492	380.469	196.896
493	379.881	190.359
494	379.421	183.816
495	379.09	177.268
496	378.887	170.716
497	378.813	164.157
498	378.868	157.594
499	379.051	151.025
500	379.363	144.452
501	379.804	137.873
502	380.373	131.288
503	381.071	124.699
504	381.897	118.104
505	382.852	111.504
506	510.329	193.963
507	508.397	187.262
508	506.323	180.621
509	504.108	174.04
510	501.751	167.52
511	499.253	161.06
512	496.613	154.66
513	493.831	148.32
514	490.909	142.041
515	487.844	135.821
516	484.638	129.662
517	481.29	123.564
518	477.801	117.525
519	798.998	247.425
520	805.634	244.733
521	812.264	242.592
522	818.889	241.003
523	825.508	239.965
524	832.122	239.479
525	838.73	239.545
526	845.333	240.162
527	851.931	241.33
528	858.523	243.05
529	865.109	245.321
530	871.69	248.144
531	793.952	243.472
532	795.238	236.322
533	796.214	229.22
534	796.879	222.165
535	797.235	215.158
536	797.28	208.198
537	797.015	201.286
538	796.441	194.421
539	795.556	187.603
540	794.362	180.833
541	792.857	174.11
542	791.042	167.435
543	788.917	160.808
544	786.482	154.227
545	783.738	147.695
546	780.683	141.209
547	777.318	134.771
548	793.353	243.851
549	794.477	237.084
550	795.728	230.367
551	797.106	223.7
552	798.611	217.083
553	800.243	210.516
554	802.002	203.999
555	803.888	197.532
556	805.901	191.115
557	808.042	184.748
558	810.309	178.431
559	812.704	172.164
560	815.225	165.947
561	817.874	159.781
562	820.649	153.664
563	823.552	147.597
564	826.582	141.581
565	829.739	135.614
566	833.023	129.697
567	836.434	123.831
568	839.972	118.014
569	843.637	112.248
570	847.429	106.532
571	880.105	244.56
572	882.136	237.729
573	884.36	231.024
574	886.777	224.448
575	889.386	217.998
576	892.187	211.676
577	895.181	205.482
578	898.367	199.415
579	901.745	193.475
580	905.316	187.662
581	909.079	181.977
582	913.035	176.419
583	917.183	170.989
584	921.524	165.686
585	926.057	160.511
586	930.782	155.462
587	935.7	150.542
588	940.811	145.748
589	946.113	141.082
590	951.608	136.543
591	989.742	191.577
592	986.588	185.583
593	983.414	179.6
594	980.22	173.629
595	977.005	167.668
596	973.771	161.718
597	970.516	155.779
598	967.241	149.851
599	963.946	143.933
600	960.631	138.027
601	90.5579	120.329
602	90.1197	113.771
603	89.613	107.222
604	89.0377	100.681
605	88.3939	94.15
606	87.6815	87.6276
607	86.9007	81.1142
608	86.0513	74.6098
609	85.1334	68.1143
610	84.1469	61.6277
611	83.0919	55.1501
612	81.9684	48.6815
613	80.7764	42.2218
614	79.5158	35.771
615	291.05	126.808
616	297.851	125.976
617	304.627	125.031
618	311.376	123.973
619	318.1	122.802
620	324.799	121.519
621	331.472	120.123
622	338.12	118.614
623	344.741	116.993
624	351.338	115.259
625	357.908	113.412
626	364.454	111.453
627	370.973	109.381
628	377.467	107.196
629	475.816	104.892
630	477.58	98.2814
631	479.465	91.715
632	481.469	85.1929
633	483.592	78.715
634	485.835	72.2812
635	488.198	65.8918
636	490.68	59.5465
637	493.281	53.2454
638	496.003	46.9885
639	498.844	40.7759
640	501.804	34.6075
641	556.228	142.295
642	563.38	141.61
643	570.401	140.64
644	577.293	139.386
645	584.054	137.847
646	590.686	136.023
647	597.188	133.915
648	603.56	131.523
649	609.803	128.846
650	615.915	125.884
651	621.898	122.638
652	627.75	119.107
653	633.473	115.292
654	639.066	111.192
655	644.529	106.808
656	649.862	102.139
657	655.066	97.1861
658	545.545	136.719
659	542.256	130.698
660	539.078	124.635
661	536.013	118.528
662	533.06	112.377
663	530.219	106.184
664	527.491	99.9469
665	524.875	93.6667
666	522.37	87.3432
667	519.979	80.9764
668	517.699	74.5663
669	515.532	68.1129
670	513.476	61.6162
671	511.533	55.0762
672	509.703	48.4929
673	507.984	41.8663
674	506.378	35.1964
675	546.099	135.358
676	543.872	128.099
677	542.265	120.919
678	541.28	113.819
679	540.916	106.798
680	541.172	99.8567
681	542.05	92.9948
682	543.548	86.2122
683	545.668	79.5091
684	548.408	72.8854
685	551.77	66.3411
686	555.752	59.8762
687	665.783	87.7908
688	671.08	83.4213
689	676.032	78.8398
690	680.639	74.0461
691	684.9	69.0405
692	688.816	63.8228
693	692.386	58.3931
694	695.611	52.7513
695	698.49	46.8975
696	701.024	40.8316
697	703.212	34.5537
698	705.055	28.0638
699	706.552	21.3618
700	778.154	123.121
701	782.741	117.963
702	787.403	112.906
703	792.141	107.95
704	796.954	103.095
705	801.843	98.3411
706	806.808	93.6886
707	811.847	89.1372
708	816.963	84.6869
709	822.154	80.3378
710	827.421	76.0899
711	832.763	71.9431
712	838.18	67.8975
713	843.674	63.953
714	849.242	60.1097
715	854.887	56.3675
716	860.606	52.7265
717	866.402	49.1866
718	872.273	45.7479
719	878.219	42.4104
720	884.241	39.174
721	890.338	36.0387
722	896.511	33.0046
723	902.76	30.0717
724	301.692	14.1485
725	308.202	10.8866
726	314.728	8.13357
727	321.27	5.88933
728	327.829	4.15392
729	334.403	2.92734
730	340.993	2.20958
731	347.6	2.00065
732	354.223	2.30055
733	360.861	3.10927
734	367.516	4.42682
735	374.187	6.2532
736	380.874	8.58841
737	387.577	11.4324
738	714.331	12.7162
739	720.972	11.0951
740	727.628	9.58454
741	734.299	8.18441
742	740.985	6.89476
743	747.685	5.71559
744	754.401	4.64689
745	761.131	3.68866
746	767.876	2.84092
747	774.636	2.10364
748	781.41	1.47685
749	788.2	0.960527
750	795.004	0.554681
751	801.823	0.259312
752	808.657	0.0744182
