NOMBRE : MTLARP6_6_6_2.dat
VERTICES ORIGINALES : 35
VERTICES TOTALES : 469
DEPOTS : 6
30
31
32
33
34
35
LINEAS ORIGINALES : 29
LINE 1 5 190.795 18
	36 11.2064
	37 10.9978
	38 10.8119
	39 10.6501
	40 10.5133
	41 10.4026
	42 10.3188
	43 10.2625
	44 10.2343
	45 10.2343
	46 10.2625
	47 10.3188
	48 10.4026
	49 10.5133
	50 10.6501
	51 10.8119
	52 10.9978
	5 11.2064
LINE 2 3 142.401 13
	53 11.4952
	54 11.2299
	55 11.0081
	56 10.8325
	57 10.7052
	58 10.6282
	59 10.6024
	60 10.6282
	61 10.7052
	62 10.8325
	63 11.0081
	64 11.2299
	3 11.4952
LINE 4 8 159.764 15
	65 10.9884
	66 10.8457
	67 10.7235
	68 10.6225
	69 10.5433
	70 10.4863
	71 10.452
	72 10.4405
	73 10.452
	74 10.4863
	75 10.5433
	76 10.6225
	77 10.7235
	78 10.8457
	8 10.9884
LINE 5 6 198.74 19
	79 10.8387
	80 10.7146
	81 10.6038
	82 10.5069
	83 10.4242
	84 10.3561
	85 10.3027
	86 10.2645
	87 10.2414
	88 10.2338
	89 10.2414
	90 10.2645
	91 10.3027
	92 10.3561
	93 10.4242
	94 10.5069
	95 10.6038
	96 10.7146
	6 10.8387
LINE 6 11 287.319 28
	97 10.322
	98 10.3086
	99 10.2961
	100 10.2848
	101 10.2744
	102 10.2651
	103 10.2568
	104 10.2495
	105 10.2432
	106 10.238
	107 10.2339
	108 10.2308
	109 10.2287
	110 10.2276
	111 10.2276
	112 10.2287
	113 10.2308
	114 10.2339
	115 10.238
	116 10.2432
	117 10.2495
	118 10.2568
	119 10.2651
	120 10.2744
	121 10.2848
	122 10.2961
	123 10.3086
	11 10.322
LINE 7 8 154.872 15
	124 10.8044
	125 10.603
	126 10.4294
	127 10.2853
	128 10.1718
	129 10.0899
	130 10.0404
	131 10.0239
	132 10.0404
	133 10.0899
	134 10.1718
	135 10.2853
	136 10.4294
	137 10.603
	8 10.8044
LINE 7 12 190.399 18
	138 11.1254
	139 10.9366
	140 10.7687
	141 10.6227
	142 10.4994
	143 10.3998
	144 10.3244
	145 10.2739
	146 10.2485
	147 10.2485
	148 10.2739
	149 10.3244
	150 10.3998
	151 10.4994
	152 10.6227
	153 10.7687
	154 10.9366
	12 11.1254
LINE 7 13 148.039 14
	155 10.8312
	156 10.7138
	157 10.615
	158 10.5352
	159 10.475
	160 10.4347
	161 10.4145
	162 10.4145
	163 10.4347
	164 10.475
	165 10.5352
	166 10.615
	167 10.7138
	13 10.8312
LINE 9 10 63.9015 6
	168 11.2464
	169 10.5384
	170 10.166
	171 10.166
	172 10.5384
	10 11.2464
LINE 9 14 224.147 21
	173 11.4712
	174 11.2402
	175 11.0294
	176 10.8401
	177 10.6732
	178 10.53
	179 10.4113
	180 10.3181
	181 10.251
	182 10.2105
	183 10.197
	184 10.2105
	185 10.251
	186 10.3181
	187 10.4113
	188 10.53
	189 10.6732
	190 10.8401
	191 11.0294
	192 11.2402
	14 11.4712
LINE 9 15 224.057 22
	193 10.2071
	194 10.2006
	195 10.1948
	196 10.1896
	197 10.1851
	198 10.1812
	199 10.1779
	200 10.1754
	201 10.1734
	202 10.1721
	203 10.1715
	204 10.1715
	205 10.1721
	206 10.1734
	207 10.1754
	208 10.1779
	209 10.1812
	210 10.1851
	211 10.1896
	212 10.1948
	213 10.2006
	15 10.2071
LINE 10 15 232.195 22
	214 10.8318
	215 10.7535
	216 10.6826
	217 10.6191
	218 10.5633
	219 10.5152
	220 10.4749
	221 10.4426
	222 10.4183
	223 10.4021
	224 10.394
	225 10.394
	226 10.4021
	227 10.4183
	228 10.4426
	229 10.4749
	230 10.5152
	231 10.5633
	232 10.6191
	233 10.6826
	234 10.7535
	15 10.8318
LINE 12 16 187.826 18
	235 10.7553
	236 10.6438
	237 10.5452
	238 10.46
	239 10.3884
	240 10.3308
	241 10.2874
	242 10.2583
	243 10.2438
	244 10.2438
	245 10.2583
	246 10.2874
	247 10.3308
	248 10.3884
	249 10.46
	250 10.5452
	251 10.6438
	16 10.7553
LINE 14 15 111.412 10
	252 11.6862
	253 11.329
	254 11.0536
	255 10.8661
	256 10.7711
	257 10.7711
	258 10.8661
	259 11.0536
	260 11.329
	15 11.6862
LINE 14 18 192.097 18
	261 11.4474
	262 11.1826
	263 10.9457
	264 10.7384
	265 10.5626
	266 10.4198
	267 10.3115
	268 10.2386
	269 10.2019
	270 10.2019
	271 10.2386
	272 10.3115
	273 10.4198
	274 10.5626
	275 10.7384
	276 10.9457
	277 11.1826
	18 11.4474
LINE 15 18 174.306 16
	278 11.7507
	279 11.4196
	280 11.128
	281 10.8791
	282 10.6757
	283 10.5206
	284 10.416
	285 10.3632
	286 10.3632
	287 10.416
	288 10.5206
	289 10.6757
	290 10.8791
	291 11.128
	292 11.4196
	18 11.7507
LINE 16 17 118.862 11
	293 11.4194
	294 11.0588
	295 10.7701
	296 10.559
	297 10.4302
	298 10.387
	299 10.4302
	300 10.559
	301 10.7701
	302 11.0588
	17 11.4194
LINE 16 21 130.597 13
	303 10.063
	304 10.0545
	305 10.0475
	306 10.0421
	307 10.0382
	308 10.0358
	309 10.0351
	310 10.0358
	311 10.0382
	312 10.0421
	313 10.0475
	314 10.0545
	21 10.063
LINE 17 18 161.092 15
	315 11.2489
	316 11.035
	317 10.8507
	318 10.6975
	319 10.5769
	320 10.4899
	321 10.4373
	322 10.4197
	323 10.4373
	324 10.4899
	325 10.5769
	326 10.6975
	327 10.8507
	328 11.035
	18 11.2489
LINE 18 23 141.597 13
	329 11.3391
	330 11.1193
	331 10.9361
	332 10.7916
	333 10.6871
	334 10.6239
	335 10.6028
	336 10.6239
	337 10.6871
	338 10.7916
	339 10.9361
	340 11.1193
	23 11.3391
LINE 19 24 207.605 20
	341 10.4258
	342 10.4114
	343 10.3987
	344 10.3875
	345 10.3779
	346 10.3699
	347 10.3635
	348 10.3587
	349 10.3555
	350 10.3539
	351 10.3539
	352 10.3555
	353 10.3587
	354 10.3635
	355 10.3699
	356 10.3779
	357 10.3875
	358 10.3987
	359 10.4114
	24 10.4258
LINE 19 25 166.179 15
	360 12.0344
	361 11.6396
	362 11.2947
	363 11.0045
	364 10.7734
	365 10.6053
	366 10.5031
	367 10.4688
	368 10.5031
	369 10.6053
	370 10.7734
	371 11.0045
	372 11.2947
	373 11.6396
	25 12.0344
LINE 20 26 138.11 13
	374 11.3581
	375 11.0011
	376 10.7002
	377 10.4601
	378 10.2852
	379 10.1788
	380 10.1431
	381 10.1788
	382 10.2852
	383 10.4601
	384 10.7002
	385 11.0011
	26 11.3581
LINE 21 22 124.717 12
	386 10.6405
	387 10.5068
	388 10.3986
	389 10.3167
	390 10.2617
	391 10.2341
	392 10.2341
	393 10.2617
	394 10.3167
	395 10.3986
	396 10.5068
	22 10.6405
LINE 22 27 178.519 17
	397 10.7444
	398 10.6541
	399 10.5753
	400 10.5081
	401 10.4528
	402 10.4096
	403 10.3786
	404 10.36
	405 10.3537
	406 10.36
	407 10.3786
	408 10.4096
	409 10.4528
	410 10.5081
	411 10.5753
	412 10.6541
	27 10.7444
LINE 23 24 90.1852 8
	413 11.9219
	414 11.375
	415 10.9953
	416 10.8004
	417 10.8004
	418 10.9953
	419 11.375
	24 11.9219
LINE 24 29 204.071 19
	420 11.3507
	421 11.1526
	422 10.9748
	423 10.8184
	424 10.6843
	425 10.5733
	426 10.4861
	427 10.4234
	428 10.3856
	429 10.373
	430 10.3856
	431 10.4234
	432 10.4861
	433 10.5733
	434 10.6843
	435 10.8184
	436 10.9748
	437 11.1526
	29 11.3507
LINE 27 28 214.556 20
	438 11.6271
	439 11.354
	440 11.1055
	441 10.8835
	442 10.6895
	443 10.5251
	444 10.3917
	445 10.2905
	446 10.2225
	447 10.1884
	448 10.1884
	449 10.2225
	450 10.2905
	451 10.3917
	452 10.5251
	453 10.6895
	454 10.8835
	455 11.1055
	456 11.354
	28 11.6271
LINE 28 29 150.421 14
	457 11.0669
	458 10.9199
	459 10.7959
	460 10.6956
	461 10.6198
	462 10.569
	463 10.5434
	464 10.5434
	465 10.569
	466 10.6198
	467 10.6956
	468 10.7959
	469 10.9199
	29 11.0669
COORDENADAS :
1	69.4798	527.825
2	222.864	518.616
3	314.75	518.994
4	389.044	539.186
5	101.133	409.207
6	229.337	428.37
7	274.797	410.408
8	371.65	436.24
9	529.057	427.05
10	564.385	407.3
11	66.3501	328.955
12	171.65	343.506
13	322.938	325.992
14	412.951	343.988
15	463.464	293.063
16	211.99	227.411
17	277.666	188.827
18	374.261	227.898
19	586.305	206.569
20	88.166	130.481
21	218.604	140.692
22	299.294	126.988
23	418.309	147.253
24	472.573	128.323
25	590.606	101.97
26	71.9942	44.0739
27	267.068	14.1572
28	402.571	5.37065
29	500.8	0
30	343.443	104.669
31	130.833	249.015
32	0	269.963
33	46.7849	415.17
34	484.072	416.452
35	412.329	500.829
36	68.2926	520.449
37	67.4519	513.166
38	66.9578	505.975
39	66.8102	498.876
40	67.0092	491.87
41	67.5548	484.957
42	68.4469	478.136
43	69.6856	471.407
44	71.2709	464.771
45	73.2027	458.227
46	75.481	451.776
47	78.106	445.417
48	81.0774	439.151
49	84.3955	432.977
50	88.0601	426.896
51	92.0713	420.908
52	96.429	415.011
53	229.944	515.684
54	237.022	513.245
55	244.099	511.3
56	251.173	509.849
57	258.245	508.891
58	265.315	508.426
59	272.384	508.455
60	279.45	508.978
61	286.514	509.994
62	293.576	511.504
63	300.636	513.507
64	307.694	516.004
65	385.632	532.704
66	382.542	526.167
67	379.774	519.575
68	377.327	512.93
69	375.202	506.23
70	373.399	499.476
71	371.918	492.667
72	370.758	485.804
73	369.92	478.886
74	369.404	471.915
75	369.21	464.888
76	369.337	457.808
77	369.787	450.673
78	370.558	443.484
79	107.529	412.57
80	113.964	415.671
81	120.438	418.511
82	126.951	421.089
83	133.503	423.405
84	140.094	425.46
85	146.724	427.253
86	153.393	428.785
87	160.102	430.055
88	166.849	431.064
89	173.636	431.811
90	180.462	432.296
91	187.327	432.52
92	194.231	432.482
93	201.174	432.183
94	208.156	431.622
95	215.177	430.8
96	222.237	429.716
97	223.032	425.613
98	216.763	422.796
99	210.53	419.921
100	204.333	416.988
101	198.172	413.995
102	192.046	410.944
103	185.956	407.834
104	179.902	404.665
105	173.884	401.438
106	167.902	398.152
107	161.956	394.807
108	156.045	391.403
109	150.171	387.941
110	144.332	384.42
111	138.529	380.84
112	132.762	377.201
113	127.03	373.504
114	121.335	369.748
115	115.675	365.933
116	110.051	362.059
117	104.463	358.127
118	98.9109	354.136
119	93.3945	350.086
120	87.914	345.977
121	82.4693	341.81
122	77.0604	337.584
123	71.6873	333.299
124	280.561	414.727
125	286.424	418.676
126	292.386	422.253
127	298.447	425.459
128	304.607	428.295
129	310.866	430.759
130	317.224	432.852
131	323.681	434.574
132	330.237	435.925
133	336.892	436.905
134	343.646	437.514
135	350.498	437.752
136	357.45	437.619
137	364.501	437.115
138	267.493	409.117
139	260.375	407.54
140	253.441	405.678
141	246.693	403.531
142	240.13	401.099
143	233.751	398.38
144	227.558	395.377
145	221.55	392.088
146	215.727	388.514
147	210.09	384.655
148	204.637	380.51
149	199.369	376.08
150	194.287	371.364
151	189.389	366.363
152	184.677	361.077
153	180.15	355.505
154	175.807	349.648
155	276.507	403.393
156	278.484	396.529
157	280.726	389.817
158	283.234	383.257
159	286.008	376.848
160	289.048	370.591
161	292.354	364.485
162	295.925	358.531
163	299.763	352.729
164	303.866	347.078
165	308.235	341.579
166	312.87	336.232
167	317.772	331.036
168	536.542	426.615
169	543.388	425.037
170	549.595	422.317
171	555.164	418.454
172	560.094	413.448
173	525.566	420.245
174	521.872	413.726
175	517.973	407.491
176	513.871	401.542
177	509.565	395.877
178	505.056	390.497
179	500.342	385.402
180	495.425	380.592
181	490.304	376.067
182	484.979	371.827
183	479.45	367.872
184	473.717	364.201
185	467.781	360.816
186	461.64	357.715
187	455.296	354.9
188	448.748	352.369
189	441.996	350.123
190	435.041	348.162
191	427.882	346.486
192	420.518	345.095
193	526.586	420.709
194	524.067	414.393
195	521.499	408.1
196	518.882	401.831
197	516.217	395.586
198	513.503	389.365
199	510.74	383.168
200	507.929	376.994
201	505.069	370.844
202	502.161	364.718
203	499.203	358.616
204	496.198	352.538
205	493.143	346.483
206	490.04	340.452
207	486.888	334.445
208	483.688	328.462
209	480.439	322.503
210	477.141	316.567
211	473.795	310.656
212	470.4	304.768
213	466.956	298.904
214	561.322	400.76
215	558.115	394.349
216	554.762	388.066
217	551.263	381.911
218	547.62	375.884
219	543.832	369.986
220	539.898	364.216
221	535.819	358.575
222	531.594	353.061
223	527.225	347.676
224	522.71	342.42
225	518.05	337.291
226	513.245	332.291
227	508.295	327.419
228	503.199	322.676
229	497.958	318.061
230	492.572	313.574
231	487.041	309.215
232	481.365	304.985
233	475.543	300.883
234	469.576	296.909
235	171.824	336.338
236	172.241	329.254
237	172.901	322.255
238	173.804	315.34
239	174.951	308.51
240	176.34	301.765
241	177.973	295.104
242	179.85	288.527
243	181.969	282.035
244	184.332	275.628
245	186.938	269.305
246	189.787	263.066
247	192.879	256.913
248	196.215	250.843
249	199.794	244.858
250	203.616	238.958
251	207.681	233.142
252	415.844	336.754
253	419.216	329.996
254	423.067	323.714
255	427.399	317.908
256	432.21	312.577
257	437.501	307.723
258	443.272	303.344
259	449.523	299.441
260	456.254	296.014
261	414.092	336.443
262	414.845	329.026
263	415.211	321.738
264	415.19	314.579
265	414.783	307.549
266	413.988	300.648
267	412.806	293.876
268	411.237	287.233
269	409.281	280.719
270	406.938	274.334
271	404.208	268.078
272	401.091	261.951
273	397.587	255.953
274	393.696	250.084
275	389.418	244.344
276	384.752	238.733
277	379.7	233.251
278	460.072	286.002
279	456.389	279.339
280	452.415	273.075
281	448.149	267.209
282	443.593	261.742
283	438.745	256.673
284	433.607	252.002
285	428.177	247.73
286	422.456	243.856
287	416.445	240.381
288	410.142	237.304
289	403.548	234.626
290	396.663	232.346
291	389.486	230.465
292	382.019	228.982
293	219.563	226.631
294	226.815	225.305
295	233.747	223.434
296	240.359	221.017
297	246.65	218.055
298	252.62	214.547
299	258.27	210.494
300	263.6	205.896
301	268.609	200.752
302	273.298	195.062
303	212	220.702
304	212.094	214
305	212.27	207.304
306	212.529	200.614
307	212.872	193.931
308	213.298	187.254
309	213.807	180.583
310	214.398	173.919
311	215.073	167.261
312	215.831	160.609
313	216.672	153.964
314	217.597	147.325
315	283.046	194.052
316	288.578	198.902
317	294.26	203.378
318	300.095	207.479
319	306.08	211.207
320	312.217	214.56
321	318.505	217.539
322	324.945	220.143
323	331.536	222.374
324	338.278	224.23
325	345.172	225.712
326	352.217	226.82
327	359.414	227.553
328	366.762	227.913
329	380.001	222.979
330	385.349	217.846
331	390.305	212.499
332	394.869	206.938
333	399.042	201.162
334	402.822	195.173
335	406.21	188.969
336	409.207	182.552
337	411.811	175.92
338	414.023	169.074
339	415.844	162.015
340	417.273	154.741
341	581.081	201.984
342	575.808	197.471
343	570.487	193.028
344	565.117	188.655
345	559.698	184.354
346	554.231	180.123
347	548.714	175.963
348	543.15	171.874
349	537.536	167.855
350	531.874	163.907
351	526.163	160.031
352	520.403	156.224
353	514.595	152.489
354	508.738	148.824
355	502.832	145.231
356	496.878	141.708
357	490.875	138.255
358	484.823	134.874
359	478.722	131.563
360	582.638	199.433
361	579.536	192.321
362	576.999	185.231
363	575.026	178.165
364	573.618	171.122
365	572.775	164.102
366	572.497	157.106
367	572.784	150.133
368	573.635	143.182
369	575.052	136.256
370	577.033	129.352
371	579.579	122.472
372	582.69	115.614
373	586.365	108.78
374	83.5728	124.461
375	79.5377	118.337
376	76.0609	112.108
377	73.1423	105.774
378	70.7819	99.3368
379	68.9797	92.7946
380	67.7357	86.1479
381	67.05	79.3968
382	66.9224	72.5411
383	67.353	65.581
384	68.3419	58.5165
385	69.889	51.3474
386	225.002	137.628
387	231.459	134.913
388	237.975	132.548
389	244.551	130.532
390	251.186	128.866
391	257.881	127.549
392	264.634	126.582
393	271.448	125.964
394	278.32	125.696
395	285.252	125.777
396	292.243	126.208
397	299.239	119.825
398	298.953	112.728
399	298.438	105.697
400	297.693	98.7311
401	296.717	91.8312
402	295.512	84.997
403	294.076	78.2285
404	292.41	71.5257
405	290.515	64.8886
406	288.389	58.3172
407	286.033	51.8116
408	283.448	45.3716
409	280.632	38.9973
410	277.586	32.6887
411	274.31	26.4459
412	270.804	20.2687
413	426.212	148.097
414	433.795	148.024
415	441.058	147.034
416	448.001	145.126
417	454.624	142.301
418	460.927	138.559
419	466.91	133.9
420	477.059	122.229
421	481.212	116.062
422	485.032	109.822
423	488.518	103.508
424	491.671	97.1206
425	494.49	90.6602
426	496.976	84.1263
427	499.128	77.5192
428	500.947	70.8387
429	502.433	64.0848
430	503.585	57.2576
431	504.404	50.3571
432	504.889	43.3833
433	505.041	36.3361
434	504.86	29.2155
435	504.345	22.0217
436	503.497	14.7544
437	502.315	7.41389
438	274.085	17.4502
439	281.077	20.3503
440	288.043	22.8575
441	294.984	24.9719
442	301.899	26.6934
443	308.789	28.022
444	315.653	28.9577
445	322.492	29.5006
446	329.305	29.6505
447	336.093	29.4077
448	342.856	28.7719
449	349.593	27.7432
450	356.304	26.3217
451	362.99	24.5073
452	369.651	22.3001
453	376.286	19.6999
454	382.895	16.7069
455	389.479	13.321
456	396.038	9.54228
457	409.71	7.23261
458	416.83	8.74909
459	423.932	9.9201
460	431.014	10.7456
461	438.078	11.2257
462	445.123	11.3603
463	452.148	11.1494
464	459.155	10.5931
465	466.143	9.69123
466	473.112	8.44393
467	480.063	6.85116
468	486.994	4.91291
469	493.906	2.62919
