NOMBRE : MTLARP6_10_4_2.dat
VERTICES ORIGINALES : 55
VERTICES TOTALES : 851
DEPOTS : 4
52
53
54
55
LINEAS ORIGINALES : 53
LINE 1 2 173.323 15
	56 11.5764
	57 11.5672
	58 11.5593
	59 11.5529
	60 11.548
	61 11.5444
	62 11.5423
	63 11.5416
	64 11.5423
	65 11.5444
	66 11.548
	67 11.5529
	68 11.5593
	69 11.5672
	2 11.5764
LINE 2 9 248.45 21
	70 11.985
	71 11.9391
	72 11.8978
	73 11.8613
	74 11.8296
	75 11.8027
	76 11.7806
	77 11.7634
	78 11.7511
	79 11.7438
	80 11.7413
	81 11.7438
	82 11.7511
	83 11.7634
	84 11.7806
	85 11.8027
	86 11.8296
	87 11.8613
	88 11.8978
	89 11.9391
	9 11.985
LINE 2 10 161.192 13
	90 13.3914
	91 12.9111
	92 12.5045
	93 12.1788
	94 11.9408
	95 11.7957
	96 11.7469
	97 11.7957
	98 11.9408
	99 12.1788
	100 12.5045
	101 12.9111
	10 13.3914
LINE 3 4 151.673 13
	102 11.7796
	103 11.7236
	104 11.6776
	105 11.6417
	106 11.6159
	107 11.6005
	108 11.5953
	109 11.6005
	110 11.6159
	111 11.6417
	112 11.6776
	113 11.7236
	4 11.7796
LINE 4 12 277.035 23
	114 12.4177
	115 12.3176
	116 12.2263
	117 12.144
	118 12.071
	119 12.0073
	120 11.9532
	121 11.9087
	122 11.874
	123 11.8491
	124 11.8342
	125 11.8292
	126 11.8342
	127 11.8491
	128 11.874
	129 11.9087
	130 11.9532
	131 12.0073
	132 12.071
	133 12.144
	134 12.2263
	135 12.3176
	12 12.4177
LINE 5 14 183.885 15
	136 12.867
	137 12.612
	138 12.392
	139 12.2091
	140 12.065
	141 11.9609
	142 11.8981
	143 11.877
	144 11.8981
	145 11.9609
	146 12.065
	147 12.2091
	148 12.392
	149 12.612
	14 12.867
LINE 6 7 152.293 13
	150 11.9558
	151 11.8363
	152 11.7377
	153 11.6604
	154 11.6049
	155 11.5714
	156 11.5603
	157 11.5714
	158 11.6049
	159 11.6604
	160 11.7377
	161 11.8363
	7 11.9558
LINE 6 14 164.889 14
	162 12.4237
	163 12.1323
	164 11.8841
	165 11.6817
	166 11.5276
	167 11.4237
	168 11.3714
	169 11.3714
	170 11.4237
	171 11.5276
	172 11.6817
	173 11.8841
	174 12.1323
	14 12.4237
LINE 6 15 234.935 20
	175 11.7533
	176 11.7513
	177 11.7494
	178 11.7478
	179 11.7464
	180 11.7453
	181 11.7444
	182 11.7437
	183 11.7432
	184 11.743
	185 11.743
	186 11.7432
	187 11.7437
	188 11.7444
	189 11.7453
	190 11.7464
	191 11.7478
	192 11.7494
	193 11.7513
	15 11.7533
LINE 7 15 234.307 20
	194 12.1184
	195 11.9932
	196 11.8808
	197 11.7815
	198 11.6958
	199 11.6238
	200 11.566
	201 11.5224
	202 11.4932
	203 11.4786
	204 11.4786
	205 11.4932
	206 11.5224
	207 11.566
	208 11.6238
	209 11.6958
	210 11.7815
	211 11.8808
	212 11.9932
	15 12.1184
LINE 8 17 144.127 12
	213 12.4565
	214 12.2168
	215 12.0216
	216 11.8731
	217 11.773
	218 11.7227
	219 11.7227
	220 11.773
	221 11.8731
	222 12.0216
	223 12.2168
	17 12.4565
LINE 11 12 195.646 17
	224 11.9396
	225 11.7807
	226 11.6412
	227 11.5218
	228 11.4233
	229 11.346
	230 11.2905
	231 11.2571
	232 11.2459
	233 11.2571
	234 11.2905
	235 11.346
	236 11.4233
	237 11.5218
	238 11.6412
	239 11.7807
	12 11.9396
LINE 12 21 253.151 21
	240 12.705
	241 12.5149
	242 12.3423
	243 12.188
	244 12.0526
	245 11.9369
	246 11.8414
	247 11.7665
	248 11.7128
	249 11.6804
	250 11.6696
	251 11.6804
	252 11.7128
	253 11.7665
	254 11.8414
	255 11.9369
	256 12.0526
	257 12.188
	258 12.3423
	259 12.5149
	21 12.705
LINE 13 23 259.548 22
	260 11.8877
	261 11.8621
	262 11.839
	263 11.8184
	264 11.8003
	265 11.7848
	266 11.7719
	267 11.7615
	268 11.7538
	269 11.7486
	270 11.746
	271 11.746
	272 11.7486
	273 11.7538
	274 11.7615
	275 11.7719
	276 11.7848
	277 11.8003
	278 11.8184
	279 11.839
	280 11.8621
	23 11.8877
LINE 15 16 149.081 13
	281 11.5304
	282 11.4991
	283 11.4735
	284 11.4535
	285 11.4392
	286 11.4307
	287 11.4278
	288 11.4307
	289 11.4392
	290 11.4535
	291 11.4735
	292 11.4991
	16 11.5304
LINE 15 24 162.867 14
	293 11.9102
	294 11.7837
	295 11.6772
	296 11.5913
	297 11.5265
	298 11.4831
	299 11.4613
	300 11.4613
	301 11.4831
	302 11.5265
	303 11.5913
	304 11.6772
	305 11.7837
	24 11.9102
LINE 15 25 271.848 23
	306 12.2252
	307 12.1164
	308 12.0171
	309 11.9275
	310 11.8479
	311 11.7785
	312 11.7195
	313 11.671
	314 11.6331
	315 11.6059
	316 11.5896
	317 11.5842
	318 11.5896
	319 11.6059
	320 11.6331
	321 11.671
	322 11.7195
	323 11.7785
	324 11.8479
	325 11.9275
	326 12.0171
	327 12.1164
	25 12.2252
LINE 16 26 258.605 22
	328 11.99
	329 11.9234
	330 11.8632
	331 11.8094
	332 11.7622
	333 11.7215
	334 11.6875
	335 11.6603
	336 11.6398
	337 11.6261
	338 11.6192
	339 11.6192
	340 11.6261
	341 11.6398
	342 11.6603
	343 11.6875
	344 11.7215
	345 11.7622
	346 11.8094
	347 11.8632
	348 11.9234
	26 11.99
LINE 18 19 123.27 10
	349 13.0051
	350 12.5616
	351 12.2185
	352 11.9843
	353 11.8654
	354 11.8654
	355 11.9843
	356 12.2185
	357 12.5616
	19 13.0051
LINE 19 20 198.349 17
	358 12.2487
	359 12.0356
	360 11.8478
	361 11.6866
	362 11.553
	363 11.448
	364 11.3724
	365 11.3268
	366 11.3116
	367 11.3268
	368 11.3724
	369 11.448
	370 11.553
	371 11.6866
	372 11.8478
	373 12.0356
	20 12.2487
LINE 19 27 162.083 14
	374 11.7549
	375 11.6735
	376 11.6052
	377 11.5503
	378 11.5089
	379 11.4813
	380 11.4674
	381 11.4674
	382 11.4813
	383 11.5089
	384 11.5503
	385 11.6052
	386 11.6735
	27 11.7549
LINE 19 28 122.148 11
	387 11.1073
	388 11.1055
	389 11.1042
	390 11.1032
	391 11.1026
	392 11.1024
	393 11.1026
	394 11.1032
	395 11.1042
	396 11.1055
	28 11.1073
LINE 20 30 271.381 23
	397 12.2638
	398 12.1395
	399 12.0259
	400 11.9234
	401 11.8322
	402 11.7525
	403 11.6847
	404 11.6289
	405 11.5854
	406 11.5542
	407 11.5354
	408 11.5291
	409 11.5354
	410 11.5542
	411 11.5854
	412 11.6289
	413 11.6847
	414 11.7525
	415 11.8322
	416 11.9234
	417 12.0259
	418 12.1395
	30 12.2638
LINE 21 31 247.134 20
	419 13.4733
	420 13.1352
	421 12.8271
	422 12.5513
	423 12.3101
	424 12.1053
	425 11.939
	426 11.8127
	427 11.7278
	428 11.6851
	429 11.6851
	430 11.7278
	431 11.8127
	432 11.939
	433 12.1053
	434 12.3101
	435 12.5513
	436 12.8271
	437 13.1352
	31 13.4733
LINE 22 31 196.267 17
	438 11.6629
	439 11.6189
	440 11.5807
	441 11.5482
	442 11.5216
	443 11.5009
	444 11.486
	445 11.4771
	446 11.4741
	447 11.4771
	448 11.486
	449 11.5009
	450 11.5216
	451 11.5482
	452 11.5807
	453 11.6189
	31 11.6629
LINE 23 24 154.054 13
	454 12.3051
	455 12.0812
	456 11.8949
	457 11.7479
	458 11.6418
	459 11.5777
	460 11.5562
	461 11.5777
	462 11.6418
	463 11.7479
	464 11.8949
	465 12.0812
	24 12.3051
LINE 23 33 113.413 10
	466 11.5614
	467 11.4157
	468 11.3051
	469 11.2309
	470 11.1935
	471 11.1935
	472 11.2309
	473 11.3051
	474 11.4157
	33 11.5614
LINE 24 25 205.344 17
	475 12.6068
	476 12.4128
	477 12.2421
	478 12.0958
	479 11.9748
	480 11.8798
	481 11.8115
	482 11.7703
	483 11.7566
	484 11.7703
	485 11.8115
	486 11.8798
	487 11.9748
	488 12.0958
	489 12.2421
	490 12.4128
	25 12.6068
LINE 24 34 144.323 12
	491 12.0995
	492 12.06
	493 12.0283
	494 12.0045
	495 11.9886
	496 11.9806
	497 11.9806
	498 11.9886
	499 12.0045
	500 12.0283
	501 12.06
	34 12.0995
LINE 25 34 186.414 16
	502 11.9829
	503 11.8518
	504 11.7382
	505 11.6427
	506 11.5657
	507 11.5076
	508 11.4687
	509 11.4493
	510 11.4493
	511 11.4687
	512 11.5076
	513 11.5657
	514 11.6427
	515 11.7382
	516 11.8518
	34 11.9829
LINE 26 35 172.797 15
	517 11.8324
	518 11.7
	519 11.5868
	520 11.4933
	521 11.4201
	522 11.3675
	523 11.3358
	524 11.3252
	525 11.3358
	526 11.3675
	527 11.4201
	528 11.4933
	529 11.5868
	530 11.7
	35 11.8324
LINE 27 28 179.268 15
	531 12.9124
	532 12.5144
	533 12.1674
	534 11.876
	535 11.6443
	536 11.476
	537 11.3737
	538 11.3395
	539 11.3737
	540 11.476
	541 11.6443
	542 11.876
	543 12.1674
	544 12.5144
	28 12.9124
LINE 27 36 190.593 16
	545 12.8799
	546 12.5062
	547 12.1768
	548 11.8954
	549 11.6654
	550 11.4898
	551 11.3713
	552 11.3115
	553 11.3115
	554 11.3713
	555 11.4898
	556 11.6654
	557 11.8954
	558 12.1768
	559 12.5062
	36 12.8799
LINE 27 37 192.16 16
	560 12.5707
	561 12.351
	562 12.1595
	563 11.9976
	564 11.8665
	565 11.7672
	566 11.7005
	567 11.667
	568 11.667
	569 11.7005
	570 11.7672
	571 11.8665
	572 11.9976
	573 12.1595
	574 12.351
	37 12.5707
LINE 29 30 207.006 17
	575 13.3424
	576 12.9234
	577 12.5491
	578 12.2233
	579 11.9502
	580 11.7334
	581 11.5761
	582 11.4806
	583 11.4486
	584 11.4806
	585 11.5761
	586 11.7334
	587 11.9502
	588 12.2233
	589 12.5491
	590 12.9234
	30 13.3424
LINE 32 33 105.903 9
	591 11.8483
	592 11.7875
	593 11.7439
	594 11.7176
	595 11.7089
	596 11.7176
	597 11.7439
	598 11.7875
	33 11.8483
LINE 34 35 203.474 18
	599 11.3378
	600 11.3259
	601 11.3155
	602 11.3066
	603 11.2992
	604 11.2932
	605 11.2888
	606 11.2858
	607 11.2843
	608 11.2843
	609 11.2858
	610 11.2888
	611 11.2932
	612 11.2992
	613 11.3066
	614 11.3155
	615 11.3259
	35 11.3378
LINE 34 41 205.377 17
	616 12.8165
	617 12.5481
	618 12.3107
	619 12.1063
	620 11.9364
	621 11.8026
	622 11.7061
	623 11.6478
	624 11.6283
	625 11.6478
	626 11.7061
	627 11.8026
	628 11.9364
	629 12.1063
	630 12.3107
	631 12.5481
	41 12.8165
LINE 34 42 197.371 17
	632 11.7897
	633 11.7228
	634 11.6645
	635 11.615
	636 11.5743
	637 11.5425
	638 11.5198
	639 11.5061
	640 11.5016
	641 11.5061
	642 11.5198
	643 11.5425
	644 11.5743
	645 11.615
	646 11.6645
	647 11.7228
	42 11.7897
LINE 35 43 173.939 15
	648 11.708
	649 11.6602
	650 11.6195
	651 11.5862
	652 11.5602
	653 11.5416
	654 11.5304
	655 11.5266
	656 11.5304
	657 11.5416
	658 11.5602
	659 11.5862
	660 11.6195
	661 11.6602
	43 11.708
LINE 36 44 204.278 18
	662 11.3552
	663 11.3529
	664 11.351
	665 11.3493
	666 11.3479
	667 11.3467
	668 11.3459
	669 11.3453
	670 11.345
	671 11.345
	672 11.3453
	673 11.3459
	674 11.3467
	675 11.3479
	676 11.3493
	677 11.351
	678 11.3529
	44 11.3552
LINE 37 38 223.259 18
	679 13.2926
	680 12.9888
	681 12.717
	682 12.4793
	683 12.2776
	684 12.1139
	685 11.9897
	686 11.9062
	687 11.8642
	688 11.8642
	689 11.9062
	690 11.9897
	691 12.1139
	692 12.2776
	693 12.4793
	694 12.717
	695 12.9888
	38 13.2926
LINE 37 44 303.198 26
	696 11.9378
	697 11.8722
	698 11.8119
	699 11.7567
	700 11.7068
	701 11.6623
	702 11.6232
	703 11.5896
	704 11.5615
	705 11.539
	706 11.5221
	707 11.5108
	708 11.5051
	709 11.5051
	710 11.5108
	711 11.5221
	712 11.539
	713 11.5615
	714 11.5896
	715 11.6232
	716 11.6623
	717 11.7068
	718 11.7567
	719 11.8119
	720 11.8722
	44 11.9378
LINE 38 39 172.007 14
	721 12.8624
	722 12.6017
	723 12.3802
	724 12.2001
	725 12.0633
	726 11.9712
	727 11.9249
	728 11.9249
	729 11.9712
	730 12.0633
	731 12.2001
	732 12.3802
	733 12.6017
	39 12.8624
LINE 38 45 246.303 20
	734 13.0938
	735 12.8551
	736 12.6391
	737 12.447
	738 12.28
	739 12.1391
	740 12.0251
	741 11.939
	742 11.8812
	743 11.8522
	744 11.8522
	745 11.8812
	746 11.939
	747 12.0251
	748 12.1391
	749 12.28
	750 12.447
	751 12.6391
	752 12.8551
	45 13.0938
LINE 38 46 175.053 15
	753 11.8643
	754 11.7817
	755 11.7114
	756 11.6535
	757 11.6083
	758 11.5759
	759 11.5564
	760 11.5499
	761 11.5564
	762 11.5759
	763 11.6083
	764 11.6535
	765 11.7114
	766 11.7817
	46 11.8643
LINE 40 48 155.886 13
	767 12.5736
	768 12.2881
	769 12.0495
	770 11.8606
	771 11.7237
	772 11.6409
	773 11.6131
	774 11.6409
	775 11.7237
	776 11.8606
	777 12.0495
	778 12.2881
	48 12.5736
LINE 41 42 143.872 12
	779 12.1899
	780 12.0812
	781 11.9936
	782 11.9274
	783 11.8831
	784 11.8608
	785 11.8608
	786 11.8831
	787 11.9274
	788 11.9936
	789 12.0812
	42 12.1899
LINE 42 50 186.118 16
	790 11.737
	791 11.6953
	792 11.6595
	793 11.6295
	794 11.6055
	795 11.5875
	796 11.5754
	797 11.5694
	798 11.5694
	799 11.5754
	800 11.5875
	801 11.6055
	802 11.6295
	803 11.6595
	804 11.6953
	50 11.737
LINE 42 51 196.622 17
	805 12.0528
	806 11.8737
	807 11.7162
	808 11.5813
	809 11.4698
	810 11.3822
	811 11.3193
	812 11.2814
	813 11.2687
	814 11.2814
	815 11.3193
	816 11.3822
	817 11.4698
	818 11.5813
	819 11.7162
	820 11.8737
	51 12.0528
LINE 47 48 166.35 14
	821 12.49
	822 12.2154
	823 11.9817
	824 11.7915
	825 11.6468
	826 11.5493
	827 11.5002
	828 11.5002
	829 11.5493
	830 11.6468
	831 11.7915
	832 11.9817
	833 12.2154
	48 12.49
LINE 48 49 135.403 11
	834 13.0706
	835 12.6243
	836 12.2659
	837 12.0033
	838 11.843
	839 11.7891
	840 11.843
	841 12.0033
	842 12.2659
	843 12.6243
	49 13.0706
LINE 49 50 99.4114 9
	844 11.0588
	845 11.049
	846 11.042
	847 11.0378
	848 11.0363
	849 11.0378
	850 11.042
	851 11.049
	50 11.0588
COORDENADAS :
1	61.0622	548.819
2	174.072	525.377
3	239.167	561.098
4	332.951	524.995
5	551.289	522.576
6	662.707	550.002
7	762.895	549.588
8	921.101	511.839
9	30.4299	445.458
10	175.128	423.576
11	347.584	405.484
12	474.869	412.042
13	547.606	443.666
14	642.045	445.962
15	717.678	403.397
16	816.653	399.774
17	936.204	419.333
18	60.1585	307.815
19	138.988	302.576
20	258.65	348.573
21	325.258	346.409
22	454.448	343.67
23	649.428	304.708
24	749.524	301.301
25	879.569	330.31
26	979.246	348.778
27	48.5157	245.422
28	159.845	223.875
29	238.552	201.325
30	368.033	209.697
31	415.606	219.566
32	566.262	212.7
33	633.882	231.754
34	811.989	228.618
35	946.899	240.244
36	64.4461	125.903
37	135.835	156.813
38	277.311	141.459
39	381.158	101.57
40	550.748	158.276
41	738.422	119.276
42	831.244	99.6966
43	954.228	125.21
44	12.6516	0
45	143.248	57.8829
46	276.922	25.9603
47	462.259	40.6388
48	567.935	59.107
49	652.13	39.4787
50	716.879	53.3497
51	943.703	39.1711
52	116.184	33.3401
53	10.0711	86.717
54	332.011	443.161
55	0	581.318
56	68.7177	547.841
57	76.3558	546.781
58	83.9766	545.636
59	91.58	544.408
60	99.166	543.096
61	106.735	541.701
62	114.286	540.222
63	121.82	538.659
64	129.337	537.012
65	136.836	535.282
66	144.318	533.469
67	151.783	531.571
68	159.23	529.59
69	166.66	527.525
70	166.453	522.972
71	158.911	520.427
72	151.448	517.742
73	144.062	514.917
74	136.754	511.952
75	129.524	508.847
76	122.373	505.601
77	115.299	502.216
78	108.303	498.691
79	101.385	495.025
80	94.5444	491.219
81	87.7823	487.274
82	81.098	483.188
83	74.4917	478.962
84	67.9633	474.596
85	61.5129	470.09
86	55.1404	465.444
87	48.8459	460.657
88	42.6293	455.731
89	36.4906	450.665
90	169.867	517.502
91	166.377	509.634
92	163.6	501.773
93	161.538	493.92
94	160.191	486.075
95	159.558	478.237
96	159.639	470.406
97	160.434	462.582
98	161.944	454.766
99	164.169	446.958
100	167.107	439.156
101	170.76	431.363
102	245.884	557.03
103	252.684	553.176
104	259.567	549.538
105	266.532	546.116
106	273.581	542.908
107	280.712	539.916
108	287.926	537.138
109	295.223	534.576
110	302.603	532.23
111	310.066	530.098
112	317.611	528.182
113	325.239	526.481
114	340.689	522.054
115	348.285	518.934
116	355.739	515.636
117	363.05	512.158
118	370.218	508.501
119	377.244	504.664
120	384.127	500.649
121	390.868	496.455
122	397.466	492.081
123	403.921	487.528
124	410.234	482.796
125	416.405	477.885
126	422.432	472.795
127	428.318	467.526
128	434.06	462.078
129	439.66	456.45
130	445.118	450.644
131	450.433	444.658
132	455.605	438.493
133	460.635	432.149
134	465.522	425.626
135	470.267	418.924
136	559.468	519.99
137	567.342	517.044
138	574.913	513.737
139	582.18	510.07
140	589.142	506.043
141	595.801	501.656
142	602.155	496.909
143	608.206	491.801
144	613.952	486.333
145	619.394	480.505
146	624.533	474.317
147	629.367	467.769
148	633.897	460.86
149	638.123	453.591
150	670.422	552.003
151	678.136	553.666
152	685.848	554.989
153	693.559	555.974
154	701.269	556.62
155	708.977	556.927
156	716.684	556.895
157	724.389	556.524
158	732.093	555.815
159	739.796	554.766
160	747.497	553.379
161	755.197	551.653
162	657.949	543.222
163	653.697	536.343
164	649.949	529.362
165	646.706	522.282
166	643.968	515.101
167	641.734	507.82
168	640.006	500.439
169	638.783	492.957
170	638.064	485.376
171	637.851	477.693
172	638.142	469.911
173	638.938	462.028
174	640.239	454.046
175	665.764	542.787
176	668.789	535.561
177	671.781	528.322
178	674.74	521.071
179	677.667	513.807
180	680.562	506.532
181	683.424	499.244
182	686.254	491.944
183	689.051	484.632
184	691.816	477.308
185	694.548	469.972
186	697.248	462.623
187	699.915	455.262
188	702.55	447.89
189	705.153	440.505
190	707.723	433.107
191	710.26	425.698
192	712.766	418.276
193	715.238	410.843
194	758.156	543.045
195	753.678	536.421
196	749.461	529.716
197	745.505	522.931
198	741.809	516.065
199	738.374	509.119
200	735.201	502.092
201	732.288	494.984
202	729.635	487.795
203	727.244	480.526
204	725.114	473.176
205	723.244	465.746
206	721.636	458.235
207	720.288	450.643
208	719.201	442.97
209	718.374	435.217
210	717.809	427.383
211	717.505	419.468
212	717.461	411.473
213	919.576	503.676
214	918.558	495.596
215	918.045	487.598
216	918.039	479.682
217	918.538	471.849
218	919.544	464.099
219	921.056	456.432
220	923.073	448.847
221	925.597	441.345
222	928.627	433.925
223	932.163	426.588
224	354.934	408.54
225	362.301	411.262
226	369.685	413.65
227	377.087	415.705
228	384.505	417.425
229	391.941	418.813
230	399.394	419.866
231	406.864	420.585
232	414.351	420.971
233	421.856	421.023
234	429.378	420.741
235	436.916	420.126
236	444.473	419.177
237	452.046	417.894
238	459.636	416.277
239	467.244	414.327
240	466.399	411.984
241	458.064	411.619
242	449.863	410.947
243	441.797	409.969
244	433.865	408.683
245	426.068	407.092
246	418.406	405.193
247	410.878	402.988
248	403.484	400.476
249	396.225	397.657
250	389.101	394.532
251	382.111	391.099
252	375.256	387.361
253	368.535	383.315
254	361.949	378.963
255	355.498	374.304
256	349.181	369.338
257	342.998	364.066
258	336.95	358.487
259	331.037	352.601
260	553.219	438.072
261	558.739	432.409
262	564.165	426.677
263	569.497	420.876
264	574.735	415.007
265	579.879	409.069
266	584.93	403.062
267	589.887	396.986
268	594.75	390.842
269	599.519	384.629
270	604.194	378.347
271	608.775	371.996
272	613.263	365.577
273	617.656	359.089
274	621.956	352.532
275	626.162	345.906
276	630.275	339.212
277	634.293	332.449
278	638.217	325.617
279	642.048	318.716
280	645.785	311.747
281	725.329	404.141
282	732.974	404.714
283	740.612	405.117
284	748.244	405.35
285	755.87	405.412
286	763.49	405.303
287	771.103	405.025
288	778.711	404.576
289	786.311	403.956
290	793.906	403.166
291	801.495	402.206
292	809.077	401.075
293	717.886	395.459
294	718.411	387.621
295	719.255	379.882
296	720.416	372.242
297	721.896	364.702
298	723.693	357.26
299	725.809	349.918
300	728.243	342.675
301	730.994	335.532
302	734.064	328.487
303	737.452	321.542
304	741.158	314.696
305	745.182	307.949
306	725.789	402.593
307	733.802	401.573
308	741.717	400.338
309	749.535	398.886
310	757.256	397.219
311	764.879	395.336
312	772.405	393.238
313	779.834	390.923
314	787.165	388.393
315	794.398	385.647
316	801.534	382.685
317	808.573	379.507
318	815.514	376.114
319	822.358	372.504
320	829.105	368.679
321	835.754	364.638
322	842.305	360.382
323	848.759	355.909
324	855.116	351.221
325	861.375	346.317
326	867.537	341.197
327	873.602	335.861
328	824.634	399.34
329	832.56	398.726
330	840.429	397.934
331	848.241	396.962
332	855.998	395.81
333	863.698	394.479
334	871.342	392.968
335	878.929	391.279
336	886.461	389.409
337	893.936	387.36
338	901.355	385.132
339	908.717	382.724
340	916.023	380.137
341	923.273	377.371
342	930.467	374.425
343	937.604	371.299
344	944.685	367.994
345	951.71	364.51
346	958.678	360.846
347	965.591	357.003
348	972.447	352.98
349	67.8047	303.727
350	75.5034	300.432
351	83.2548	297.928
352	91.0588	296.217
353	98.9154	295.297
354	106.825	295.169
355	114.787	295.833
356	122.801	297.289
357	130.868	299.537
358	144.903	308.206
359	150.959	313.47
360	157.155	318.369
361	163.491	322.902
362	169.968	327.069
363	176.586	330.871
364	183.344	334.308
365	190.242	337.379
366	197.281	340.085
367	204.461	342.425
368	211.78	344.4
369	219.241	346.009
370	226.842	347.253
371	234.583	348.131
372	242.465	348.644
373	250.487	348.791
374	133.448	297.033
375	127.767	291.715
376	121.943	286.622
377	115.977	281.753
378	109.87	277.109
379	103.621	272.689
380	97.2293	268.494
381	90.696	264.524
382	84.0208	260.779
383	77.2037	257.258
384	70.2446	253.962
385	63.1436	250.891
386	55.9006	248.044
387	140.673	295.366
388	142.4	288.166
389	144.169	280.978
390	145.98	273.801
391	147.834	266.635
392	149.73	259.48
393	151.669	252.337
394	153.649	245.205
395	155.672	238.084
396	157.737	230.974
397	261.216	340.81
398	263.982	333.204
399	266.946	325.755
400	270.109	318.463
401	273.471	311.327
402	277.033	304.348
403	280.793	297.526
404	284.753	290.861
405	288.911	284.352
406	293.269	278.001
407	297.826	271.806
408	302.581	265.768
409	307.536	259.887
410	312.69	254.162
411	318.043	248.594
412	323.595	243.183
413	329.346	237.929
414	335.296	232.832
415	341.446	227.891
416	347.794	223.107
417	354.341	218.48
418	361.087	214.01
419	333.422	342.665
420	341.203	338.647
421	348.6	334.356
422	355.613	329.791
423	362.242	324.953
424	368.487	319.841
425	374.348	314.456
426	379.825	308.798
427	384.918	302.866
428	389.628	296.66
429	393.953	290.182
430	397.895	283.429
431	401.452	276.403
432	404.626	269.104
433	407.416	261.532
434	409.822	253.685
435	411.844	245.566
436	413.482	237.173
437	414.736	228.506
438	450.834	336.786
439	447.385	329.85
440	444.103	322.862
441	440.987	315.822
442	438.038	308.73
443	435.254	301.585
444	432.637	294.389
445	430.186	287.141
446	427.901	279.841
447	425.783	272.489
448	423.83	265.084
449	422.044	257.628
450	420.424	250.12
451	418.97	242.559
452	417.683	234.947
453	416.561	227.283
454	657.032	301.63
455	664.652	299.021
456	672.287	296.881
457	679.939	295.211
458	687.607	294.01
459	695.291	293.278
460	702.99	293.016
461	710.706	293.223
462	718.438	293.9
463	726.185	295.046
464	733.949	296.662
465	741.728	298.747
466	649.771	297.008
467	649.693	289.398
468	649.193	281.878
469	648.271	274.448
470	646.928	267.108
471	645.162	259.857
472	642.975	252.696
473	640.366	245.626
474	637.335	238.645
475	756.513	305.969
476	763.585	310.267
477	770.739	314.194
478	777.976	317.751
479	785.295	320.938
480	792.697	323.755
481	800.182	326.202
482	807.749	328.279
483	815.399	329.985
484	823.131	331.321
485	830.946	332.287
486	838.843	332.883
487	846.823	333.109
488	854.886	332.964
489	863.031	332.45
490	871.259	331.565
491	753.871	294.506
492	758.373	287.845
493	763.032	281.318
494	767.847	274.926
495	772.818	268.668
496	777.946	262.543
497	783.229	256.554
498	788.669	250.698
499	794.265	244.977
500	800.017	239.389
501	805.925	233.937
502	877.313	322.646
503	874.795	315.157
504	872.014	307.842
505	868.971	300.702
506	865.666	293.736
507	862.098	286.944
508	858.268	280.327
509	854.175	273.884
510	849.821	267.615
511	845.203	261.521
512	840.324	255.601
513	835.181	249.856
514	829.777	244.285
515	824.11	238.888
516	818.181	233.666
517	979.279	340.89
518	979	333.095
519	978.407	325.393
520	977.502	317.784
521	976.284	310.269
522	974.753	302.847
523	972.909	295.518
524	970.753	288.283
525	968.283	281.14
526	965.501	274.091
527	962.406	267.135
528	958.999	260.272
529	955.278	253.503
530	951.245	246.827
531	56.72	248.028
532	64.8126	250.057
533	72.7934	251.508
534	80.6624	252.381
535	88.4196	252.677
536	96.065	252.396
537	103.599	251.537
538	111.021	250.1
539	118.331	248.086
540	125.529	245.495
541	132.616	242.326
542	139.591	238.58
543	146.454	234.256
544	153.205	229.354
545	45.4319	237.408
546	42.892	229.467
547	40.8961	221.598
548	39.4441	213.802
549	38.536	206.078
550	38.1718	198.427
551	38.3515	190.849
552	39.0752	183.342
553	40.3428	175.909
554	42.1544	168.547
555	44.5098	161.259
556	47.4092	154.042
557	50.8526	146.899
558	54.8398	139.828
559	59.371	132.829
560	51.7458	237.689
561	55.2729	230.249
562	59.097	223.101
563	63.218	216.246
564	67.636	209.684
565	72.351	203.414
566	77.363	197.437
567	82.6719	191.752
568	88.2778	186.361
569	94.1807	181.262
570	100.381	176.455
571	106.877	171.941
572	113.671	167.72
573	120.762	163.792
574	128.15	160.156
575	246.463	197.259
576	254.338	193.763
577	262.175	190.836
578	269.976	188.48
579	277.74	186.693
580	285.467	185.476
581	293.157	184.829
582	300.811	184.752
583	308.427	185.244
584	316.007	186.307
585	323.55	187.939
586	331.056	190.14
587	338.525	192.912
588	345.957	196.254
589	353.353	200.165
590	360.711	204.646
591	573.448	215.98
592	580.715	218.969
593	588.065	221.668
594	595.496	224.075
595	603.01	226.192
596	610.605	228.019
597	618.282	229.554
598	626.041	230.8
599	819.547	228.531
600	827.098	228.531
601	834.641	228.617
602	842.177	228.789
603	849.705	229.048
604	857.226	229.392
605	864.74	229.822
606	872.246	230.339
607	879.745	230.942
608	887.236	231.631
609	894.72	232.406
610	902.196	233.267
611	909.665	234.215
612	917.127	235.248
613	924.581	236.368
614	932.027	237.574
615	939.467	238.865
616	810.643	220.18
617	808.924	211.993
618	806.832	204.057
619	804.367	196.372
620	801.53	188.937
621	798.321	181.753
622	794.738	174.82
623	790.784	168.137
624	786.456	161.705
625	781.756	155.524
626	776.683	149.594
627	771.238	143.914
628	765.42	138.485
629	759.229	133.307
630	752.666	128.379
631	745.73	123.702
632	814.83	221.289
633	817.457	213.929
634	819.871	206.537
635	822.071	199.112
636	824.057	191.656
637	825.831	184.168
638	827.39	176.649
639	828.736	169.097
640	829.869	161.513
641	830.788	153.898
642	831.494	146.25
643	831.986	138.571
644	832.264	130.86
645	832.329	123.117
646	832.181	115.342
647	831.819	107.535
648	948.753	232.662
649	950.412	225.067
650	951.877	217.461
651	953.146	209.842
652	954.22	202.21
653	955.099	194.566
654	955.783	186.91
655	956.271	179.241
656	956.565	171.559
657	956.663	163.866
658	956.566	156.159
659	956.275	148.441
660	955.788	140.71
661	955.105	132.966
662	61.2723	119.03
663	58.1333	112.143
664	55.0292	105.242
665	51.96	98.3258
666	48.9257	91.3958
667	45.9262	84.4514
668	42.9615	77.4927
669	40.0318	70.5196
670	37.1369	63.5322
671	34.2768	56.5304
672	31.4516	49.5143
673	28.6613	42.4839
674	25.9059	35.4391
675	23.1853	28.3799
676	20.4996	21.3065
677	17.8487	14.2187
678	15.2327	7.1165
679	143.263	151.98
680	150.741	147.615
681	158.271	143.718
682	165.851	140.29
683	173.482	137.33
684	181.164	134.838
685	188.897	132.815
686	196.68	131.259
687	204.515	130.172
688	212.4	129.553
689	220.336	129.403
690	228.323	129.72
691	236.36	130.506
692	244.449	131.76
693	252.588	133.483
694	260.778	135.673
695	269.019	138.332
696	132.768	149.469
697	129.567	142.23
698	126.233	135.096
699	122.765	128.067
700	119.164	121.143
701	115.429	114.324
702	111.56	107.611
703	107.557	101.002
704	103.421	94.498
705	99.1509	88.0992
706	94.7473	81.8055
707	90.21	75.6167
708	85.539	69.5329
709	80.7344	63.5542
710	75.796	57.6804
711	70.724	51.9117
712	65.5183	46.248
713	60.179	40.6893
714	54.7059	35.2356
715	49.0992	29.8869
716	43.3588	24.6432
717	37.4847	19.5046
718	31.477	14.4709
719	25.3355	9.54226
720	19.0604	4.71862
721	285.884	141.619
722	294.28	141.316
723	302.498	140.55
724	310.538	139.321
725	318.4	137.629
726	326.084	135.474
727	333.591	132.856
728	340.92	129.775
729	348.071	126.232
730	355.044	122.225
731	361.839	117.756
732	368.457	112.824
733	374.896	107.428
734	272.573	134.127
735	267.629	127.128
736	262.477	120.46
737	257.119	114.124
738	251.554	108.12
739	245.782	102.447
740	239.803	97.1069
741	233.617	92.0984
742	227.224	87.4218
743	220.624	83.077
744	213.817	79.0641
745	206.804	75.3832
746	199.584	72.0341
747	192.156	69.0168
748	184.522	66.3315
749	176.681	63.978
750	168.633	61.9564
751	160.378	60.2667
752	151.916	58.9089
753	275.476	133.765
754	273.9	126.071
755	272.582	118.375
756	271.523	110.679
757	270.722	102.981
758	270.179	95.283
759	269.895	87.584
760	269.869	79.8841
761	270.101	72.1833
762	270.592	64.4816
763	271.341	56.7791
764	272.349	49.0757
765	273.615	41.3714
766	275.139	33.6663
767	555.236	151.196
768	559.197	144.025
769	562.629	136.763
770	565.534	129.409
771	567.912	121.963
772	569.762	114.426
773	571.084	106.798
774	571.878	99.0779
775	572.145	91.2666
776	571.884	83.3639
777	571.095	75.3697
778	569.779	67.2841
779	745.768	115.801
780	753.185	112.662
781	760.673	109.858
782	768.232	107.389
783	775.861	105.255
784	783.561	103.455
785	791.331	101.991
786	799.172	100.862
787	807.084	100.068
788	815.067	99.6094
789	823.12	99.4855
790	823.6	98.0238
791	816.022	96.1877
792	808.511	94.1885
793	801.066	92.0261
794	793.686	89.7005
795	786.373	87.2118
796	779.126	84.5599
797	771.945	81.7448
798	764.831	78.7665
799	757.782	75.6251
800	750.8	72.3204
801	743.883	68.8526
802	737.033	65.2217
803	730.249	61.4275
804	723.531	57.4702
805	839.21	98.6468
806	847.008	97.2831
807	854.636	95.6056
808	862.096	93.6143
809	869.387	91.3091
810	876.509	88.6902
811	883.462	85.7575
812	890.246	82.511
813	896.861	78.9507
814	903.307	75.0765
815	909.585	70.8886
816	915.693	66.3869
817	921.633	61.5713
818	927.404	56.442
819	933.006	50.9988
820	938.439	45.2419
821	469.246	45.1676
822	476.32	49.2026
823	483.48	52.7439
824	490.726	55.7913
825	498.058	58.345
826	505.477	60.4048
827	512.982	61.9709
828	520.574	63.0432
829	528.251	63.6216
830	536.016	63.7063
831	543.866	63.2972
832	551.803	62.3943
833	559.825	60.9975
834	576.443	60.9872
835	584.781	62.1345
836	592.947	62.5489
837	600.943	62.2304
838	608.768	61.1789
839	616.423	59.3945
840	623.906	56.8772
841	631.218	53.627
842	638.36	49.6438
843	645.331	44.9277
844	659.423	40.5607
845	666.691	41.7575
846	673.935	43.0691
847	681.154	44.4956
848	688.348	46.0368
849	695.518	47.6928
850	702.663	49.4636
851	709.783	51.3493
