NOMBRE : MTLARP6_10_5_2.dat
VERTICES ORIGINALES : 56
VERTICES TOTALES : 837
DEPOTS : 5
52
53
54
55
56
LINEAS ORIGINALES : 52
LINE 1 9 212.338 19
	57 11.6049
	58 11.4643
	59 11.3389
	60 11.2291
	61 11.1353
	62 11.0579
	63 10.9974
	64 10.954
	65 10.9278
	66 10.9191
	67 10.9278
	68 10.954
	69 10.9974
	70 11.0579
	71 11.1353
	72 11.2291
	73 11.3389
	74 11.4643
	9 11.6049
LINE 2 3 205.008 19
	75 10.898
	76 10.8621
	77 10.8304
	78 10.8028
	79 10.7794
	80 10.7602
	81 10.7453
	82 10.7346
	83 10.7282
	84 10.726
	85 10.7282
	86 10.7346
	87 10.7453
	88 10.7602
	89 10.7794
	90 10.8028
	91 10.8304
	92 10.8621
	3 10.898
LINE 2 10 204.5 18
	93 11.6466
	94 11.547
	95 11.4591
	96 11.3833
	97 11.3197
	98 11.2686
	99 11.2301
	100 11.2043
	101 11.1914
	102 11.1914
	103 11.2043
	104 11.2301
	105 11.2686
	106 11.3197
	107 11.3833
	108 11.4591
	109 11.547
	10 11.6466
LINE 4 11 120.334 11
	110 11.2131
	111 11.0504
	112 10.9222
	113 10.8297
	114 10.7738
	115 10.7551
	116 10.7738
	117 10.8297
	118 10.9222
	119 11.0504
	11 11.2131
LINE 5 13 184.497 17
	120 10.927
	121 10.8993
	122 10.8751
	123 10.8547
	124 10.8379
	125 10.8249
	126 10.8155
	127 10.8099
	128 10.8081
	129 10.8099
	130 10.8155
	131 10.8249
	132 10.8379
	133 10.8547
	134 10.8751
	135 10.8993
	13 10.927
LINE 5 14 296.377 26
	136 12.115
	137 11.9484
	138 11.7937
	139 11.6512
	140 11.5215
	141 11.405
	142 11.302
	143 11.213
	144 11.1383
	145 11.0781
	146 11.0328
	147 11.0025
	148 10.9873
	149 10.9873
	150 11.0025
	151 11.0328
	152 11.0781
	153 11.1383
	154 11.213
	155 11.302
	156 11.405
	157 11.5215
	158 11.6512
	159 11.7937
	160 11.9484
	14 12.115
LINE 6 7 162.666 15
	161 10.9162
	162 10.8855
	163 10.8595
	164 10.8381
	165 10.8215
	166 10.8096
	167 10.8024
	168 10.8
	169 10.8024
	170 10.8096
	171 10.8215
	172 10.8381
	173 10.8595
	174 10.8855
	7 10.9162
LINE 6 14 223.655 20
	175 11.6663
	176 11.5166
	177 11.382
	178 11.2629
	179 11.1598
	180 11.0731
	181 11.0033
	182 10.9506
	183 10.9154
	184 10.8977
	185 10.8977
	186 10.9154
	187 10.9506
	188 11.0033
	189 11.0731
	190 11.1598
	191 11.2629
	192 11.382
	193 11.5166
	14 11.6663
LINE 7 15 177.721 16
	194 11.7517
	195 11.5005
	196 11.2808
	197 11.0943
	198 10.9429
	199 10.8279
	200 10.7505
	201 10.7117
	202 10.7117
	203 10.7505
	204 10.8279
	205 10.9429
	206 11.0943
	207 11.2808
	208 11.5005
	15 11.7517
LINE 8 17 111.525 10
	209 11.9335
	210 11.4255
	211 11.0291
	212 10.7567
	213 10.6179
	214 10.6179
	215 10.7567
	216 11.0291
	217 11.4255
	17 11.9335
LINE 10 20 194.742 17
	218 12.1679
	219 11.908
	220 11.6781
	221 11.48
	222 11.3154
	223 11.1856
	224 11.092
	225 11.0355
	226 11.0166
	227 11.0355
	228 11.092
	229 11.1856
	230 11.3154
	231 11.48
	232 11.6781
	233 11.908
	20 12.1679
LINE 12 13 207.541 18
	234 12.4289
	235 12.1227
	236 11.8482
	237 11.6078
	238 11.4036
	239 11.2375
	240 11.1114
	241 11.0265
	242 10.9838
	243 10.9838
	244 11.0265
	245 11.1114
	246 11.2375
	247 11.4036
	248 11.6078
	249 11.8482
	250 12.1227
	13 12.4289
LINE 13 23 156.377 14
	251 11.8164
	252 11.5251
	253 11.2766
	254 11.0738
	255 10.9193
	256 10.815
	257 10.7625
	258 10.7625
	259 10.815
	260 10.9193
	261 11.0738
	262 11.2766
	263 11.5251
	23 11.8164
LINE 14 25 142.289 13
	264 11.333
	265 11.1419
	266 10.9831
	267 10.858
	268 10.7678
	269 10.7133
	270 10.695
	271 10.7133
	272 10.7678
	273 10.858
	274 10.9831
	275 11.1419
	25 11.333
LINE 15 16 149.45 13
	276 11.7288
	277 11.6134
	278 11.5182
	279 11.4436
	280 11.39
	281 11.3577
	282 11.3469
	283 11.3577
	284 11.39
	285 11.4436
	286 11.5182
	287 11.6134
	16 11.7288
LINE 15 25 70.023 6
	288 11.841
	289 11.6369
	290 11.5335
	291 11.5335
	292 11.6369
	25 11.841
LINE 16 26 154.722 14
	293 11.5059
	294 11.2998
	295 11.1251
	296 10.9834
	297 10.8759
	298 10.8036
	299 10.7673
	300 10.7673
	301 10.8036
	302 10.8759
	303 10.9834
	304 11.1251
	305 11.2998
	26 11.5059
LINE 17 27 155.49 14
	306 11.108
	307 11.1073
	308 11.1067
	309 11.1062
	310 11.1058
	311 11.1056
	312 11.1055
	313 11.1055
	314 11.1056
	315 11.1058
	316 11.1062
	317 11.1067
	318 11.1073
	27 11.108
LINE 18 28 156.383 14
	319 11.5993
	320 11.4044
	321 11.2394
	322 11.1057
	323 11.0043
	324 10.9362
	325 10.902
	326 10.902
	327 10.9362
	328 11.0043
	329 11.1057
	330 11.2394
	331 11.4044
	28 11.5993
LINE 19 20 232.71 20
	332 12.3095
	333 12.1024
	334 11.9152
	335 11.749
	336 11.6046
	337 11.483
	338 11.3847
	339 11.3104
	340 11.2606
	341 11.2356
	342 11.2356
	343 11.2606
	344 11.3104
	345 11.3847
	346 11.483
	347 11.6046
	348 11.749
	349 11.9152
	350 12.1024
	20 12.3095
LINE 19 29 136.118 12
	351 11.366
	352 11.3536
	353 11.3436
	354 11.3361
	355 11.3311
	356 11.3286
	357 11.3286
	358 11.3311
	359 11.3361
	360 11.3436
	361 11.3536
	29 11.366
LINE 20 30 177.335 16
	362 11.3711
	363 11.2574
	364 11.1589
	365 11.0762
	366 11.0096
	367 10.9594
	368 10.9258
	369 10.9089
	370 10.9089
	371 10.9258
	372 10.9594
	373 11.0096
	374 11.0762
	375 11.1589
	376 11.2574
	30 11.3711
LINE 21 31 140.085 13
	377 10.9932
	378 10.8854
	379 10.7964
	380 10.7266
	381 10.6765
	382 10.6464
	383 10.6363
	384 10.6464
	385 10.6765
	386 10.7266
	387 10.7964
	388 10.8854
	31 10.9932
LINE 22 31 238.439 20
	389 13.101
	390 12.7453
	391 12.4206
	392 12.1293
	393 11.874
	394 11.6569
	395 11.4803
	396 11.3461
	397 11.2557
	398 11.2102
	399 11.2102
	400 11.2557
	401 11.3461
	402 11.4803
	403 11.6569
	404 11.874
	405 12.1293
	406 12.4206
	407 12.7453
	31 13.101
LINE 23 33 212.116 19
	408 11.3296
	409 11.2748
	410 11.2262
	411 11.1839
	412 11.148
	413 11.1185
	414 11.0956
	415 11.0791
	416 11.0692
	417 11.0659
	418 11.0692
	419 11.0791
	420 11.0956
	421 11.1185
	422 11.148
	423 11.1839
	424 11.2262
	425 11.2748
	33 11.3296
LINE 24 25 202.323 18
	426 12.04
	427 11.7667
	428 11.5222
	429 11.3085
	430 11.1272
	431 10.98
	432 10.8683
	433 10.7932
	434 10.7555
	435 10.7555
	436 10.7932
	437 10.8683
	438 10.98
	439 11.1272
	440 11.3085
	441 11.5222
	442 11.7667
	25 12.04
LINE 24 34 277.941 25
	443 11.2671
	444 11.23
	445 11.196
	446 11.1651
	447 11.1375
	448 11.113
	449 11.0917
	450 11.0737
	451 11.059
	452 11.0475
	453 11.0392
	454 11.0343
	455 11.0327
	456 11.0343
	457 11.0392
	458 11.0475
	459 11.059
	460 11.0737
	461 11.0917
	462 11.113
	463 11.1375
	464 11.1651
	465 11.196
	466 11.23
	34 11.2671
LINE 25 34 198.704 18
	467 11.0546
	468 11.0491
	469 11.0443
	470 11.0402
	471 11.0368
	472 11.0341
	473 11.032
	474 11.0307
	475 11.03
	476 11.03
	477 11.0307
	478 11.032
	479 11.0341
	480 11.0368
	481 11.0402
	482 11.0443
	483 11.0491
	34 11.0546
LINE 26 35 129.102 12
	484 11.0564
	485 10.8957
	486 10.7654
	487 10.6666
	488 10.6002
	489 10.5669
	490 10.5669
	491 10.6002
	492 10.6666
	493 10.7654
	494 10.8957
	35 11.0564
LINE 26 36 205.804 19
	495 10.9194
	496 10.8903
	497 10.8646
	498 10.8422
	499 10.8233
	500 10.8077
	501 10.7956
	502 10.787
	503 10.7818
	504 10.7801
	505 10.7818
	506 10.787
	507 10.7956
	508 10.8077
	509 10.8233
	510 10.8422
	511 10.8646
	512 10.8903
	36 10.9194
LINE 27 36 192.369 17
	513 11.7085
	514 11.5635
	515 11.4364
	516 11.3277
	517 11.238
	518 11.1678
	519 11.1173
	520 11.0869
	521 11.0768
	522 11.0869
	523 11.1173
	524 11.1678
	525 11.238
	526 11.3277
	527 11.4364
	528 11.5635
	36 11.7085
LINE 28 29 125.951 11
	529 11.6727
	530 11.5401
	531 11.4359
	532 11.3609
	533 11.3156
	534 11.3005
	535 11.3156
	536 11.3609
	537 11.4359
	538 11.5401
	29 11.6727
LINE 28 37 106.399 10
	539 10.9411
	540 10.7423
	541 10.5907
	542 10.4885
	543 10.437
	544 10.437
	545 10.4885
	546 10.5907
	547 10.7423
	37 10.9411
LINE 29 39 243.328 21
	548 12.532
	549 12.2592
	550 12.0098
	551 11.7854
	552 11.5874
	553 11.4172
	554 11.276
	555 11.165
	556 11.085
	557 11.0367
	558 11.0206
	559 11.0367
	560 11.085
	561 11.165
	562 11.276
	563 11.4172
	564 11.5874
	565 11.7854
	566 12.0098
	567 12.2592
	39 12.532
LINE 32 41 223.396 20
	568 11.2937
	569 11.2548
	570 11.2201
	571 11.1896
	572 11.1634
	573 11.1416
	574 11.1241
	575 11.1109
	576 11.1021
	577 11.0978
	578 11.0978
	579 11.1021
	580 11.1109
	581 11.1241
	582 11.1416
	583 11.1634
	584 11.1896
	585 11.2201
	586 11.2548
	41 11.2937
LINE 34 42 146.48 13
	587 11.3715
	588 11.3198
	589 11.2773
	590 11.2441
	591 11.2204
	592 11.2061
	593 11.2014
	594 11.2061
	595 11.2204
	596 11.2441
	597 11.2773
	598 11.3198
	42 11.3715
LINE 35 36 135.692 12
	599 11.3366
	600 11.3209
	601 11.3082
	602 11.2988
	603 11.2924
	604 11.2893
	605 11.2893
	606 11.2924
	607 11.2988
	608 11.3082
	609 11.3209
	36 11.3366
LINE 35 43 228.932 21
	610 10.9119
	611 10.9088
	612 10.906
	613 10.9036
	614 10.9014
	615 10.8996
	616 10.8981
	617 10.897
	618 10.8962
	619 10.8957
	620 10.8955
	621 10.8957
	622 10.8962
	623 10.897
	624 10.8981
	625 10.8996
	626 10.9014
	627 10.9036
	628 10.906
	629 10.9088
	43 10.9119
LINE 36 43 240.186 22
	630 11.0383
	631 11.004
	632 10.973
	633 10.9454
	634 10.9212
	635 10.9004
	636 10.883
	637 10.8691
	638 10.8587
	639 10.8517
	640 10.8482
	641 10.8482
	642 10.8517
	643 10.8587
	644 10.8691
	645 10.883
	646 10.9004
	647 10.9212
	648 10.9454
	649 10.973
	650 11.004
	43 11.0383
LINE 37 38 131.342 12
	651 11.4782
	652 11.1929
	653 10.9594
	654 10.7809
	655 10.6602
	656 10.5994
	657 10.5994
	658 10.6602
	659 10.7809
	660 10.9594
	661 11.1929
	38 11.4782
LINE 37 44 218.663 20
	662 10.9551
	663 10.9482
	664 10.942
	665 10.9366
	666 10.932
	667 10.9281
	668 10.9251
	669 10.9227
	670 10.9212
	671 10.9204
	672 10.9204
	673 10.9212
	674 10.9227
	675 10.9251
	676 10.9281
	677 10.932
	678 10.9366
	679 10.942
	680 10.9482
	44 10.9551
LINE 38 39 101.081 9
	681 11.2363
	682 11.2325
	683 11.2298
	684 11.2281
	685 11.2276
	686 11.2281
	687 11.2298
	688 11.2325
	39 11.2363
LINE 38 45 158.494 14
	689 11.3451
	690 11.334
	691 11.3247
	692 11.3173
	693 11.3118
	694 11.308
	695 11.3062
	696 11.3062
	697 11.308
	698 11.3118
	699 11.3173
	700 11.3247
	701 11.334
	45 11.3451
LINE 39 40 235.796 22
	702 10.7189
	703 10.7186
	704 10.7184
	705 10.7182
	706 10.718
	707 10.7179
	708 10.7177
	709 10.7176
	710 10.7176
	711 10.7175
	712 10.7175
	713 10.7175
	714 10.7175
	715 10.7176
	716 10.7176
	717 10.7177
	718 10.7179
	719 10.718
	720 10.7182
	721 10.7184
	722 10.7186
	40 10.7189
LINE 39 46 137.845 13
	723 10.623
	724 10.6132
	725 10.6053
	726 10.5991
	727 10.5946
	728 10.592
	729 10.5911
	730 10.592
	731 10.5946
	732 10.5991
	733 10.6053
	734 10.6132
	46 10.623
LINE 41 49 177.482 16
	735 11.4259
	736 11.2943
	737 11.1803
	738 11.0845
	739 11.0071
	740 10.9488
	741 10.9097
	742 10.8901
	743 10.8901
	744 10.9097
	745 10.9488
	746 11.0071
	747 11.0845
	748 11.1803
	749 11.2943
	49 11.4259
LINE 42 43 204.587 18
	750 11.9389
	751 11.7413
	752 11.5656
	753 11.4128
	754 11.284
	755 11.1798
	756 11.101
	757 11.0482
	758 11.0217
	759 11.0217
	760 11.0482
	761 11.101
	762 11.1798
	763 11.284
	764 11.4128
	765 11.5656
	766 11.7413
	43 11.9389
LINE 42 51 267.111 24
	767 11.7217
	768 11.5712
	769 11.4327
	770 11.3065
	771 11.1932
	772 11.0932
	773 11.0066
	774 10.934
	775 10.8756
	776 10.8315
	777 10.8021
	778 10.7873
	779 10.7873
	780 10.8021
	781 10.8315
	782 10.8756
	783 10.934
	784 11.0066
	785 11.0932
	786 11.1932
	787 11.3065
	788 11.4327
	789 11.5712
	51 11.7217
LINE 43 51 93.8012 8
	790 11.946
	791 11.7577
	792 11.6305
	793 11.5664
	794 11.5664
	795 11.6305
	796 11.7577
	51 11.946
LINE 47 48 182.499 16
	797 11.7339
	798 11.6044
	799 11.4923
	800 11.3981
	801 11.3221
	802 11.2648
	803 11.2264
	804 11.2072
	805 11.2072
	806 11.2264
	807 11.2648
	808 11.3221
	809 11.3981
	810 11.4923
	811 11.6044
	48 11.7339
LINE 48 49 137.229 12
	812 12.1342
	813 11.7622
	814 11.4559
	815 11.2207
	816 11.0611
	817 10.9804
	818 10.9804
	819 11.0611
	820 11.2207
	821 11.4559
	822 11.7622
	49 12.1342
LINE 49 50 175.504 16
	823 10.9714
	824 10.9704
	825 10.9696
	826 10.969
	827 10.9684
	828 10.968
	829 10.9677
	830 10.9676
	831 10.9676
	832 10.9677
	833 10.968
	834 10.9684
	835 10.969
	836 10.9696
	837 10.9704
	50 10.9714
COORDENADAS :
1	115.137	557.193
2	191.695	522.288
3	327.416	516.071
4	391.313	534.409
5	588.894	545.828
6	716.32	546.016
7	815.906	504.221
8	978.157	513.551
9	211.776	458.248
10	289.894	430.705
11	371.802	457.99
12	478.36	430.726
13	609.984	425.166
14	712.28	400.799
15	769.715	399.774
16	866.092	419.325
17	985.652	443.279
18	74.1327	322.109
19	168.894	341.771
20	314.891	308.379
21	412.727	337.569
22	509.988	332.549
23	571.026	332.645
24	667.619	362.69
25	796.628	362.367
26	915.096	331.636
27	1011.74	342.965
28	90.1933	221.673
29	167.643	251.154
30	276.015	198.727
31	385.884	249.383
32	479.018	217.003
33	598.072	195.11
34	794.936	230.019
35	906.562	247.567
36	992.221	218.955
37	123.131	160.432
38	207.777	164.279
39	267.888	133.869
40	424.594	121.542
41	585.594	114.364
42	766.015	137.349
43	891.529	95.7723
44	66.3181	26.3683
45	224.201	60.0427
46	292.278	45.3792
47	406.957	51.0553
48	525.425	35.251
49	605.797	0
50	719.668	26.8233
51	905.489	35.7295
52	439.314	94.0524
53	0	423.945
54	772.698	67.7027
55	683.035	514.036
56	153.233	115.183
57	122.097	553.816
58	128.85	550.236
59	135.394	546.452
60	141.73	542.465
61	147.858	538.274
62	153.777	533.88
63	159.488	529.283
64	164.991	524.482
65	170.285	519.478
66	175.372	514.27
67	180.25	508.859
68	184.92	503.245
69	189.381	497.427
70	193.634	491.406
71	197.679	485.181
72	201.516	478.753
73	205.144	472.122
74	208.564	465.287
75	198.78	520.677
76	205.87	519.208
77	212.968	517.882
78	220.072	516.699
79	227.182	515.658
80	234.3	514.761
81	241.423	514.005
82	248.553	513.393
83	255.69	512.923
84	262.833	512.596
85	269.983	512.411
86	277.139	512.369
87	284.302	512.47
88	291.471	512.714
89	298.647	513.1
90	305.83	513.629
91	313.019	514.3
92	320.214	515.114
93	195.682	515.625
94	199.842	509.148
95	204.174	502.856
96	208.679	496.749
97	213.358	490.827
98	218.208	485.091
99	223.232	479.54
100	228.428	474.174
101	233.797	468.994
102	239.339	463.998
103	245.054	459.188
104	250.941	454.563
105	257.002	450.124
106	263.235	445.87
107	269.64	441.801
108	276.219	437.917
109	282.97	434.218
110	391.588	526.939
111	391.453	519.573
112	390.909	512.312
113	389.955	505.156
114	388.591	498.104
115	386.817	491.157
116	384.634	484.314
117	382.041	477.576
118	379.037	470.943
119	375.625	464.414
120	589.079	538.545
121	589.395	531.286
122	589.844	524.05
123	590.425	516.837
124	591.137	509.647
125	591.982	502.48
126	592.958	495.336
127	594.067	488.215
128	595.307	481.117
129	596.68	474.042
130	598.184	466.991
131	599.821	459.962
132	601.59	452.957
133	603.49	445.974
134	605.523	439.015
135	607.687	432.079
136	591.046	538.043
137	593.406	530.435
138	595.973	523.003
139	598.747	515.748
140	601.729	508.67
141	604.918	501.768
142	608.315	495.042
143	611.92	488.493
144	615.731	482.121
145	619.751	475.925
146	623.978	469.905
147	628.412	464.063
148	633.054	458.396
149	637.903	452.907
150	642.96	447.593
151	648.224	442.457
152	653.696	437.496
153	659.376	432.713
154	665.263	428.106
155	671.357	423.675
156	677.659	419.421
157	684.168	415.344
158	690.885	411.443
159	697.809	407.718
160	704.941	404.17
161	723.369	544.206
162	730.359	542.257
163	737.291	540.168
164	744.164	537.94
165	750.979	535.572
166	757.735	533.065
167	764.433	530.418
168	771.072	527.632
169	777.652	524.706
170	784.174	521.64
171	790.638	518.436
172	797.043	515.091
173	803.389	511.607
174	809.677	507.984
175	718.897	538.678
176	721.182	531.348
177	723.174	524.026
178	724.873	516.712
179	726.28	509.406
180	727.395	502.109
181	728.216	494.82
182	728.746	487.538
183	728.983	480.265
184	728.927	473.001
185	728.579	465.744
186	727.938	458.495
187	727.004	451.255
188	725.779	444.022
189	724.26	436.798
190	722.449	429.582
191	720.346	422.374
192	717.95	415.174
193	715.262	407.983
194	810.065	499
195	804.618	493.604
196	799.565	488.034
197	794.906	482.289
198	790.641	476.371
199	786.77	470.278
200	783.292	464.012
201	780.208	457.571
202	777.518	450.956
203	775.222	444.166
204	773.319	437.203
205	771.811	430.065
206	770.696	422.754
207	769.975	415.268
208	769.648	407.608
209	982.54	506.911
210	986.115	500.185
211	988.883	493.373
212	990.844	486.475
213	991.997	479.491
214	992.342	472.421
215	991.881	465.265
216	990.612	458.022
217	988.535	450.694
218	294.739	424.199
219	299.162	417.607
220	303.164	410.928
221	306.743	404.163
222	309.901	397.313
223	312.637	390.375
224	314.951	383.352
225	316.843	376.243
226	318.314	369.047
227	319.362	361.765
228	319.989	354.397
229	320.194	346.943
230	319.977	339.402
231	319.338	331.776
232	318.278	324.063
233	316.795	316.264
234	485.837	434.298
235	493.294	437.414
236	500.732	440.073
237	508.15	442.275
238	515.549	444.021
239	522.929	445.31
240	530.29	446.143
241	537.631	446.519
242	544.953	446.438
243	552.256	445.901
244	559.54	444.907
245	566.804	443.457
246	574.049	441.55
247	581.274	439.186
248	588.481	436.366
249	595.668	433.089
250	602.836	429.356
251	604.195	419.823
252	598.869	414.285
253	594.005	408.553
254	589.604	402.626
255	585.665	396.504
256	582.188	390.187
257	579.174	383.676
258	576.623	376.97
259	574.534	370.069
260	572.908	362.974
261	571.744	355.684
262	571.042	348.199
263	570.803	340.519
264	717.733	395.569
265	723.357	390.717
266	729.155	386.245
267	735.125	382.151
268	741.268	378.437
269	747.583	375.102
270	754.072	372.145
271	760.733	369.568
272	767.566	367.37
273	774.573	365.551
274	781.752	364.11
275	789.103	363.049
276	777.522	399.338
277	785.263	399.226
278	792.939	399.437
279	800.55	399.971
280	808.094	400.829
281	815.573	402.009
282	822.987	403.513
283	830.335	405.34
284	837.618	407.491
285	844.834	409.965
286	851.986	412.761
287	859.071	415.882
288	775.681	394.605
289	781.055	389.009
290	785.837	382.988
291	790.026	376.54
292	793.623	369.667
293	867.225	411.738
294	868.722	404.356
295	870.583	397.176
296	872.809	390.2
297	875.398	383.428
298	878.352	376.859
299	881.671	370.494
300	885.353	364.332
301	889.4	358.374
302	893.811	352.619
303	898.586	347.068
304	903.725	341.721
305	909.228	336.577
306	987.36	436.074
307	989.093	428.874
308	990.849	421.681
309	992.629	414.494
310	994.433	407.313
311	996.261	400.139
312	998.113	392.971
313	999.988	385.808
314	1001.89	378.652
315	1003.81	371.503
316	1005.76	364.359
317	1007.73	357.221
318	1009.72	350.09
319	77.8952	315.353
320	81.2554	308.533
321	84.2133	301.648
322	86.7688	294.699
323	88.9219	287.686
324	90.6726	280.609
325	92.021	273.467
326	92.967	266.261
327	93.5106	258.99
328	93.6519	251.656
329	93.3908	244.256
330	92.7273	236.793
331	91.6615	229.265
332	175.446	336.829
333	182.076	332.231
334	188.785	327.978
335	195.573	324.07
336	202.439	320.505
337	209.384	317.286
338	216.408	314.41
339	223.511	311.88
340	230.693	309.693
341	237.953	307.851
342	245.293	306.354
343	252.711	305.201
344	260.207	304.393
345	267.783	303.929
346	275.437	303.809
347	283.171	304.034
348	290.982	304.603
349	298.873	305.517
350	306.843	306.776
351	168.173	334.228
352	167.563	326.684
353	167.066	319.138
354	166.681	311.59
355	166.409	304.041
356	166.248	296.49
357	166.2	288.938
358	166.264	281.384
359	166.44	273.829
360	166.729	266.272
361	167.13	258.714
362	310.44	302.242
363	306.259	296.01
364	302.347	289.682
365	298.705	283.258
366	295.332	276.74
367	292.229	270.125
368	289.395	263.415
369	286.83	256.61
370	284.535	249.709
371	282.51	242.712
372	280.754	235.62
373	279.267	228.432
374	278.05	221.149
375	277.102	213.771
376	276.424	206.296
377	408.89	331.325
378	405.349	324.991
379	402.102	318.567
380	399.151	312.053
381	396.496	305.449
382	394.136	298.755
383	392.071	291.972
384	390.302	285.098
385	388.827	278.135
386	387.649	271.082
387	386.765	263.939
388	386.177	256.706
389	506.303	324.63
390	502.352	317.108
391	498.136	309.981
392	493.655	303.25
393	488.909	296.915
394	483.897	290.975
395	478.62	285.432
396	473.078	280.284
397	467.271	275.532
398	461.198	271.176
399	454.86	267.215
400	448.257	263.651
401	441.389	260.482
402	434.256	257.709
403	426.857	255.332
404	419.193	253.35
405	411.264	251.765
406	403.069	250.575
407	394.609	249.781
408	574.039	325.719
409	576.876	318.758
410	579.536	311.762
411	582.019	304.732
412	584.325	297.667
413	586.455	290.567
414	588.408	283.433
415	590.185	276.264
416	591.785	269.06
417	593.209	261.821
418	594.455	254.548
419	595.526	247.239
420	596.419	239.897
421	597.136	232.519
422	597.677	225.107
423	598.04	217.66
424	598.228	210.178
425	598.238	202.661
426	674.777	359.058
427	681.936	355.851
428	689.097	353.07
429	696.258	350.714
430	703.42	348.783
431	710.584	347.277
432	717.748	346.196
433	724.914	345.54
434	732.08	345.31
435	739.248	345.504
436	746.417	346.124
437	753.587	347.169
438	760.758	348.639
439	767.929	350.535
440	775.102	352.855
441	782.277	355.6
442	789.452	358.771
443	673.812	358.438
444	679.912	354.099
445	685.922	349.672
446	691.839	345.156
447	697.665	340.553
448	703.399	335.862
449	709.042	331.083
450	714.593	326.216
451	720.052	321.261
452	725.42	316.218
453	730.696	311.087
454	735.88	305.868
455	740.973	300.562
456	745.974	295.167
457	750.883	289.684
458	755.701	284.113
459	760.427	278.455
460	765.061	272.708
461	769.604	266.874
462	774.055	260.951
463	778.415	254.941
464	782.682	248.842
465	786.859	242.656
466	790.943	236.382
467	796.041	355.021
468	795.513	347.674
469	795.042	340.326
470	794.63	332.977
471	794.275	325.628
472	793.978	318.278
473	793.739	310.927
474	793.558	303.575
475	793.435	296.223
476	793.37	288.87
477	793.363	281.516
478	793.414	274.162
479	793.523	266.807
480	793.69	259.451
481	793.914	252.094
482	794.197	244.736
483	794.537	237.378
484	912.218	324.851
485	909.734	318.025
486	907.644	311.159
487	905.948	304.253
488	904.645	297.307
489	903.737	290.322
490	903.223	283.296
491	903.103	276.23
492	903.377	269.124
493	904.044	261.978
494	905.106	254.793
495	920.112	326.361
496	925.021	321.012
497	929.825	315.591
498	934.522	310.097
499	939.112	304.53
500	943.597	298.89
501	947.975	293.178
502	952.246	287.393
503	956.412	281.535
504	960.471	275.604
505	964.424	269.601
506	968.271	263.525
507	972.011	257.376
508	975.645	251.155
509	979.173	244.86
510	982.594	238.493
511	985.909	232.053
512	989.118	225.541
513	1013.09	335.277
514	1014.13	327.638
515	1014.85	320.049
516	1015.27	312.508
517	1015.37	305.017
518	1015.16	297.575
519	1014.63	290.182
520	1013.8	282.838
521	1012.65	275.543
522	1011.19	268.298
523	1009.42	261.101
524	1007.33	253.954
525	1004.93	246.856
526	1002.22	239.807
527	999.202	232.807
528	995.867	225.857
529	97.9277	222.531
530	105.523	223.753
531	112.98	225.34
532	120.299	227.292
533	127.478	229.607
534	134.519	232.287
535	141.421	235.332
536	148.184	238.741
537	154.809	242.514
538	161.295	246.652
539	95.4266	216.592
540	100.229	211.279
541	104.6	205.734
542	108.54	199.958
543	112.05	193.95
544	115.128	187.71
545	117.775	181.238
546	119.991	174.534
547	121.777	167.599
548	169.393	242.984
549	171.445	235.073
550	173.8	227.421
551	176.457	220.027
552	179.416	212.891
553	182.678	206.014
554	186.242	199.396
555	190.109	193.035
556	194.278	186.933
557	198.749	181.09
558	203.523	175.505
559	208.598	170.178
560	213.977	165.11
561	219.657	160.301
562	225.641	155.749
563	231.926	151.457
564	238.514	147.422
565	245.404	143.646
566	252.596	140.129
567	260.091	136.87
568	483.377	210.864
569	487.838	204.831
570	492.401	198.904
571	497.066	193.083
572	501.834	187.368
573	506.703	181.759
574	511.674	176.256
575	516.748	170.859
576	521.923	165.568
577	527.201	160.383
578	532.581	155.304
579	538.063	150.331
580	543.647	145.464
581	549.333	140.703
582	555.121	136.048
583	561.012	131.5
584	567.004	127.057
585	573.099	122.72
586	579.295	118.489
587	793.958	222.502
588	792.773	215.049
589	791.38	207.661
590	789.778	200.338
591	787.969	193.079
592	785.952	185.886
593	783.728	178.758
594	781.295	171.694
595	778.655	164.695
596	775.807	157.761
597	772.75	150.892
598	769.487	144.088
599	913.48	244.525
600	920.439	241.603
601	927.438	238.801
602	934.476	236.118
603	941.554	233.554
604	948.673	231.11
605	955.831	228.786
606	963.029	226.581
607	970.267	224.495
608	977.545	222.529
609	984.863	220.682
610	905.449	240.378
611	904.375	233.185
612	903.342	225.988
613	902.348	218.787
614	901.393	211.583
615	900.479	204.374
616	899.604	197.161
617	898.769	189.945
618	897.974	182.724
619	897.218	175.5
620	896.502	168.272
621	895.826	161.039
622	895.19	153.803
623	894.593	146.563
624	894.036	139.319
625	893.519	132.071
626	893.041	124.819
627	892.604	117.563
628	892.206	110.304
629	891.847	103.04
630	988.698	212.494
631	985.075	206.116
632	981.351	199.819
633	977.527	193.604
634	973.603	187.471
635	969.578	181.421
636	965.453	175.452
637	961.227	169.566
638	956.901	163.762
639	952.475	158.039
640	947.948	152.399
641	943.321	146.841
642	938.594	141.365
643	933.766	135.971
644	928.838	130.659
645	923.809	125.429
646	918.68	120.281
647	913.45	115.215
648	908.12	110.231
649	902.69	105.329
650	897.16	100.51
651	130.051	163.698
652	136.995	166.429
653	143.964	168.624
654	150.957	170.283
655	157.974	171.407
656	165.016	171.996
657	172.082	172.049
658	179.172	171.566
659	186.287	170.548
660	193.426	168.994
661	200.589	166.904
662	119.755	153.955
663	116.435	147.455
664	113.172	140.931
665	109.965	134.383
666	106.814	127.811
667	103.72	121.216
668	100.682	114.596
669	97.7008	107.953
670	94.7756	101.285
671	91.9068	94.5939
672	89.0944	87.8788
673	86.3383	81.1399
674	83.6385	74.377
675	80.9951	67.5903
676	78.4081	60.7796
677	75.8774	53.9451
678	73.403	47.0867
679	70.985	40.2045
680	68.6234	33.2983
681	214.323	160.637
682	220.903	157.062
683	227.515	153.551
684	234.161	150.107
685	240.84	146.728
686	247.552	143.415
687	254.298	140.167
688	261.076	136.985
689	208.33	156.736
690	208.979	149.208
691	209.722	141.695
692	210.562	134.197
693	211.496	126.714
694	212.526	119.246
695	213.652	111.793
696	214.872	104.355
697	216.189	96.9317
698	217.6	89.5239
699	219.107	82.131
700	220.71	74.7532
701	222.408	67.3905
702	275.002	133.194
703	282.117	132.529
704	289.233	131.876
705	296.349	131.234
706	303.467	130.602
707	310.585	129.982
708	317.704	129.372
709	324.824	128.774
710	331.945	128.186
711	339.067	127.609
712	346.189	127.044
713	353.313	126.489
714	360.437	125.945
715	367.562	125.412
716	374.688	124.89
717	381.815	124.379
718	388.943	123.879
719	396.071	123.39
720	403.201	122.911
721	410.331	122.444
722	417.462	121.988
723	270.293	127.208
724	272.61	120.522
725	274.838	113.812
726	276.979	107.078
727	279.031	100.32
728	280.995	93.5374
729	282.872	86.7305
730	284.66	79.8993
731	286.36	73.0439
732	287.971	66.1641
733	289.495	59.2601
734	290.931	52.3318
735	589.132	107.619
736	592.366	100.819
737	595.297	93.9661
738	597.925	87.0595
739	600.249	80.0992
740	602.271	73.0854
741	603.988	66.018
742	605.403	58.897
743	606.514	51.7225
744	607.321	44.4943
745	607.826	37.2126
746	608.027	29.8772
747	607.924	22.4883
748	607.518	15.0458
749	606.809	7.54969
750	773.951	137.948
751	781.775	138.205
752	789.485	138.12
753	797.081	137.693
754	804.564	136.923
755	811.934	135.811
756	819.191	134.357
757	826.334	132.561
758	833.363	130.422
759	840.28	127.941
760	847.083	125.118
761	853.772	121.953
762	860.348	118.445
763	866.811	114.595
764	873.16	110.403
765	879.397	105.868
766	885.519	100.991
767	773.628	135.588
768	781.085	133.612
769	788.385	131.421
770	795.528	129.015
771	802.515	126.394
772	809.345	123.558
773	816.018	120.507
774	822.535	117.24
775	828.895	113.759
776	835.098	110.063
777	841.144	106.151
778	847.034	102.024
779	852.767	97.6827
780	858.344	93.126
781	863.763	88.3541
782	869.026	83.3673
783	874.133	78.1653
784	879.082	72.7483
785	883.875	67.1162
786	888.511	61.269
787	892.991	55.2067
788	897.314	48.9294
789	901.48	42.437
790	895.234	88.7227
791	898.379	81.5429
792	900.964	74.2329
793	902.989	66.7926
794	904.454	59.2222
795	905.359	51.5215
796	905.704	43.6906
797	414.668	52.3696
798	422.339	53.377
799	429.968	54.0774
800	437.557	54.4708
801	445.104	54.5573
802	452.611	54.3369
803	460.077	53.8096
804	467.501	52.9753
805	474.885	51.834
806	482.228	50.3858
807	489.53	48.6307
808	496.791	46.5687
809	504.011	44.1997
810	511.19	41.5237
811	518.328	38.5408
812	533.511	35.4794
813	541.345	35.1321
814	548.926	34.2092
815	556.255	32.7106
816	563.332	30.6365
817	570.155	27.9867
818	576.727	24.7613
819	583.046	20.9603
820	589.112	16.5837
821	594.926	11.6314
822	600.488	6.10351
823	612.87	1.86374
824	619.948	3.70251
825	627.033	5.51631
826	634.123	7.30514
827	641.22	9.06899
828	648.322	10.8079
829	655.43	12.5218
830	662.544	14.2107
831	669.664	15.8747
832	676.79	17.5137
833	683.921	19.1277
834	691.059	20.7168
835	698.202	22.2809
836	705.352	23.82
837	712.507	25.3342
