NOMBRE : MTLARP7_7_6_1.dat
VERTICES ORIGINALES : 44
VERTICES TOTALES : 508
DEPOTS : 6
39
40
41
42
43
44
LINEAS ORIGINALES : 31
LINE 1 6 196.491 19
	45 10.4235
	46 10.3963
	47 10.3722
	48 10.3514
	49 10.3336
	50 10.3191
	51 10.3078
	52 10.2998
	53 10.2949
	54 10.2933
	55 10.2949
	56 10.2998
	57 10.3078
	58 10.3191
	59 10.3336
	60 10.3514
	61 10.3722
	62 10.3963
	6 10.4235
LINE 2 3 100.936 10
	63 10.1006
	64 10.0959
	65 10.0924
	66 10.0901
	67 10.0889
	68 10.0889
	69 10.0901
	70 10.0924
	71 10.0959
	3 10.1006
LINE 3 4 231.513 22
	72 10.6636
	73 10.6238
	74 10.5878
	75 10.5557
	76 10.5276
	77 10.5034
	78 10.4832
	79 10.467
	80 10.4548
	81 10.4467
	82 10.4427
	83 10.4427
	84 10.4467
	85 10.4548
	86 10.467
	87 10.4832
	88 10.5034
	89 10.5276
	90 10.5557
	91 10.5878
	92 10.6238
	4 10.6636
LINE 5 10 78.9575 7
	93 11.9513
	94 11.2894
	95 10.8728
	96 10.7304
	97 10.8728
	98 11.2894
	10 11.9513
LINE 6 7 140.944 13
	99 11.1835
	100 11.0148
	101 10.8749
	102 10.7648
	103 10.6855
	104 10.6376
	105 10.6216
	106 10.6376
	107 10.6855
	108 10.7648
	109 10.8749
	110 11.0148
	7 11.1835
LINE 7 8 170.681 16
	111 10.7827
	112 10.7368
	113 10.6974
	114 10.6644
	115 10.638
	116 10.6181
	117 10.6048
	118 10.5982
	119 10.5982
	120 10.6048
	121 10.6181
	122 10.638
	123 10.6644
	124 10.6974
	125 10.7368
	8 10.7827
LINE 8 9 100.486 9
	126 11.5645
	127 11.2684
	128 11.0521
	129 10.9203
	130 10.876
	131 10.9203
	132 11.0521
	133 11.2684
	9 11.5645
LINE 8 12 120.704 11
	134 11.9547
	135 11.3849
	136 10.9213
	137 10.5777
	138 10.366
	139 10.2945
	140 10.366
	141 10.5777
	142 10.9213
	143 11.3849
	12 11.9547
LINE 8 13 181.034 17
	144 11.3636
	145 11.1036
	146 10.8732
	147 10.6743
	148 10.5088
	149 10.3783
	150 10.284
	151 10.2271
	152 10.208
	153 10.2271
	154 10.284
	155 10.3783
	156 10.5088
	157 10.6743
	158 10.8732
	159 11.1036
	13 11.3636
LINE 9 13 174.365 17
	160 10.5351
	161 10.432
	162 10.3418
	163 10.2649
	164 10.2015
	165 10.152
	166 10.1164
	167 10.095
	168 10.0879
	169 10.095
	170 10.1164
	171 10.152
	172 10.2015
	173 10.2649
	174 10.3418
	175 10.432
	13 10.5351
LINE 9 14 253.297 24
	176 10.7263
	177 10.6817
	178 10.641
	179 10.6043
	180 10.5715
	181 10.5427
	182 10.518
	183 10.4974
	184 10.4809
	185 10.4684
	186 10.4601
	187 10.456
	188 10.456
	189 10.4601
	190 10.4684
	191 10.4809
	192 10.4974
	193 10.518
	194 10.5427
	195 10.5715
	196 10.6043
	197 10.641
	198 10.6817
	14 10.7263
LINE 10 15 301.043 27
	199 12.4011
	200 12.1277
	201 11.8706
	202 11.6309
	203 11.4097
	204 11.2081
	205 11.0271
	206 10.8679
	207 10.7312
	208 10.6182
	209 10.5294
	210 10.4655
	211 10.427
	212 10.4141
	213 10.427
	214 10.4655
	215 10.5294
	216 10.6182
	217 10.7312
	218 10.8679
	219 11.0271
	220 11.2081
	221 11.4097
	222 11.6309
	223 11.8706
	224 12.1277
	15 12.4011
LINE 11 17 110.893 11
	225 10.1666
	226 10.1155
	227 10.0756
	228 10.047
	229 10.0297
	230 10.024
	231 10.0297
	232 10.047
	233 10.0756
	234 10.1155
	17 10.1666
LINE 14 19 279.101 27
	235 10.618
	236 10.554
	237 10.4949
	238 10.4406
	239 10.3912
	240 10.3468
	241 10.3074
	242 10.2732
	243 10.2442
	244 10.2204
	245 10.2018
	246 10.1886
	247 10.1806
	248 10.1779
	249 10.1806
	250 10.1886
	251 10.2018
	252 10.2204
	253 10.2442
	254 10.2732
	255 10.3074
	256 10.3468
	257 10.3912
	258 10.4406
	259 10.4949
	260 10.554
	19 10.618
LINE 14 20 198.403 18
	261 11.9776
	262 11.6534
	263 11.3621
	264 11.1064
	265 10.8888
	266 10.7114
	267 10.5765
	268 10.4856
	269 10.4398
	270 10.4398
	271 10.4856
	272 10.5765
	273 10.7114
	274 10.8888
	275 11.1064
	276 11.3621
	277 11.6534
	20 11.9776
LINE 16 23 150.583 14
	278 11.6258
	279 11.2376
	280 10.9036
	281 10.6288
	282 10.418
	283 10.275
	284 10.2028
	285 10.2028
	286 10.275
	287 10.418
	288 10.6288
	289 10.9036
	290 11.2376
	23 11.6258
LINE 17 24 210.823 20
	291 10.6661
	292 10.6269
	293 10.5919
	294 10.5612
	295 10.5348
	296 10.5127
	297 10.495
	298 10.4817
	299 10.4729
	300 10.4684
	301 10.4684
	302 10.4729
	303 10.4817
	304 10.495
	305 10.5127
	306 10.5348
	307 10.5612
	308 10.5919
	309 10.6269
	24 10.6661
LINE 18 25 152.064 14
	310 12.1972
	311 11.6113
	312 11.0996
	313 10.6725
	314 10.3406
	315 10.1133
	316 9.99773
	317 9.99773
	318 10.1133
	319 10.3406
	320 10.6725
	321 11.0996
	322 11.6113
	25 12.1972
LINE 19 25 225.196 20
	323 12.8043
	324 12.3462
	325 11.9242
	326 11.5423
	327 11.2047
	328 10.9153
	329 10.6781
	330 10.4967
	331 10.3741
	332 10.3122
	333 10.3122
	334 10.3741
	335 10.4967
	336 10.6781
	337 10.9153
	338 11.2047
	339 11.5423
	340 11.9242
	341 12.3462
	25 12.8043
LINE 21 22 143.611 14
	342 10.2926
	343 10.2766
	344 10.2633
	345 10.2526
	346 10.2446
	347 10.2392
	348 10.2366
	349 10.2366
	350 10.2392
	351 10.2446
	352 10.2526
	353 10.2633
	354 10.2766
	22 10.2926
LINE 22 27 208.5 19
	355 11.7638
	356 11.509
	357 11.2794
	358 11.0766
	359 10.902
	360 10.7571
	361 10.643
	362 10.5608
	363 10.5111
	364 10.4945
	365 10.5111
	366 10.5608
	367 10.643
	368 10.7571
	369 10.902
	370 11.0766
	371 11.2794
	372 11.509
	27 11.7638
LINE 23 29 204.987 19
	373 11.8953
	374 11.5433
	375 11.2236
	376 10.9389
	377 10.6921
	378 10.4859
	379 10.3226
	380 10.2044
	381 10.1328
	382 10.1089
	383 10.1328
	384 10.2044
	385 10.3226
	386 10.4859
	387 10.6921
	388 10.9389
	389 11.2236
	390 11.5433
	29 11.8953
LINE 24 25 126.472 12
	391 10.9894
	392 10.748
	393 10.5509
	394 10.4006
	395 10.2992
	396 10.2481
	397 10.2481
	398 10.2992
	399 10.4006
	400 10.5509
	401 10.748
	25 10.9894
LINE 25 29 147.237 14
	402 10.7585
	403 10.6481
	404 10.5552
	405 10.4802
	406 10.4237
	407 10.3858
	408 10.3668
	409 10.3668
	410 10.3858
	411 10.4237
	412 10.4802
	413 10.5552
	414 10.6481
	29 10.7585
LINE 26 31 119.584 11
	415 12.1485
	416 11.4148
	417 10.8098
	418 10.356
	419 10.074
	420 9.97816
	421 10.074
	422 10.356
	423 10.8098
	424 11.4148
	31 12.1485
LINE 27 32 67.2983 6
	425 11.7258
	426 11.1196
	427 10.8038
	428 10.8038
	429 11.1196
	32 11.7258
LINE 28 29 170.362 17
	430 10.0403
	431 10.0332
	432 10.027
	433 10.0218
	434 10.0175
	435 10.0142
	436 10.0118
	437 10.0104
	438 10.0099
	439 10.0104
	440 10.0118
	441 10.0142
	442 10.0175
	443 10.0218
	444 10.027
	445 10.0332
	29 10.0403
LINE 30 31 166.908 16
	446 10.7179
	447 10.6048
	448 10.5069
	449 10.4246
	450 10.3583
	451 10.3083
	452 10.2749
	453 10.2581
	454 10.2581
	455 10.2749
	456 10.3083
	457 10.3583
	458 10.4246
	459 10.5069
	460 10.6048
	31 10.7179
LINE 33 38 197.198 19
	461 10.3788
	462 10.3788
	463 10.3788
	464 10.3788
	465 10.3788
	466 10.3788
	467 10.3788
	468 10.3788
	469 10.3788
	470 10.3788
	471 10.3788
	472 10.3788
	473 10.3788
	474 10.3788
	475 10.3788
	476 10.3788
	477 10.3788
	478 10.3788
	38 10.3788
LINE 34 35 245.113 23
	479 10.9376
	480 10.8621
	481 10.7933
	482 10.7314
	483 10.6764
	484 10.6286
	485 10.5879
	486 10.5546
	487 10.5285
	488 10.5099
	489 10.4987
	490 10.495
	491 10.4987
	492 10.5099
	493 10.5285
	494 10.5546
	495 10.5879
	496 10.6286
	497 10.6764
	498 10.7314
	499 10.7933
	500 10.8621
	35 10.9376
LINE 36 37 95.9056 9
	501 10.8821
	502 10.7138
	503 10.592
	504 10.5182
	505 10.4935
	506 10.5182
	507 10.592
	508 10.7138
	37 10.8821
COORDENADAS :
1	158.648	626.801
2	234.95	661.276
3	301.809	668.589
4	439.968	602.5
5	637.08	612.549
6	58.8998	542.838
7	145.92	512.814
8	258.838	507.598
9	307.582	550.984
10	621.871	564.84
11	119.912	422.507
12	209.705	450.281
13	358.31	448.525
14	441.903	451.27
15	517.577	409.078
16	0	303.235
17	156.323	358.649
18	214.627	307.057
19	338.611	299.962
20	407.851	330.781
21	552.542	346.995
22	637.928	304.137
23	30.4572	213.101
24	148.622	219.29
25	230.455	215.235
26	340.338	236.245
27	543.894	210.178
28	35.1762	166.378
29	148.59	163.701
30	213.183	122.481
31	312.371	168.627
32	531.908	168.826
33	606.712	142.727
34	106.494	29.6057
35	265.093	2.35509
36	462.51	19.266
37	515.798	52.7994
38	628.637	13.1028
39	513.567	705.317
40	546.231	541.485
41	144.927	694.764
42	23.9489	79.9806
43	484.363	401.173
44	361.633	703.245
45	152.693	623.219
46	146.816	619.545
47	141.018	615.777
48	135.298	611.916
49	129.657	607.962
50	124.093	603.916
51	118.608	599.776
52	113.202	595.543
53	107.874	591.217
54	102.624	586.797
55	97.4522	582.285
56	92.359	577.68
57	87.3441	572.982
58	82.4076	568.19
59	77.5494	563.306
60	72.7695	558.329
61	68.0679	553.258
62	63.4447	548.095
63	241.671	661.683
64	248.385	662.162
65	255.09	662.713
66	261.788	663.336
67	268.478	664.031
68	275.16	664.799
69	281.834	665.638
70	288.501	666.55
71	295.159	667.533
72	308.711	666.885
73	315.554	665.057
74	322.337	663.106
75	329.061	661.03
76	335.726	658.831
77	342.332	656.508
78	348.879	654.061
79	355.366	651.491
80	361.794	648.796
81	368.163	645.978
82	374.472	643.036
83	380.722	639.97
84	386.914	636.78
85	393.045	633.467
86	399.118	630.029
87	405.131	626.468
88	411.086	622.783
89	416.981	618.974
90	422.816	615.041
91	428.593	610.985
92	434.31	606.805
93	631.564	606.799
94	627.163	600.694
95	623.877	594.233
96	621.704	587.418
97	620.646	580.247
98	620.701	572.721
99	66.3547	542.734
100	73.6828	542.263
101	80.884	541.424
102	87.9584	540.218
103	94.906	538.644
104	101.727	536.702
105	108.42	534.392
106	114.987	531.715
107	121.428	528.67
108	127.741	525.258
109	133.927	521.478
110	139.987	517.33
111	152.916	511.163
112	159.92	509.688
113	166.933	508.39
114	173.953	507.269
115	180.982	506.324
116	188.019	505.556
117	195.064	504.965
118	202.117	504.55
119	209.179	504.313
120	216.249	504.252
121	223.326	504.368
122	230.412	504.66
123	237.506	505.129
124	244.609	505.775
125	251.719	506.598
126	262.512	514.376
127	266.621	520.664
128	271.166	526.464
129	276.146	531.774
130	281.562	536.594
131	287.414	540.926
132	293.701	544.768
133	300.423	548.12
134	251.295	505.024
135	244.368	501.923
136	238.055	498.294
137	232.358	494.139
138	227.276	489.455
139	222.81	484.245
140	218.958	478.507
141	215.722	472.241
142	213.101	465.448
143	211.096	458.128
144	262.99	501.261
145	267.354	495.282
146	271.93	489.66
147	276.719	484.397
148	281.721	479.491
149	286.935	474.943
150	292.361	470.752
151	298	466.92
152	303.851	463.445
153	309.915	460.328
154	316.191	457.568
155	322.68	455.167
156	329.381	453.123
157	336.295	451.437
158	343.421	450.108
159	350.759	449.138
160	312.38	545.855
161	316.952	540.614
162	321.297	535.261
163	325.415	529.795
164	329.306	524.217
165	332.97	518.527
166	336.408	512.725
167	339.619	506.81
168	342.603	500.783
169	345.36	494.644
170	347.89	488.392
171	350.194	482.028
172	352.271	475.552
173	354.121	468.964
174	355.744	462.263
175	357.141	455.45
176	312.227	545.547
177	316.955	540.222
178	321.765	535.008
179	326.658	529.906
180	331.635	524.915
181	336.693	520.035
182	341.835	515.268
183	347.059	510.611
184	352.366	506.066
185	357.756	501.633
186	363.229	497.311
187	368.784	493.1
188	374.422	489.001
189	380.143	485.014
190	385.947	481.138
191	391.833	477.373
192	397.802	473.72
193	403.854	470.179
194	409.989	466.748
195	416.206	463.43
196	422.506	460.223
197	428.889	457.127
198	435.355	454.143
199	621.738	556.573
200	621.319	548.499
201	620.612	540.617
202	619.618	532.927
203	618.338	525.429
204	616.77	518.123
205	614.916	511.01
206	612.774	504.088
207	610.346	497.359
208	607.631	490.821
209	604.629	484.476
210	601.34	478.323
211	597.764	472.362
212	593.902	466.593
213	589.752	461.016
214	585.315	455.631
215	580.592	450.439
216	575.582	445.438
217	570.284	440.63
218	564.7	436.013
219	558.829	431.589
220	552.671	427.357
221	546.226	423.317
222	539.494	419.469
223	532.476	415.813
224	525.17	412.35
225	124.205	417.262
226	128.301	411.905
227	132.201	406.436
228	135.904	400.854
229	139.411	395.161
230	142.721	389.356
231	145.834	383.438
232	148.751	377.409
233	151.472	371.268
234	153.996	365.014
235	436.412	446.803
236	431.049	442.249
237	425.814	437.607
238	420.707	432.877
239	415.728	428.061
240	410.878	423.156
241	406.155	418.165
242	401.561	413.086
243	397.094	407.919
244	392.756	402.665
245	388.546	397.323
246	384.464	391.894
247	380.511	386.378
248	376.685	380.774
249	372.988	375.082
250	369.418	369.303
251	365.977	363.437
252	362.664	357.483
253	359.479	351.442
254	356.422	345.313
255	353.493	339.097
256	350.693	332.793
257	348.02	326.402
258	345.476	319.923
259	343.059	313.357
260	340.771	306.703
261	443.785	443.51
262	445.222	435.875
263	446.216	428.366
264	446.766	420.982
265	446.871	413.723
266	446.533	406.59
267	445.751	399.583
268	444.525	392.701
269	442.855	385.944
270	440.742	379.313
271	438.184	372.807
272	435.182	366.427
273	431.737	360.173
274	427.848	354.043
275	423.514	348.039
276	418.737	342.161
277	413.516	336.408
278	5.70605	297.99
279	10.8689	292.561
280	15.4887	286.949
281	19.5652	281.153
282	23.0987	275.174
283	26.0889	269.011
284	28.536	262.665
285	30.4399	256.135
286	31.8007	249.421
287	32.6183	242.524
288	32.8928	235.444
289	32.6241	228.179
290	31.8122	220.732
291	154.576	351.756
292	152.972	344.855
293	151.511	337.947
294	150.193	331.03
295	149.02	324.106
296	147.989	317.174
297	147.102	310.234
298	146.358	303.285
299	145.758	296.329
300	145.301	289.365
301	144.988	282.393
302	144.818	275.414
303	144.792	268.426
304	144.909	261.43
305	145.169	254.427
306	145.573	247.415
307	146.12	240.395
308	146.811	233.368
309	147.645	226.333
310	211.154	299.705
311	208.389	292.475
312	206.332	285.366
313	204.984	278.38
314	204.344	271.516
315	204.412	264.775
316	205.188	258.155
317	206.673	251.657
318	208.866	245.281
319	211.767	239.028
320	215.377	232.897
321	219.695	226.887
322	224.721	221
323	330.079	299.715
324	321.875	299.048
325	314	297.96
326	306.454	296.453
327	299.237	294.526
328	292.349	292.179
329	285.79	289.412
330	279.56	286.226
331	273.659	282.619
332	268.087	278.593
333	262.843	274.146
334	257.929	269.28
335	253.344	263.994
336	249.087	258.288
337	245.159	252.162
338	241.561	245.617
339	238.291	238.651
340	235.35	231.265
341	232.738	223.46
342	558.963	344.575
343	565.334	342.056
344	571.656	339.439
345	577.928	336.722
346	584.151	333.908
347	590.324	330.994
348	596.448	327.982
349	602.522	324.872
350	608.547	321.662
351	614.522	318.355
352	620.448	314.948
353	626.324	311.443
354	632.151	307.839
355	635.483	296.685
356	632.761	289.512
357	629.759	282.617
358	626.48	276.001
359	622.922	269.663
360	619.087	263.604
361	614.972	257.823
362	610.58	252.321
363	605.909	247.097
364	600.96	242.152
365	595.732	237.485
366	590.227	233.097
367	584.443	228.987
368	578.38	225.156
369	572.04	221.603
370	565.421	218.329
371	558.524	215.334
372	551.348	212.617
373	38.2872	214.357
374	45.9381	215.185
375	53.4099	215.584
376	60.7024	215.555
377	67.8158	215.097
378	74.75	214.211
379	81.5051	212.896
380	88.0809	211.153
381	94.4776	208.982
382	100.695	206.382
383	106.733	203.353
384	112.593	199.897
385	118.273	196.011
386	123.773	191.697
387	129.095	186.955
388	134.238	181.784
389	139.201	176.185
390	143.985	170.157
391	155.573	221.605
392	162.5	223.437
393	169.403	224.788
394	176.282	225.656
395	183.137	226.042
396	189.969	225.945
397	196.776	225.366
398	203.56	224.304
399	210.319	222.761
400	217.055	220.734
401	223.767	218.226
402	225.632	209.926
403	220.652	204.868
404	215.514	200.06
405	210.218	195.502
406	204.765	191.195
407	199.154	187.139
408	193.385	183.332
409	187.459	179.777
410	181.375	176.471
411	175.133	173.416
412	168.734	170.612
413	162.177	168.058
414	155.462	165.754
415	342.064	228.333
416	342.937	220.773
417	342.956	213.566
418	342.122	206.713
419	340.433	200.213
420	337.891	194.066
421	334.495	188.272
422	330.244	182.831
423	325.141	177.743
424	319.183	173.009
425	538.918	204.15
426	535.133	197.776
427	532.54	191.056
428	531.138	183.991
429	530.927	176.581
430	41.8354	165.7
431	48.496	165.087
432	55.1582	164.539
433	61.8219	164.056
434	68.4872	163.639
435	75.154	163.286
436	81.8223	162.998
437	88.4922	162.776
438	95.1636	162.618
439	101.836	162.526
440	108.511	162.499
441	115.187	162.536
442	121.865	162.639
443	128.544	162.807
444	135.224	163.04
445	141.906	163.338
446	220.258	123.484
447	227.216	124.737
448	234.057	126.242
449	240.781	127.997
450	247.389	130.003
451	253.88	132.26
452	260.254	134.768
453	266.512	137.527
454	272.653	140.536
455	278.677	143.797
456	284.584	147.308
457	290.375	151.07
458	296.049	155.083
459	301.607	159.347
460	307.047	163.862
461	607.879	135.907
462	609.044	129.086
463	610.207	122.265
464	611.37	115.445
465	612.53	108.623
466	613.69	101.802
467	614.848	94.9804
468	616.005	88.1586
469	617.16	81.3365
470	618.314	74.5142
471	619.467	67.6916
472	620.618	60.8689
473	621.767	54.0458
474	622.916	47.2226
475	624.063	40.3991
476	625.209	33.5754
477	626.353	26.7514
478	627.496	19.9272
479	113.042	26.3971
480	119.622	23.3725
481	126.233	20.5318
482	132.875	17.8752
483	139.55	15.4025
484	146.256	13.1138
485	152.993	11.0091
486	159.762	9.08837
487	166.563	7.35162
488	173.395	5.79885
489	180.259	4.43006
490	187.155	3.24525
491	194.082	2.24443
492	201.041	1.42758
493	208.031	0.794713
494	215.054	0.345828
495	222.107	0.0809236
496	229.192	0
497	236.309	0.103057
498	243.458	0.390095
499	250.638	0.861114
500	257.85	1.51611
501	469.454	21.3657
502	476.143	23.872
503	482.575	26.7849
504	488.752	30.1042
505	494.673	33.8302
506	500.338	37.9627
507	505.747	42.5017
508	510.9	47.4473
