NOMBRE : MTLARP10_10_4_1.dat
VERTICES ORIGINALES : 84
VERTICES TOTALES : 1089
DEPOTS : 4
81
82
83
84
LINEAS ORIGINALES : 67
LINE 1 9 125.889 11
	85 11.9735
	86 11.6615
	87 11.4129
	88 11.2319
	89 11.1219
	90 11.085
	91 11.1219
	92 11.2319
	93 11.4129
	94 11.6615
	9 11.9735
LINE 2 3 159.28 14
	95 12.446
	96 11.9715
	97 11.5613
	98 11.2223
	99 10.9612
	100 10.7836
	101 10.6938
	102 10.6938
	103 10.7836
	104 10.9612
	105 11.2223
	106 11.5613
	107 11.9715
	3 12.446
LINE 4 11 254.936 22
	108 12.997
	109 12.6167
	110 12.2644
	111 11.9425
	112 11.6535
	113 11.4
	114 11.1844
	115 11.0088
	116 10.8753
	117 10.7854
	118 10.7401
	119 10.7401
	120 10.7854
	121 10.8753
	122 11.0088
	123 11.1844
	124 11.4
	125 11.6535
	126 11.9425
	127 12.2644
	128 12.6167
	11 12.997
LINE 5 13 254.593 22
	129 12.8447
	130 12.4995
	131 12.1804
	132 11.8897
	133 11.6293
	134 11.4014
	135 11.2079
	136 11.0507
	137 10.9313
	138 10.851
	139 10.8106
	140 10.8106
	141 10.851
	142 10.9313
	143 11.0507
	144 11.2079
	145 11.4014
	146 11.6293
	147 11.8897
	148 12.1804
	149 12.4995
	13 12.8447
LINE 6 7 162.992 14
	150 12.4815
	151 12.1057
	152 11.7833
	153 11.5189
	154 11.3166
	155 11.1796
	156 11.1105
	157 11.1105
	158 11.1796
	159 11.3166
	160 11.5189
	161 11.7833
	162 12.1057
	7 12.4815
LINE 6 16 242.416 21
	163 12.335
	164 12.1052
	165 11.8957
	166 11.7079
	167 11.5425
	168 11.4008
	169 11.2835
	170 11.1914
	171 11.1251
	172 11.0852
	173 11.0719
	174 11.0852
	175 11.1251
	176 11.1914
	177 11.2835
	178 11.4008
	179 11.5425
	180 11.7079
	181 11.8957
	182 12.1052
	16 12.335
LINE 8 18 215.164 19
	183 12.0671
	184 11.8269
	185 11.6109
	186 11.4203
	187 11.2566
	188 11.1208
	189 11.014
	190 10.9371
	191 10.8907
	192 10.8752
	193 10.8907
	194 10.9371
	195 11.014
	196 11.1208
	197 11.2566
	198 11.4203
	199 11.6109
	200 11.8269
	18 12.0671
LINE 10 11 135.019 11
	201 13.8127
	202 12.9316
	203 12.2024
	204 11.6536
	205 11.3116
	206 11.1952
	207 11.3116
	208 11.6536
	209 12.2024
	210 12.9316
	11 13.8127
LINE 11 12 220.964 19
	211 12.7876
	212 12.4187
	213 12.084
	214 11.7861
	215 11.5281
	216 11.3127
	217 11.1422
	218 11.0188
	219 10.9441
	220 10.9191
	221 10.9441
	222 11.0188
	223 11.1422
	224 11.3127
	225 11.5281
	226 11.7861
	227 12.084
	228 12.4187
	12 12.7876
LINE 11 21 151.89 14
	229 11.1052
	230 10.9883
	231 10.8898
	232 10.8104
	233 10.7505
	234 10.7103
	235 10.6902
	236 10.6902
	237 10.7103
	238 10.7505
	239 10.8104
	240 10.8898
	241 10.9883
	21 11.1052
LINE 12 22 239.252 20
	242 13.9397
	243 13.3604
	244 12.8235
	245 12.3345
	246 11.8994
	247 11.5243
	248 11.2152
	249 10.9777
	250 10.8164
	251 10.7349
	252 10.7349
	253 10.8164
	254 10.9777
	255 11.2152
	256 11.5243
	257 11.8994
	258 12.3345
	259 12.8235
	260 13.3604
	22 13.9397
LINE 14 15 190.485 17
	261 11.9513
	262 11.6796
	263 11.439
	264 11.2313
	265 11.0585
	266 10.9223
	267 10.8239
	268 10.7644
	269 10.7445
	270 10.7644
	271 10.8239
	272 10.9223
	273 11.0585
	274 11.2313
	275 11.439
	276 11.6796
	15 11.9513
LINE 15 25 210.264 18
	277 12.6381
	278 12.3127
	279 12.0208
	280 11.7648
	281 11.5471
	282 11.3699
	283 11.2353
	284 11.1446
	285 11.0989
	286 11.0989
	287 11.1446
	288 11.2353
	289 11.3699
	290 11.5471
	291 11.7648
	292 12.0208
	293 12.3127
	25 12.6381
LINE 17 18 203.652 18
	294 12.3683
	295 12.0115
	296 11.6904
	297 11.408
	298 11.1671
	299 10.9706
	300 10.821
	301 10.72
	302 10.6692
	303 10.6692
	304 10.72
	305 10.821
	306 10.9706
	307 11.1671
	308 11.408
	309 11.6904
	310 12.0115
	18 12.3683
LINE 19 20 218.218 19
	311 12.3704
	312 12.0856
	313 11.8286
	314 11.6012
	315 11.4053
	316 11.2425
	317 11.1142
	318 11.0217
	319 10.9658
	320 10.9471
	321 10.9658
	322 11.0217
	323 11.1142
	324 11.2425
	325 11.4053
	326 11.6012
	327 11.8286
	328 12.0856
	20 12.3704
LINE 22 29 177.561 16
	329 11.2754
	330 11.2048
	331 11.1439
	332 11.0929
	333 11.0519
	334 11.0211
	335 11.0005
	336 10.9902
	337 10.9902
	338 11.0005
	339 11.0211
	340 11.0519
	341 11.0929
	342 11.1439
	343 11.2048
	29 11.2754
LINE 23 29 250.745 22
	344 12.6249
	345 12.2916
	346 11.9836
	347 11.7031
	348 11.452
	349 11.2323
	350 11.0459
	351 10.8944
	352 10.7795
	353 10.7021
	354 10.6633
	355 10.6633
	356 10.7021
	357 10.7795
	358 10.8944
	359 11.0459
	360 11.2323
	361 11.452
	362 11.7031
	363 11.9836
	364 12.2916
	29 12.6249
LINE 24 30 280.321 24
	365 12.9843
	366 12.6617
	367 12.3612
	368 12.0843
	369 11.8328
	370 11.6082
	371 11.4122
	372 11.2463
	373 11.1117
	374 11.0097
	375 10.9412
	376 10.9068
	377 10.9068
	378 10.9412
	379 11.0097
	380 11.1117
	381 11.2463
	382 11.4122
	383 11.6082
	384 11.8328
	385 12.0843
	386 12.3612
	387 12.6617
	30 12.9843
LINE 25 31 251.19 22
	388 12.3555
	389 12.0978
	390 11.8611
	391 11.6467
	392 11.4557
	393 11.2895
	394 11.1491
	395 11.0355
	396 10.9495
	397 10.8918
	398 10.8628
	399 10.8628
	400 10.8918
	401 10.9495
	402 11.0355
	403 11.1491
	404 11.2895
	405 11.4557
	406 11.6467
	407 11.8611
	408 12.0978
	31 12.3555
LINE 26 32 254.203 23
	409 11.0929
	410 11.0818
	411 11.0718
	412 11.0629
	413 11.055
	414 11.0481
	415 11.0423
	416 11.0375
	417 11.0338
	418 11.0312
	419 11.0296
	420 11.0291
	421 11.0296
	422 11.0312
	423 11.0338
	424 11.0375
	425 11.0423
	426 11.0481
	427 11.055
	428 11.0629
	429 11.0718
	430 11.0818
	32 11.0929
LINE 26 34 192.01 16
	431 13.3741
	432 12.8513
	433 12.3856
	434 11.9837
	435 11.6522
	436 11.3973
	437 11.2241
	438 11.1365
	439 11.1365
	440 11.2241
	441 11.3973
	442 11.6522
	443 11.9837
	444 12.3856
	445 12.8513
	34 13.3741
LINE 27 28 124.903 11
	446 11.3991
	447 11.3725
	448 11.3519
	449 11.3371
	450 11.3282
	451 11.3252
	452 11.3282
	453 11.3371
	454 11.3519
	455 11.3725
	28 11.3991
LINE 27 36 73.9508 7
	456 10.8774
	457 10.5666
	458 10.3757
	459 10.3113
	460 10.3757
	461 10.5666
	36 10.8774
LINE 28 29 115.03 11
	462 10.6046
	463 10.5166
	464 10.4477
	465 10.3982
	466 10.3684
	467 10.3584
	468 10.3684
	469 10.3982
	470 10.4477
	471 10.5166
	29 10.6046
LINE 29 37 133.433 12
	472 11.8761
	473 11.4742
	474 11.1422
	475 10.8865
	476 10.7127
	477 10.6247
	478 10.6247
	479 10.7127
	480 10.8865
	481 11.1422
	482 11.4742
	37 11.8761
LINE 29 39 276.482 24
	483 12.9878
	484 12.6274
	485 12.2906
	486 11.9794
	487 11.6958
	488 11.442
	489 11.2198
	490 11.0312
	491 10.878
	492 10.7617
	493 10.6834
	494 10.644
	495 10.644
	496 10.6834
	497 10.7617
	498 10.878
	499 11.0312
	500 11.2198
	501 11.442
	502 11.6958
	503 11.9794
	504 12.2906
	505 12.6274
	39 12.9878
LINE 31 32 137.33 13
	506 10.6222
	507 10.5931
	508 10.5692
	509 10.5506
	510 10.5373
	511 10.5293
	512 10.5266
	513 10.5293
	514 10.5373
	515 10.5506
	516 10.5692
	517 10.5931
	32 10.6222
LINE 31 41 161.774 14
	518 12.3749
	519 12.0077
	520 11.6928
	521 11.4347
	522 11.2372
	523 11.1036
	524 11.0362
	525 11.0362
	526 11.1036
	527 11.2372
	528 11.4347
	529 11.6928
	530 12.0077
	41 12.3749
LINE 32 33 145.581 13
	531 11.3759
	532 11.2878
	533 11.2152
	534 11.1584
	535 11.1176
	536 11.0931
	537 11.0849
	538 11.0931
	539 11.1176
	540 11.1584
	541 11.2152
	542 11.2878
	33 11.3759
LINE 32 42 215.229 20
	543 10.8461
	544 10.8194
	545 10.7957
	546 10.7749
	547 10.7571
	548 10.7422
	549 10.7302
	550 10.7213
	551 10.7153
	552 10.7123
	553 10.7123
	554 10.7153
	555 10.7213
	556 10.7302
	557 10.7422
	558 10.7571
	559 10.7749
	560 10.7957
	561 10.8194
	42 10.8461
LINE 33 43 128.692 12
	562 10.7496
	563 10.7359
	564 10.7248
	565 10.7166
	566 10.7111
	567 10.7083
	568 10.7083
	569 10.7111
	570 10.7166
	571 10.7248
	572 10.7359
	43 10.7496
LINE 33 44 244.317 22
	573 11.1962
	574 11.1703
	575 11.147
	576 11.1262
	577 11.108
	578 11.0924
	579 11.0794
	580 11.0689
	581 11.0611
	582 11.0558
	583 11.0532
	584 11.0532
	585 11.0558
	586 11.0611
	587 11.0689
	588 11.0794
	589 11.0924
	590 11.108
	591 11.1262
	592 11.147
	593 11.1703
	44 11.1962
LINE 35 36 228.78 21
	594 10.9726
	595 10.9492
	596 10.9282
	597 10.9096
	598 10.8935
	599 10.8799
	600 10.8687
	601 10.86
	602 10.8538
	603 10.8501
	604 10.8489
	605 10.8501
	606 10.8538
	607 10.86
	608 10.8687
	609 10.8799
	610 10.8935
	611 10.9096
	612 10.9282
	613 10.9492
	36 10.9726
LINE 35 45 94.9565 8
	614 13.1092
	615 12.0785
	616 11.3394
	617 10.9512
	618 10.9512
	619 11.3394
	620 12.0785
	45 13.1092
LINE 38 39 176.957 16
	621 11.1679
	622 11.1248
	623 11.0878
	624 11.0569
	625 11.032
	626 11.0134
	627 11.0009
	628 10.9947
	629 10.9947
	630 11.0009
	631 11.0134
	632 11.032
	633 11.0569
	634 11.0878
	635 11.1248
	39 11.1679
LINE 39 40 159.129 14
	636 12.2944
	637 11.8804
	638 11.524
	639 11.2308
	640 11.0057
	641 10.8531
	642 10.7759
	643 10.7759
	644 10.8531
	645 11.0057
	646 11.2308
	647 11.524
	648 11.8804
	40 12.2944
LINE 40 41 91.8853 8
	649 11.5294
	650 11.4919
	651 11.4669
	652 11.4544
	653 11.4544
	654 11.4669
	655 11.4919
	41 11.5294
LINE 40 49 163.594 15
	656 11.0267
	657 10.9753
	658 10.9317
	659 10.8958
	660 10.8679
	661 10.8478
	662 10.8358
	663 10.8318
	664 10.8358
	665 10.8478
	666 10.8679
	667 10.8958
	668 10.9317
	669 10.9753
	49 11.0267
LINE 42 43 80.2602 7
	670 12.535
	671 11.4901
	672 10.8149
	673 10.5802
	674 10.8149
	675 11.4901
	43 12.535
LINE 43 51 114.819 10
	676 11.8871
	677 11.6203
	678 11.4161
	679 11.2779
	680 11.2082
	681 11.2082
	682 11.2779
	683 11.4161
	684 11.6203
	51 11.8871
LINE 45 46 177.352 15
	685 12.9278
	686 12.473
	687 12.0748
	688 11.7389
	689 11.4709
	690 11.2756
	691 11.1567
	692 11.1168
	693 11.1567
	694 11.2756
	695 11.4709
	696 11.7389
	697 12.0748
	698 12.473
	46 12.9278
LINE 46 52 129.284 12
	699 11.1405
	700 10.9431
	701 10.7825
	702 10.6605
	703 10.5784
	704 10.5372
	705 10.5372
	706 10.5784
	707 10.6605
	708 10.7825
	709 10.9431
	52 11.1405
LINE 47 53 191.636 18
	710 10.7516
	711 10.7146
	712 10.6822
	713 10.6544
	714 10.6311
	715 10.6124
	716 10.5984
	717 10.589
	718 10.5844
	719 10.5844
	720 10.589
	721 10.5984
	722 10.6124
	723 10.6311
	724 10.6544
	725 10.6822
	726 10.7146
	53 10.7516
LINE 48 49 160.849 14
	727 12.588
	728 12.1006
	729 11.6789
	730 11.3303
	731 11.0616
	732 10.8788
	733 10.7862
	734 10.7862
	735 10.8788
	736 11.0616
	737 11.3303
	738 11.6789
	739 12.1006
	49 12.588
LINE 49 50 241.302 22
	740 11.0734
	741 11.0435
	742 11.0165
	743 10.9925
	744 10.9714
	745 10.9533
	746 10.9382
	747 10.9261
	748 10.9171
	749 10.911
	750 10.908
	751 10.908
	752 10.911
	753 10.9171
	754 10.9261
	755 10.9382
	756 10.9533
	757 10.9714
	758 10.9925
	759 11.0165
	760 11.0435
	50 11.0734
LINE 49 55 131.443 12
	761 11.1042
	762 11.0225
	763 10.9566
	764 10.907
	765 10.8738
	766 10.8572
	767 10.8572
	768 10.8738
	769 10.907
	770 10.9566
	771 11.0225
	55 11.1042
LINE 50 56 154.071 14
	772 11.4569
	773 11.2519
	774 11.0782
	775 10.9373
	776 10.8303
	777 10.7585
	778 10.7223
	779 10.7223
	780 10.7585
	781 10.8303
	782 10.9373
	783 11.0782
	784 11.2519
	56 11.4569
LINE 52 60 264.232 24
	785 11.4858
	786 11.3642
	787 11.2525
	788 11.151
	789 11.06
	790 10.9798
	791 10.9106
	792 10.8525
	793 10.8059
	794 10.7708
	795 10.7473
	796 10.7355
	797 10.7355
	798 10.7473
	799 10.7708
	800 10.8059
	801 10.8525
	802 10.9106
	803 10.9798
	804 11.06
	805 11.151
	806 11.2525
	807 11.3642
	60 11.4858
LINE 54 60 210.834 19
	808 11.8654
	809 11.6172
	810 11.3936
	811 11.1963
	812 11.0266
	813 10.8857
	814 10.7749
	815 10.695
	816 10.6468
	817 10.6307
	818 10.6468
	819 10.695
	820 10.7749
	821 10.8857
	822 11.0266
	823 11.1963
	824 11.3936
	825 11.6172
	60 11.8654
LINE 54 61 129.378 12
	826 11.0176
	827 10.8899
	828 10.7867
	829 10.7086
	830 10.6563
	831 10.63
	832 10.63
	833 10.6563
	834 10.7086
	835 10.7867
	836 10.8899
	61 11.0176
LINE 55 64 281.744 26
	837 11.0122
	838 10.9703
	839 10.9318
	840 10.8967
	841 10.8649
	842 10.8367
	843 10.8119
	844 10.7906
	845 10.7728
	846 10.7585
	847 10.7478
	848 10.7407
	849 10.7371
	850 10.7371
	851 10.7407
	852 10.7478
	853 10.7585
	854 10.7728
	855 10.7906
	856 10.8119
	857 10.8367
	858 10.8649
	859 10.8967
	860 10.9318
	861 10.9703
	64 11.0122
LINE 57 58 161.161 14
	862 12.5394
	863 12.0822
	864 11.6877
	865 11.3621
	866 11.1117
	867 10.9416
	868 10.8555
	869 10.8555
	870 10.9416
	871 11.1117
	872 11.3621
	873 11.6877
	874 12.0822
	58 12.5394
LINE 59 67 130.25 11
	875 12.5855
	876 12.1491
	877 11.7985
	878 11.5415
	879 11.3846
	880 11.3318
	881 11.3846
	882 11.5415
	883 11.7985
	884 12.1491
	67 12.5855
LINE 61 62 135.117 12
	885 11.4314
	886 11.3383
	887 11.2633
	888 11.2067
	889 11.1688
	890 11.1498
	891 11.1498
	892 11.1688
	893 11.2067
	894 11.2633
	895 11.3383
	62 11.4314
LINE 61 68 145.702 13
	896 11.4625
	897 11.3363
	898 11.232
	899 11.1503
	900 11.0915
	901 11.0561
	902 11.0442
	903 11.0561
	904 11.0915
	905 11.1503
	906 11.232
	907 11.3363
	68 11.4625
LINE 63 70 183.055 16
	908 12.8801
	909 12.3349
	910 11.8476
	911 11.4257
	912 11.0765
	913 10.8073
	914 10.624
	915 10.5312
	916 10.5312
	917 10.624
	918 10.8073
	919 11.0765
	920 11.4257
	921 11.8476
	922 12.3349
	70 12.8801
LINE 64 70 199.66 17
	923 13.5681
	924 12.9291
	925 12.3487
	926 11.8352
	927 11.398
	928 11.046
	929 10.7875
	930 10.6294
	931 10.5761
	932 10.6294
	933 10.7875
	934 11.046
	935 11.398
	936 11.8352
	937 12.3487
	938 12.9291
	70 13.5681
LINE 64 71 81.9835 7
	939 11.9372
	940 11.713
	941 11.5763
	942 11.5304
	943 11.5763
	944 11.713
	71 11.9372
LINE 65 72 202.108 18
	945 12.1714
	946 11.8509
	947 11.5632
	948 11.3108
	949 11.096
	950 10.9212
	951 10.7882
	952 10.6986
	953 10.6535
	954 10.6535
	955 10.6986
	956 10.7882
	957 10.9212
	958 11.096
	959 11.3108
	960 11.5632
	961 11.8509
	72 12.1714
LINE 66 74 248.324 21
	962 13.1916
	963 12.8031
	964 12.4451
	965 12.1205
	966 11.832
	967 11.5823
	968 11.3738
	969 11.2091
	970 11.0899
	971 11.0177
	972 10.9936
	973 11.0177
	974 11.0899
	975 11.2091
	976 11.3738
	977 11.5823
	978 11.832
	979 12.1205
	980 12.4451
	981 12.8031
	74 13.1916
LINE 69 76 197.525 18
	982 11.365
	983 11.2291
	984 11.1088
	985 11.0047
	986 10.9172
	987 10.8466
	988 10.7934
	989 10.7578
	990 10.74
	991 10.74
	992 10.7578
	993 10.7934
	994 10.8466
	995 10.9172
	996 11.0047
	997 11.1088
	998 11.2291
	76 11.365
LINE 70 71 165.354 15
	999 11.3323
	1000 11.2016
	1001 11.0898
	1002 10.9975
	1003 10.9252
	1004 10.8732
	1005 10.8419
	1006 10.8314
	1007 10.8419
	1008 10.8732
	1009 10.9252
	1010 10.9975
	1011 11.0898
	1012 11.2016
	71 11.3323
LINE 71 77 137.336 13
	1013 10.7318
	1014 10.6486
	1015 10.58
	1016 10.5264
	1017 10.4879
	1018 10.4647
	1019 10.457
	1020 10.4647
	1021 10.4879
	1022 10.5264
	1023 10.58
	1024 10.6486
	77 10.7318
LINE 72 78 220.269 19
	1025 12.7477
	1026 12.38
	1027 12.0461
	1028 11.7491
	1029 11.4918
	1030 11.277
	1031 11.107
	1032 10.9839
	1033 10.9094
	1034 10.8845
	1035 10.9094
	1036 10.9839
	1037 11.107
	1038 11.277
	1039 11.4918
	1040 11.7491
	1041 12.0461
	1042 12.38
	78 12.7477
LINE 73 79 248.614 21
	1043 13.2902
	1044 12.8788
	1045 12.4993
	1046 12.1546
	1047 11.8477
	1048 11.5817
	1049 11.3595
	1050 11.1835
	1051 11.0562
	1052 10.979
	1053 10.9532
	1054 10.979
	1055 11.0562
	1056 11.1835
	1057 11.3595
	1058 11.5817
	1059 11.8477
	1060 12.1546
	1061 12.4993
	1062 12.8788
	79 13.2902
LINE 73 80 195.721 18
	1063 10.8871
	1064 10.8823
	1065 10.8781
	1066 10.8744
	1067 10.8714
	1068 10.869
	1069 10.8672
	1070 10.8659
	1071 10.8653
	1072 10.8653
	1073 10.8659
	1074 10.8672
	1075 10.869
	1076 10.8714
	1077 10.8744
	1078 10.8781
	1079 10.8823
	80 10.8871
LINE 75 76 124.504 11
	1080 11.79
	1081 11.5115
	1082 11.2901
	1083 11.1293
	1084 11.0317
	1085 10.999
	1086 11.0317
	1087 11.1293
	1088 11.2901
	1089 11.5115
	76 11.79
COORDENADAS :
1	30.9423	942.19
2	141.427	936.458
3	231.84	894.431
4	353.728	901.062
5	447.791	954.446
6	638.582	946.332
7	738.96	920.626
8	959.152	932.715
9	29.1734	860.919
10	148.336	806.379
11	230.374	803.232
12	356.206	860.639
13	447.016	795.967
14	527.266	797.932
15	648.921	803.232
16	763.472	854.52
17	845.958	844.533
18	963.954	795.046
19	13.0294	743.572
20	147.377	709.248
21	208.793	705.843
22	347.864	717.887
23	426.535	719.748
24	550.447	750.186
25	760.658	730.876
26	846.954	749.891
27	167.219	604.155
28	248.289	622.188
29	321.936	603.576
30	464.04	598.65
31	634.123	634.153
32	725.337	632.382
33	819.966	615.813
34	911.921	650.581
35	13.6062	513.916
36	159.344	556.684
37	259.451	546.084
38	347.242	519.297
39	464.142	510.013
40	564.627	510.079
41	621.645	531.987
42	773.115	497.785
43	809.876	530.746
44	934.053	500.645
45	22.2924	456.426
46	120.47	404.277
47	212.933	459.233
48	409.784	397.315
49	508.287	417.567
50	668.206	421.921
51	834.471	460.25
52	162.779	331.414
53	263.123	342.566
54	332.015	312.16
55	504.48	330.81
56	671.013	321.927
57	821.053	335.007
58	922.036	341.899
59	70.3462	224.503
60	266.492	194.52
61	370.045	236.127
62	459.208	234.386
63	514.147	209.581
64	630.987	194.317
65	933.431	199.776
66	50.3719	153.875
67	108.716	150.793
68	350.521	142.423
69	460.365	131.128
70	552.171	104.012
71	652.442	144.971
72	858.618	96.1931
73	964.984	139.135
74	53.6361	0
75	342.816	60.3717
76	408.291	13.2664
77	614.339	62.743
78	747.575	14.4755
79	868.75	19.7458
80	952.794	9.32279
81	748.955	198.579
82	0	339.575
83	723.655	241.488
84	261.086	513.683
85	33.7983	934.736
86	36.0509	927.295
87	37.7002	919.867
88	38.7461	912.453
89	39.1887	905.051
90	39.0279	897.663
91	38.2637	890.288
92	36.8962	882.926
93	34.9253	875.577
94	32.351	868.241
95	149.68	937.317
96	157.657	937.582
97	165.357	937.253
98	172.781	936.33
99	179.93	934.813
100	186.802	932.702
101	193.398	929.997
102	199.718	926.698
103	205.762	922.805
104	211.53	918.318
105	217.021	913.237
106	222.237	907.562
107	227.176	901.294
108	345.085	900.442
109	336.732	899.459
110	328.668	898.11
111	320.893	896.397
112	313.406	894.32
113	306.209	891.878
114	299.302	889.072
115	292.683	885.901
116	286.353	882.365
117	280.312	878.465
118	274.561	874.201
119	269.098	869.572
120	263.925	864.578
121	259.041	859.22
122	254.446	853.497
123	250.139	847.41
124	246.122	840.958
125	242.395	834.142
126	238.956	826.961
127	235.806	819.416
128	232.946	811.506
129	452.386	947.219
130	456.539	939.995
131	460.252	932.773
132	463.523	925.554
133	466.354	918.336
134	468.744	911.121
135	470.693	903.907
136	472.201	896.696
137	473.268	889.487
138	473.894	882.28
139	474.079	875.076
140	473.823	867.873
141	473.127	860.673
142	471.989	853.475
143	470.411	846.279
144	468.391	839.085
145	465.931	831.893
146	463.03	824.703
147	459.688	817.516
148	455.905	810.331
149	451.681	803.148
150	644.808	940.812
151	651.18	935.859
152	657.696	931.472
153	664.358	927.652
154	671.165	924.399
155	678.118	921.713
156	685.215	919.594
157	692.457	918.041
158	699.845	917.055
159	707.378	916.636
160	715.055	916.783
161	722.878	917.497
162	730.847	918.778
163	646.676	944.881
164	654.555	943.137
165	662.22	941.102
166	669.67	938.774
167	676.906	936.155
168	683.927	933.243
169	690.733	930.04
170	697.324	926.544
171	703.7	922.756
172	709.862	918.676
173	715.809	914.304
174	721.542	909.64
175	727.06	904.684
176	732.363	899.436
177	737.451	893.896
178	742.324	888.063
179	746.983	881.939
180	751.427	875.522
181	755.657	868.814
182	759.672	861.813
183	955.921	925.348
184	953.077	917.994
185	950.62	910.654
186	948.55	903.327
187	946.867	896.014
188	945.571	888.714
189	944.663	881.428
190	944.141	874.155
191	944.007	866.896
192	944.26	859.65
193	944.9	852.418
194	945.927	845.199
195	947.341	837.994
196	949.142	830.802
197	951.33	823.624
198	953.906	816.459
199	956.868	809.308
200	960.218	802.17
201	155.587	800.703
202	162.88	796.105
203	170.214	792.585
204	177.589	790.143
205	185.006	788.779
206	192.464	788.493
207	199.963	789.285
208	207.504	791.155
209	215.086	794.103
210	222.709	798.129
211	238.838	802.217
212	247.098	801.65
213	255.153	801.532
214	263.004	801.862
215	270.65	802.641
216	278.091	803.868
217	285.327	805.544
218	292.359	807.668
219	299.187	810.241
220	305.81	813.262
221	312.228	816.732
222	318.441	820.651
223	324.45	825.018
224	330.254	829.833
225	335.854	835.097
226	341.249	840.81
227	346.439	846.971
228	351.425	853.581
229	230.796	795.841
230	230.916	788.516
231	230.733	781.259
232	230.249	774.068
233	229.463	766.944
234	228.374	759.887
235	226.984	752.898
236	225.291	745.975
237	223.297	739.119
238	221	732.33
239	218.402	725.608
240	215.501	718.952
241	212.298	712.364
242	361.715	853.155
243	366.601	845.707
244	370.863	838.296
245	374.501	830.922
246	377.515	823.584
247	379.905	816.282
248	381.671	809.017
249	382.814	801.788
250	383.332	794.596
251	383.227	787.44
252	382.498	780.321
253	381.145	773.238
254	379.168	766.191
255	376.568	759.181
256	373.343	752.208
257	369.495	745.271
258	365.023	738.37
259	359.927	731.506
260	354.207	724.678
261	534.574	794.758
262	541.863	792.02
263	549.133	789.718
264	556.384	787.851
265	563.616	786.42
266	570.829	785.425
267	578.024	784.865
268	585.199	784.741
269	592.355	785.053
270	599.492	785.8
271	606.61	786.983
272	613.71	788.602
273	620.79	790.657
274	627.851	793.147
275	634.894	796.073
276	641.917	799.435
277	652.935	795.824
278	657.206	788.815
279	661.736	782.204
280	666.524	775.992
281	671.57	770.178
282	676.874	764.763
283	682.436	759.747
284	688.257	755.129
285	694.335	750.91
286	700.672	747.089
287	707.267	743.668
288	714.12	740.644
289	721.231	738.02
290	728.6	735.794
291	736.227	733.966
292	744.113	732.538
293	752.256	731.507
294	854.13	845.637
295	862.111	846.288
296	869.902	846.485
297	877.503	846.229
298	884.914	845.519
299	892.135	844.357
300	899.165	842.741
301	906.006	840.671
302	912.656	838.149
303	919.116	835.173
304	925.387	831.743
305	931.467	827.861
306	937.357	823.525
307	943.056	818.736
308	948.566	813.493
309	953.886	807.797
310	959.015	801.648
311	19.1496	738.044
312	25.3755	732.93
313	31.707	728.229
314	38.1441	723.942
315	44.6868	720.068
316	51.3352	716.608
317	58.0892	713.561
318	64.9489	710.928
319	71.9142	708.708
320	78.9851	706.901
321	86.1616	705.508
322	93.4438	704.528
323	100.832	703.962
324	108.325	703.81
325	115.924	704.07
326	123.629	704.745
327	131.439	705.832
328	139.355	707.333
329	344.601	711.115
330	341.558	704.294
331	338.733	697.422
332	336.127	690.501
333	333.74	683.531
334	331.572	676.51
335	329.623	669.44
336	327.894	662.321
337	326.382	655.152
338	325.09	647.933
339	324.017	640.664
340	323.163	633.346
341	322.528	625.978
342	322.111	618.56
343	321.914	611.093
344	418.428	717.486
345	410.64	714.936
346	403.172	712.099
347	396.023	708.975
348	389.193	705.563
349	382.683	701.863
350	376.491	697.877
351	370.619	693.602
352	365.067	689.04
353	359.833	684.191
354	354.919	679.054
355	350.324	673.63
356	346.049	667.918
357	342.092	661.919
358	338.455	655.632
359	335.137	649.058
360	332.139	642.196
361	329.46	635.047
362	327.1	627.611
363	325.059	619.887
364	323.338	611.875
365	542.762	746.201
366	535.433	742.013
367	528.459	737.622
368	521.841	733.03
369	515.577	728.234
370	509.668	723.237
371	504.115	718.036
372	498.917	712.633
373	494.073	707.028
374	489.585	701.22
375	485.452	695.21
376	481.674	688.997
377	478.252	682.582
378	475.184	675.964
379	472.472	669.144
380	470.114	662.121
381	468.112	654.896
382	466.465	647.469
383	465.173	639.838
384	464.236	632.006
385	463.654	623.97
386	463.428	615.733
387	463.556	607.293
388	757.293	723.358
389	753.7	716.137
390	749.88	709.213
391	745.833	702.587
392	741.559	696.258
393	737.057	690.227
394	732.328	684.492
395	727.372	679.055
396	722.188	673.915
397	716.778	669.073
398	711.14	664.528
399	705.274	660.28
400	699.182	656.329
401	692.862	652.676
402	686.315	649.32
403	679.541	646.262
404	672.539	643.5
405	665.311	641.036
406	657.855	638.869
407	650.171	637
408	642.261	635.428
409	841.116	745.351
410	835.328	740.76
411	829.59	736.117
412	823.902	731.422
413	818.264	726.675
414	812.676	721.877
415	807.139	717.027
416	801.651	712.125
417	796.213	707.171
418	790.825	702.165
419	785.487	697.108
420	780.2	691.999
421	774.962	686.838
422	769.774	681.625
423	764.637	676.361
424	759.549	671.045
425	754.512	665.677
426	749.524	660.257
427	744.587	654.786
428	739.699	649.262
429	734.862	643.687
430	730.074	638.061
431	855.155	746.393
432	862.804	742.534
433	869.901	738.313
434	876.446	733.732
435	882.439	728.789
436	887.879	723.485
437	892.768	717.82
438	897.105	711.794
439	900.889	705.406
440	904.121	698.658
441	906.801	691.548
442	908.929	684.077
443	910.505	676.245
444	911.529	668.051
445	912.001	659.497
446	174.401	606.638
447	181.621	608.951
448	188.879	611.097
449	196.174	613.073
450	203.506	614.881
451	210.876	616.52
452	218.284	617.991
453	225.729	619.293
454	233.211	620.427
455	240.731	621.391
456	168.372	596.996
457	168.765	589.962
458	168.4	583.055
459	167.275	576.273
460	165.391	569.618
461	162.747	563.088
462	254.613	619.027
463	261.011	616.161
464	267.484	613.588
465	274.031	611.309
466	280.652	609.323
467	287.347	607.631
468	294.116	606.233
469	300.96	605.128
470	307.877	604.317
471	314.869	603.8
472	314.323	601.399
473	307.148	598.747
474	300.411	595.619
475	294.111	592.017
476	288.248	587.939
477	282.822	583.385
478	277.833	578.357
479	273.282	572.853
480	269.169	566.873
481	265.492	560.419
482	262.253	553.489
483	325.131	595.529
484	328.564	587.843
485	332.235	580.517
486	336.143	573.552
487	340.288	566.948
488	344.67	560.704
489	349.29	554.822
490	354.147	549.3
491	359.242	544.139
492	364.574	539.338
493	370.143	534.899
494	375.949	530.82
495	381.993	527.102
496	388.275	523.744
497	394.793	520.748
498	401.549	518.112
499	408.543	515.837
500	415.773	513.923
501	423.242	512.369
502	430.947	511.176
503	438.89	510.344
504	447.07	509.873
505	455.488	509.763
506	641.158	634.965
507	648.19	635.618
508	655.218	636.114
509	662.244	636.451
510	669.267	636.631
511	676.286	636.653
512	683.303	636.517
513	690.316	636.222
514	697.326	635.77
515	704.333	635.16
516	711.338	634.392
517	718.339	633.466
518	636.948	626.402
519	639.2	618.72
520	640.882	611.108
521	641.991	603.566
522	642.529	596.094
523	642.495	588.692
524	641.89	581.359
525	640.712	574.097
526	638.964	566.904
527	636.643	559.781
528	633.751	552.728
529	630.288	545.744
530	626.252	538.831
531	732.91	632.786
532	740.434	632.911
533	747.909	632.756
534	755.335	632.321
535	762.712	631.606
536	770.041	630.611
537	777.32	629.337
538	784.55	627.782
539	791.731	625.948
540	798.863	623.834
541	805.947	621.44
542	812.981	618.766
543	728.794	626.031
544	732.139	619.641
545	735.371	613.21
546	738.491	606.74
547	741.498	600.23
548	744.393	593.679
549	747.176	587.089
550	749.846	580.459
551	752.403	573.789
552	754.848	567.079
553	757.181	560.329
554	759.401	553.54
555	761.509	546.71
556	763.505	539.84
557	765.387	532.931
558	767.158	525.982
559	768.816	518.992
560	770.361	511.963
561	771.794	504.894
562	819.751	608.65
563	819.422	601.5
564	818.98	594.364
565	818.424	587.241
566	817.754	580.132
567	816.97	573.036
568	816.072	565.954
569	815.06	558.885
570	813.935	551.83
571	812.696	544.788
572	811.343	537.76
573	824.306	609.74
574	828.727	603.747
575	833.228	597.834
576	837.809	592.001
577	842.472	586.247
578	847.214	580.574
579	852.038	574.98
580	856.942	569.466
581	861.926	564.031
582	866.991	558.677
583	872.137	553.402
584	877.363	548.207
585	882.669	543.092
586	888.056	538.056
587	893.524	533.101
588	899.072	528.225
589	904.701	523.429
590	910.41	518.712
591	916.2	514.076
592	922.07	509.519
593	928.021	505.042
594	20.2377	517.003
595	26.9	519.986
596	33.5932	522.863
597	40.3172	525.635
598	47.0721	528.303
599	53.8578	530.865
600	60.6743	533.322
601	67.5217	535.674
602	74.4	537.92
603	81.309	540.062
604	88.2489	542.099
605	95.2197	544.03
606	102.221	545.857
607	109.254	547.578
608	116.317	549.194
609	123.411	550.705
610	130.536	552.111
611	137.692	553.412
612	144.879	554.608
613	152.096	555.699
614	19.4911	507.455
615	24.0048	500.786
616	27.1473	493.911
617	28.9187	486.828
618	29.3188	479.538
619	28.3479	472.041
620	26.0057	464.337
621	354.445	517.412
622	361.661	515.701
623	368.892	514.164
624	376.136	512.8
625	383.394	511.611
626	390.665	510.596
627	397.951	509.755
628	405.25	509.087
629	412.563	508.594
630	419.89	508.275
631	427.231	508.129
632	434.586	508.158
633	441.954	508.361
634	449.336	508.738
635	456.733	509.288
636	471.323	506.06
637	478.502	502.716
638	485.682	499.981
639	492.86	497.854
640	500.039	496.337
641	507.217	495.428
642	514.395	495.129
643	521.572	495.438
644	528.749	496.356
645	535.925	497.883
646	543.102	500.019
647	550.277	502.763
648	557.452	506.117
649	571.437	513.643
650	578.338	516.971
651	585.329	520.064
652	592.411	522.92
653	599.584	525.541
654	606.847	527.925
655	614.201	530.074
656	559.696	504.627
657	554.933	499.073
658	550.337	493.417
659	545.909	487.659
660	541.65	481.798
661	537.558	475.835
662	533.634	469.77
663	529.878	463.602
664	526.29	457.333
665	522.869	450.961
666	519.617	444.486
667	516.533	437.91
668	513.616	431.231
669	510.868	424.45
670	781.358	499.157
671	788.604	501.641
672	794.853	505.238
673	800.105	509.946
674	804.359	515.767
675	807.616	522.7
676	809.828	522.821
677	810.336	515.091
678	811.403	507.555
679	813.026	500.214
680	815.207	493.067
681	817.945	486.115
682	821.241	479.357
683	825.094	472.793
684	829.504	466.424
685	30.9013	456.835
686	39.2153	456.688
687	47.2345	455.987
688	54.959	454.73
689	62.3886	452.918
690	69.5234	450.552
691	76.3634	447.63
692	82.9085	444.154
693	89.1589	440.122
694	95.1145	435.535
695	100.775	430.394
696	106.141	424.697
697	111.212	418.445
698	115.989	411.639
699	126.09	399.421
700	131.328	394.343
701	136.186	389.045
702	140.664	383.526
703	144.761	377.786
704	148.477	371.824
705	151.812	365.642
706	154.767	359.238
707	157.341	352.614
708	159.534	345.768
709	161.347	338.702
710	214.563	452.253
711	216.329	445.332
712	218.231	438.469
713	220.27	431.665
714	222.444	424.919
715	224.756	418.233
716	227.203	411.605
717	229.787	405.035
718	232.507	398.524
719	235.364	392.072
720	238.356	385.678
721	241.486	379.344
722	244.751	373.067
723	248.153	366.85
724	251.691	360.691
725	255.366	354.59
726	259.176	348.549
727	415.946	403.012
728	422.243	408.055
729	428.674	412.444
730	435.239	416.179
731	441.939	419.26
732	448.773	421.688
733	455.742	423.461
734	462.845	424.581
735	470.082	425.047
736	477.454	424.859
737	484.961	424.016
738	492.602	422.52
739	500.377	420.371
740	515.591	416.493
741	522.891	415.54
742	530.188	414.708
743	537.482	413.997
744	544.772	413.407
745	552.059	412.939
746	559.343	412.592
747	566.624	412.366
748	573.901	412.261
749	581.175	412.277
750	588.446	412.414
751	595.713	412.673
752	602.977	413.052
753	610.238	413.553
754	617.496	414.175
755	624.75	414.918
756	632.001	415.782
757	639.248	416.768
758	646.493	417.874
759	653.734	419.102
760	660.971	420.451
761	509.527	410.269
762	510.485	402.983
763	511.159	395.71
764	511.55	388.449
765	511.657	381.2
766	511.482	373.964
767	511.023	366.741
768	510.281	359.53
769	509.255	352.331
770	507.947	345.145
771	506.355	337.971
772	671.104	414.854
773	673.587	407.776
774	675.656	400.686
775	677.309	393.584
776	678.547	386.471
777	679.37	379.346
778	679.778	372.209
779	679.771	365.061
780	679.349	357.901
781	678.512	350.73
782	677.26	343.546
783	675.592	336.352
784	673.51	329.145
785	169.273	327.356
786	175.577	323.154
787	181.692	318.809
788	187.619	314.322
789	193.357	309.691
790	198.905	304.917
791	204.265	300
792	209.437	294.94
793	214.419	289.737
794	219.212	284.39
795	223.817	278.901
796	228.233	273.269
797	232.46	267.493
798	236.498	261.575
799	240.347	255.513
800	244.008	249.308
801	247.479	242.961
802	250.762	236.47
803	253.856	229.836
804	256.761	223.059
805	259.477	216.139
806	262.004	209.076
807	264.343	201.87
808	331.636	304.259
809	330.916	296.547
810	329.854	289.026
811	328.452	281.695
812	326.709	274.554
813	324.625	267.602
814	322.199	260.841
815	319.433	254.269
816	316.325	247.888
817	312.877	241.696
818	309.087	235.695
819	304.956	229.883
820	300.485	224.261
821	295.672	218.83
822	290.518	213.588
823	285.023	208.536
824	279.187	203.674
825	273.01	199.002
826	336.918	306.691
827	341.506	301.065
828	345.779	295.281
829	349.736	289.339
830	353.379	283.239
831	356.705	276.982
832	359.717	270.567
833	362.413	263.995
834	364.794	257.264
835	366.86	250.376
836	368.61	243.33
837	508.149	324.451
838	511.913	318.18
839	515.774	311.999
840	519.73	305.906
841	523.781	299.902
842	527.929	293.987
843	532.172	288.16
844	536.511	282.422
845	540.946	276.773
846	545.477	271.213
847	550.103	265.742
848	554.825	260.359
849	559.643	255.065
850	564.556	249.859
851	569.566	244.743
852	574.671	239.715
853	579.871	234.776
854	585.168	229.925
855	590.56	225.164
856	596.048	220.491
857	601.632	215.907
858	607.312	211.411
859	613.087	207.005
860	618.958	202.687
861	624.925	198.458
862	828.552	331.313
863	836.007	328.262
864	843.418	325.856
865	850.785	324.094
866	858.108	322.976
867	865.387	322.502
868	872.622	322.672
869	879.813	323.486
870	886.96	324.945
871	894.063	327.047
872	901.122	329.794
873	908.137	333.185
874	915.109	337.22
875	70.5962	216.117
876	71.4939	208.067
877	73.0392	200.355
878	75.2321	192.98
879	78.0726	185.942
880	81.5608	179.241
881	85.6966	172.877
882	90.4801	166.85
883	95.9112	161.16
884	101.99	155.808
885	377.508	237.669
886	384.965	238.905
887	392.417	239.834
888	399.862	240.456
889	407.301	240.771
890	414.734	240.78
891	422.161	240.481
892	429.583	239.876
893	436.998	238.964
894	444.407	237.745
895	451.81	236.219
896	366.541	229.336
897	363.37	222.476
898	360.533	215.546
899	358.03	208.546
900	355.861	201.477
901	354.026	194.339
902	352.524	187.131
903	351.356	179.853
904	350.521	172.506
905	350.021	165.09
906	349.854	157.604
907	350.021	150.048
908	511.862	201.304
909	510.198	193.251
910	509.156	185.422
911	508.736	177.816
912	508.937	170.434
913	509.759	163.277
914	511.203	156.343
915	513.269	149.633
916	515.956	143.147
917	519.265	136.884
918	523.196	130.846
919	527.748	125.031
920	532.921	119.441
921	538.716	114.074
922	545.133	108.931
923	630.62	185.28
924	629.719	176.707
925	628.284	168.601
926	626.316	160.96
927	623.814	153.785
928	620.779	147.076
929	617.21	140.832
930	613.107	135.054
931	608.471	129.742
932	603.301	124.896
933	597.598	120.515
934	591.361	116.6
935	584.59	113.151
936	577.285	110.168
937	569.447	107.65
938	561.076	105.598
939	632.163	186.447
940	633.969	178.85
941	636.404	171.526
942	639.469	164.477
943	643.164	157.701
944	647.488	151.199
945	932.461	191.72
946	931.117	183.934
947	929.397	176.42
948	927.303	169.176
949	924.834	162.203
950	921.99	155.5
951	918.771	149.069
952	915.177	142.908
953	911.208	137.018
954	906.864	131.399
955	902.145	126.051
956	897.052	120.973
957	891.584	116.166
958	885.74	111.63
959	879.522	107.365
960	872.929	103.37
961	865.961	99.6462
962	45.6676	146.445
963	41.4494	139.025
964	37.7171	131.615
965	34.4708	124.215
966	31.7104	116.826
967	29.436	109.447
968	27.6476	102.078
969	26.3451	94.72
970	25.5287	87.372
971	25.1981	80.0343
972	25.3536	72.7069
973	25.995	65.3898
974	27.1224	58.0831
975	28.7357	50.7866
976	30.835	43.5004
977	33.4203	36.2246
978	36.4915	28.9591
979	40.0487	21.7038
980	44.0919	14.4589
981	48.621	7.2243
982	455.202	125.583
983	450.305	119.921
984	445.676	114.14
985	441.314	108.241
986	437.219	102.224
987	433.391	96.0895
988	429.83	89.8367
989	426.536	83.4659
990	423.51	76.977
991	420.75	70.3702
992	418.258	63.6453
993	416.033	56.8023
994	414.075	49.8414
995	412.384	42.7624
996	410.96	35.5655
997	409.803	28.2505
998	408.914	20.8174
999	558.015	108.799
1000	563.98	113.292
1001	570.065	117.491
1002	576.27	121.397
1003	582.595	125.009
1004	589.039	128.327
1005	595.604	131.351
1006	602.289	134.082
1007	609.094	136.519
1008	616.018	138.662
1009	623.063	140.511
1010	630.228	142.067
1011	637.512	143.329
1012	644.917	144.297
1013	648.051	139.322
1014	643.904	133.561
1015	640	127.686
1016	636.339	121.699
1017	632.922	115.599
1018	629.748	109.387
1019	626.817	103.062
1020	624.129	96.6236
1021	621.684	90.0729
1022	619.483	83.4095
1023	617.525	76.6334
1024	615.81	69.7446
1025	855.396	88.3292
1026	851.882	80.8612
1027	848.077	73.789
1028	843.981	67.1128
1029	839.593	60.8324
1030	834.914	54.9479
1031	829.944	49.4594
1032	824.682	44.3667
1033	819.129	39.6698
1034	813.285	35.3689
1035	807.149	31.4639
1036	800.722	27.9547
1037	794.004	24.8415
1038	786.994	22.1241
1039	779.693	19.8026
1040	772.101	17.877
1041	764.217	16.3473
1042	756.042	15.2135
1043	964.308	130.301
1044	963.242	121.781
1045	961.785	113.577
1046	959.937	105.687
1047	957.699	98.1124
1048	955.07	90.8527
1049	952.05	83.9078
1050	948.639	77.2779
1051	944.838	70.9629
1052	940.646	64.9628
1053	936.064	59.2776
1054	931.09	53.9073
1055	925.726	48.852
1056	919.972	44.1115
1057	913.826	39.686
1058	907.291	35.5753
1059	900.364	31.7796
1060	893.047	28.2988
1061	885.339	25.1329
1062	877.24	22.2819
1063	964.765	131.88
1064	964.492	124.63
1065	964.165	117.386
1066	963.784	110.146
1067	963.349	102.911
1068	962.861	95.682
1069	962.318	88.4576
1070	961.722	81.2382
1071	961.071	74.0239
1072	960.367	66.8146
1073	959.609	59.6105
1074	958.797	52.4113
1075	957.931	45.2173
1076	957.012	38.0282
1077	956.038	30.8443
1078	955.011	23.6654
1079	953.93	16.4916
1080	350.421	58.387
1081	357.696	55.9428
1082	364.64	53.0391
1083	371.253	49.6759
1084	377.536	45.8531
1085	383.489	41.5708
1086	389.11	36.829
1087	394.401	31.6276
1088	399.362	25.9667
1089	403.992	19.8463
