NOMBRE : MTLARP5_5_5_2.dat
VERTICES ORIGINALES : 29
VERTICES TOTALES : 361
DEPOTS : 5
25
26
27
28
29
LINEAS ORIGINALES : 22
LINE 1 2 179.288 17
	30 10.6811
	31 10.6309
	32 10.5871
	33 10.55
	34 10.5195
	35 10.4957
	36 10.4787
	37 10.4685
	38 10.4651
	39 10.4685
	40 10.4787
	41 10.4957
	42 10.5195
	43 10.55
	44 10.5871
	45 10.6309
	2 10.6811
LINE 3 4 174.101 16
	46 11.6611
	47 11.3588
	48 11.0932
	49 10.8668
	50 10.6823
	51 10.5418
	52 10.4471
	53 10.3994
	54 10.3994
	55 10.4471
	56 10.5418
	57 10.6823
	58 10.8668
	59 11.0932
	60 11.3588
	4 11.6611
LINE 3 8 127.71 12
	61 11.0244
	62 10.819
	63 10.6518
	64 10.5247
	65 10.4391
	66 10.396
	67 10.396
	68 10.4391
	69 10.5247
	70 10.6518
	71 10.819
	8 11.0244
LINE 4 5 178.265 17
	72 10.4974
	73 10.4932
	74 10.4895
	75 10.4864
	76 10.4839
	77 10.482
	78 10.4806
	79 10.4797
	80 10.4794
	81 10.4797
	82 10.4806
	83 10.482
	84 10.4839
	85 10.4864
	86 10.4895
	87 10.4932
	5 10.4974
LINE 4 8 240.591 23
	88 10.6347
	89 10.5875
	90 10.5447
	91 10.5063
	92 10.4722
	93 10.4426
	94 10.4175
	95 10.3969
	96 10.3809
	97 10.3694
	98 10.3625
	99 10.3602
	100 10.3625
	101 10.3694
	102 10.3809
	103 10.3969
	104 10.4175
	105 10.4426
	106 10.4722
	107 10.5063
	108 10.5447
	109 10.5875
	8 10.6347
LINE 5 10 226.489 22
	110 10.295
	111 10.295
	112 10.295
	113 10.295
	114 10.295
	115 10.295
	116 10.295
	117 10.295
	118 10.295
	119 10.295
	120 10.295
	121 10.295
	122 10.295
	123 10.295
	124 10.295
	125 10.295
	126 10.295
	127 10.295
	128 10.295
	129 10.295
	130 10.295
	10 10.295
LINE 6 7 149.518 14
	131 10.8167
	132 10.7539
	133 10.7013
	134 10.659
	135 10.6272
	136 10.6059
	137 10.5953
	138 10.5953
	139 10.6059
	140 10.6272
	141 10.659
	142 10.7013
	143 10.7539
	7 10.8167
LINE 7 8 117.348 11
	144 10.8026
	145 10.7222
	146 10.6593
	147 10.6141
	148 10.5869
	149 10.5778
	150 10.5869
	151 10.6141
	152 10.6593
	153 10.7222
	8 10.8026
LINE 7 12 160.457 15
	154 11.53
	155 11.1847
	156 10.8841
	157 10.6317
	158 10.4313
	159 10.2857
	160 10.1973
	161 10.1677
	162 10.1973
	163 10.2857
	164 10.4313
	165 10.6317
	166 10.8841
	167 11.1847
	12 11.53
LINE 9 13 287.369 27
	168 10.8902
	169 10.8339
	170 10.7818
	171 10.734
	172 10.6907
	173 10.6517
	174 10.6172
	175 10.5872
	176 10.5617
	177 10.5409
	178 10.5246
	179 10.513
	180 10.506
	181 10.5037
	182 10.506
	183 10.513
	184 10.5246
	185 10.5409
	186 10.5617
	187 10.5872
	188 10.6172
	189 10.6517
	190 10.6907
	191 10.734
	192 10.7818
	193 10.8339
	13 10.8902
LINE 9 14 259.368 24
	194 11.6282
	195 11.4217
	196 11.2307
	197 11.056
	198 10.8983
	199 10.7585
	200 10.6371
	201 10.535
	202 10.4525
	203 10.3902
	204 10.3485
	205 10.3276
	206 10.3276
	207 10.3485
	208 10.3902
	209 10.4525
	210 10.535
	211 10.6371
	212 10.7585
	213 10.8983
	214 11.056
	215 11.2307
	216 11.4217
	14 11.6282
LINE 11 12 159.612 15
	217 11.4079
	218 11.0891
	219 10.8121
	220 10.58
	221 10.3959
	222 10.2624
	223 10.1815
	224 10.1544
	225 10.1815
	226 10.2624
	227 10.3959
	228 10.58
	229 10.8121
	230 11.0891
	12 11.4079
LINE 12 13 143.406 14
	231 10.2458
	232 10.2446
	233 10.2437
	234 10.2429
	235 10.2423
	236 10.2419
	237 10.2417
	238 10.2417
	239 10.2419
	240 10.2423
	241 10.2429
	242 10.2437
	243 10.2446
	13 10.2458
LINE 13 17 71.088 7
	244 10.7183
	245 10.163
	246 9.81475
	247 9.69589
	248 9.81475
	249 10.163
	17 10.7183
LINE 15 16 185.33 17
	250 11.5414
	251 11.3078
	252 11.1013
	253 10.9236
	254 10.776
	255 10.6597
	256 10.5759
	257 10.5253
	258 10.5084
	259 10.5253
	260 10.5759
	261 10.6597
	262 10.776
	263 10.9236
	264 11.1013
	265 11.3078
	16 11.5414
LINE 15 20 121.051 12
	266 10.2043
	267 10.1409
	268 10.0899
	269 10.0515
	270 10.0258
	271 10.0129
	272 10.0129
	273 10.0258
	274 10.0515
	275 10.0899
	276 10.1409
	20 10.2043
LINE 15 21 201.032 19
	277 10.5808
	278 10.5807
	279 10.5807
	280 10.5807
	281 10.5806
	282 10.5806
	283 10.5806
	284 10.5806
	285 10.5806
	286 10.5806
	287 10.5806
	288 10.5806
	289 10.5806
	290 10.5806
	291 10.5806
	292 10.5807
	293 10.5807
	294 10.5807
	21 10.5808
LINE 17 22 227.123 22
	295 10.5178
	296 10.4628
	297 10.4132
	298 10.3688
	299 10.3298
	300 10.2963
	301 10.2683
	302 10.2458
	303 10.2289
	304 10.2176
	305 10.212
	306 10.212
	307 10.2176
	308 10.2289
	309 10.2458
	310 10.2683
	311 10.2963
	312 10.3298
	313 10.3688
	314 10.4132
	315 10.4628
	22 10.5178
LINE 18 19 143.913 14
	316 10.2912
	317 10.2858
	318 10.2813
	319 10.2777
	320 10.275
	321 10.2732
	322 10.2723
	323 10.2723
	324 10.2732
	325 10.275
	326 10.2777
	327 10.2813
	328 10.2858
	19 10.2912
LINE 19 24 80.1565 7
	329 11.9221
	330 11.4556
	331 11.1664
	332 11.0683
	333 11.1664
	334 11.4556
	24 11.9221
LINE 21 22 155.245 15
	335 10.4079
	336 10.383
	337 10.3619
	338 10.3446
	339 10.3311
	340 10.3215
	341 10.3157
	342 10.3138
	343 10.3157
	344 10.3215
	345 10.3311
	346 10.3446
	347 10.3619
	348 10.383
	22 10.4079
LINE 22 23 151.463 14
	349 11.1569
	350 11.0029
	351 10.8729
	352 10.7677
	353 10.6882
	354 10.6349
	355 10.6081
	356 10.6081
	357 10.6349
	358 10.6882
	359 10.7677
	360 10.8729
	361 11.0029
	23 11.1569
COORDENADAS :
1	90.8052	401.963
2	206.02	430.115
3	293.668	420.47
4	403.903	432.256
5	521.89	445.841
6	105.789	338.289
7	201.658	314.085
8	274.954	339.479
9	400.914	351.181
10	479.056	301.051
11	104.386	236.721
12	202.978	212.416
13	296.667	193.452
14	513.907	230.669
15	105.482	136.204
16	218.372	98.2632
17	302.378	148.567
18	425.864	130.855
19	512.993	90.8502
20	108.799	56.1824
21	184.106	27.6693
22	283.463	0
23	369.654	48.6584
24	521.641	39.9274
25	0	376.764
26	47.3647	334.358
27	428.678	268.576
28	370.724	271.276
29	85.345	209.949
30	97.9208	402.235
31	104.994	402.68
32	112.025	403.298
33	119.014	404.089
34	125.96	405.052
35	132.864	406.189
36	139.726	407.499
37	146.546	408.982
38	153.323	410.638
39	160.058	412.467
40	166.751	414.469
41	173.402	416.645
42	180.01	418.993
43	186.576	421.514
44	193.099	424.208
45	199.581	427.075
46	300.932	417.702
47	308.147	415.401
48	315.311	413.567
49	322.426	412.2
50	329.49	411.301
51	336.505	410.87
52	343.47	410.905
53	350.384	411.408
54	357.249	412.379
55	364.064	413.816
56	370.828	415.721
57	377.543	418.093
58	384.208	420.933
59	390.823	424.24
60	397.388	428.014
61	289.715	414.274
62	286.198	407.977
63	283.116	401.579
64	280.469	395.081
65	278.257	388.483
66	276.48	381.784
67	275.138	374.984
68	274.231	368.084
69	273.759	361.084
70	273.722	353.983
71	274.121	346.781
72	410.89	432.649
73	417.871	433.093
74	424.847	433.588
75	431.817	434.133
76	438.78	434.729
77	445.738	435.376
78	452.69	436.074
79	459.637	436.822
80	466.577	437.621
81	473.512	438.471
82	480.441	439.372
83	487.363	440.323
84	494.281	441.325
85	501.192	442.378
86	508.097	443.481
87	514.997	444.636
88	399.231	426.923
89	394.474	421.708
90	389.632	416.612
91	384.706	411.633
92	379.694	406.773
93	374.597	402.031
94	369.416	397.406
95	364.149	392.9
96	358.797	388.512
97	353.361	384.242
98	347.839	380.09
99	342.233	376.056
100	336.541	372.141
101	330.765	368.343
102	324.904	364.664
103	318.957	361.102
104	312.926	357.659
105	306.81	354.334
106	300.608	351.126
107	294.322	348.037
108	287.951	345.066
109	281.495	342.214
110	519.934	439.262
111	517.979	432.683
112	516.025	426.104
113	514.071	419.524
114	512.118	412.945
115	510.167	406.365
116	508.216	399.785
117	506.266	393.204
118	504.316	386.624
119	502.368	380.043
120	500.421	373.461
121	498.474	366.88
122	496.528	360.298
123	494.583	353.716
124	492.639	347.134
125	490.696	340.551
126	488.754	333.969
127	486.813	327.386
128	484.872	320.802
129	482.932	314.219
130	480.994	307.635
131	112.281	335.148
132	118.827	332.225
133	125.428	329.519
134	132.084	327.03
135	138.794	324.758
136	145.56	322.704
137	152.38	320.866
138	159.255	319.246
139	166.185	317.843
140	173.17	316.657
141	180.21	315.688
142	187.304	314.936
143	194.453	314.402
144	208.799	315.012
145	215.845	316.216
146	222.796	317.696
147	229.651	319.452
148	236.41	321.484
149	243.073	323.793
150	249.64	326.378
151	256.112	329.239
152	262.489	332.376
153	268.769	335.789
154	205.37	307.354
155	208.564	300.616
156	211.241	293.872
157	213.4	287.121
158	215.041	280.363
159	216.165	273.599
160	216.77	266.828
161	216.858	260.05
162	216.429	253.265
163	215.481	246.474
164	214.016	239.676
165	212.033	232.871
166	209.532	226.059
167	206.514	219.241
168	395.454	346.397
169	390.117	341.53
170	384.902	336.583
171	379.811	331.554
172	374.843	326.444
173	369.998	321.253
174	365.275	315.98
175	360.676	310.626
176	356.2	305.191
177	351.847	299.675
178	347.617	294.077
179	343.51	288.397
180	339.526	282.637
181	335.665	276.795
182	331.927	270.872
183	328.312	264.868
184	324.82	258.782
185	321.451	252.615
186	318.205	246.366
187	315.083	240.037
188	312.083	233.626
189	309.206	227.133
190	306.452	220.56
191	303.821	213.905
192	301.314	207.169
193	298.929	200.351
194	408.224	348.599
195	415.307	345.805
196	422.164	342.798
197	428.794	339.579
198	435.199	336.149
199	441.377	332.506
200	447.33	328.651
201	453.056	324.584
202	458.555	320.305
203	463.829	315.814
204	468.876	311.111
205	473.697	306.195
206	478.292	301.068
207	482.661	295.728
208	486.803	290.177
209	490.72	284.413
210	494.41	278.437
211	497.874	272.25
212	501.112	265.85
213	504.123	259.238
214	506.908	252.414
215	509.468	245.377
216	511.8	238.129
217	110.129	231.735
218	115.991	227.231
219	121.971	223.207
220	128.07	219.663
221	134.287	216.601
222	140.623	214.019
223	147.077	211.918
224	153.65	210.298
225	160.341	209.158
226	167.151	208.499
227	174.079	208.321
228	181.126	208.624
229	188.292	209.407
230	195.575	210.671
231	209.708	211.25
232	216.433	210.056
233	223.151	208.832
234	229.864	207.579
235	236.571	206.297
236	243.272	204.986
237	249.967	203.646
238	256.656	202.277
239	263.339	200.879
240	270.016	199.452
241	276.688	197.995
242	283.354	196.51
243	290.013	194.996
244	300.504	187.424
245	303.334	181.268
246	305.157	174.984
247	305.973	168.572
248	305.782	162.032
249	304.583	155.363
250	113.136	136.988
251	120.663	137.395
252	128.064	137.425
253	135.338	137.078
254	142.486	136.354
255	149.506	135.254
256	156.4	133.776
257	163.168	131.921
258	169.808	129.689
259	176.322	127.08
260	182.709	124.095
261	188.97	120.732
262	195.104	116.992
263	201.111	112.875
264	206.991	108.382
265	212.745	103.511
266	104.442	129.481
267	103.642	122.768
268	103.081	116.065
269	102.759	109.371
270	102.677	102.688
271	102.834	96.0146
272	103.23	89.3511
273	103.865	82.6975
274	104.74	76.0539
275	105.854	69.4201
276	107.207	62.7963
277	109.654	130.517
278	113.823	124.827
279	117.989	119.134
280	122.15	113.438
281	126.307	107.74
282	130.461	102.039
283	134.611	96.3349
284	138.756	90.6282
285	142.898	84.9186
286	147.037	79.2063
287	151.171	73.4911
288	155.301	67.7732
289	159.428	62.0525
290	163.55	56.3289
291	167.669	50.6026
292	171.784	44.8735
293	175.895	39.1415
294	180.002	33.4068
295	303.185	141.601
296	303.833	134.656
297	304.323	127.731
298	304.653	120.827
299	304.825	113.942
300	304.839	107.078
301	304.693	100.234
302	304.389	93.4105
303	303.926	86.607
304	303.305	79.8236
305	302.524	73.0605
306	301.585	66.3176
307	300.487	59.5949
308	299.231	52.8924
309	297.815	46.2101
310	296.241	39.548
311	294.508	32.9062
312	292.617	26.2845
313	290.566	19.6831
314	288.357	13.1018
315	285.989	6.54081
316	432.261	128.376
317	438.632	125.839
318	444.976	123.244
319	451.293	120.59
320	457.584	117.879
321	463.847	115.109
322	470.084	112.28
323	476.294	109.394
324	482.478	106.449
325	488.634	103.446
326	494.764	100.384
327	500.867	97.2646
328	506.943	94.0866
329	511.316	83.081
330	510.61	75.4766
331	510.875	68.0371
332	512.11	60.7624
333	514.316	53.6526
334	517.493	46.7075
335	190.48	24.928
336	196.89	22.3148
337	203.335	19.8296
338	209.816	17.4726
339	216.333	15.2437
340	222.885	13.1429
341	229.474	11.1702
342	236.097	9.32554
343	242.757	7.60902
344	249.452	6.0206
345	256.183	4.56028
346	262.949	3.22806
347	269.751	2.02394
348	276.589	0.94792
349	288.483	5.48808
350	293.678	10.6665
351	299.048	15.5354
352	304.593	20.0946
353	310.313	24.3443
354	316.207	28.2843
355	322.276	31.9147
356	328.52	35.2355
357	334.939	38.2467
358	341.532	40.9483
359	348.3	43.3402
360	355.243	45.4226
361	362.361	47.1953
