NOMBRE : MTLARP7_10_6_1.dat
VERTICES ORIGINALES : 66
VERTICES TOTALES : 817
DEPOTS : 6
61
62
63
64
65
66
LINEAS ORIGINALES : 50
LINE 1 8 168.34 15
	67 12.1576
	68 11.771
	69 11.4335
	70 11.1499
	71 10.9242
	72 10.76
	73 10.6604
	74 10.6269
	75 10.6604
	76 10.76
	77 10.9242
	78 11.1499
	79 11.4335
	80 11.771
	8 12.1576
LINE 2 8 193.227 17
	81 12.8049
	82 12.2947
	83 11.8346
	84 11.4309
	85 11.0897
	86 10.8169
	87 10.6177
	88 10.4964
	89 10.4556
	90 10.4964
	91 10.6177
	92 10.8169
	93 11.0897
	94 11.4309
	95 11.8346
	96 12.2947
	8 12.8049
LINE 2 9 213.8 18
	97 13.4306
	98 12.9136
	99 12.4436
	100 12.0262
	101 11.6669
	102 11.3713
	103 11.1445
	104 10.9906
	105 10.9129
	106 10.9129
	107 10.9906
	108 11.1445
	109 11.3713
	110 11.6669
	111 12.0262
	112 12.4436
	113 12.9136
	9 13.4306
LINE 3 10 133.041 11
	114 13.395
	115 12.6453
	116 12.0299
	117 11.5703
	118 11.2856
	119 11.1891
	120 11.2856
	121 11.5703
	122 12.0299
	123 12.6453
	10 13.395
LINE 4 5 98.5051 9
	124 11.7337
	125 11.1558
	126 10.724
	127 10.4563
	128 10.3655
	129 10.4563
	130 10.724
	131 11.1558
	5 11.7337
LINE 6 13 185.769 16
	132 12.6964
	133 12.2794
	134 11.9104
	135 11.5939
	136 11.3343
	137 11.1357
	138 11.0012
	139 10.9334
	140 10.9334
	141 11.0012
	142 11.1357
	143 11.3343
	144 11.5939
	145 11.9104
	146 12.2794
	13 12.6964
LINE 7 15 200.807 18
	147 11.5327
	148 11.4018
	149 11.286
	150 11.1857
	151 11.1015
	152 11.0337
	153 10.9825
	154 10.9483
	155 10.9311
	156 10.9311
	157 10.9483
	158 10.9825
	159 11.0337
	160 11.1015
	161 11.1857
	162 11.286
	163 11.4018
	15 11.5327
LINE 9 10 153.799 13
	164 13.537
	165 12.7317
	166 12.0327
	167 11.4596
	168 11.0321
	169 10.7674
	170 10.6777
	171 10.7674
	172 11.0321
	173 11.4596
	174 12.0327
	175 12.7317
	10 13.537
LINE 9 18 155.476 14
	176 11.4777
	177 11.3083
	178 11.1651
	179 11.0493
	180 10.9616
	181 10.9027
	182 10.8732
	183 10.8732
	184 10.9027
	185 10.9616
	186 11.0493
	187 11.1651
	188 11.3083
	18 11.4777
LINE 11 21 221.948 20
	189 11.7009
	190 11.5151
	191 11.3474
	192 11.1986
	193 11.0695
	194 10.9607
	195 10.8729
	196 10.8066
	197 10.7622
	198 10.7399
	199 10.7399
	200 10.7622
	201 10.8066
	202 10.8729
	203 10.9607
	204 11.0695
	205 11.1986
	206 11.3474
	207 11.5151
	21 11.7009
LINE 12 22 201.124 18
	208 12.1575
	209 11.8237
	210 11.5238
	211 11.2604
	212 11.036
	213 10.8532
	214 10.714
	215 10.6203
	216 10.5731
	217 10.5731
	218 10.6203
	219 10.714
	220 10.8532
	221 11.036
	222 11.2604
	223 11.5238
	224 11.8237
	22 12.1575
LINE 14 15 205.727 19
	225 11.0242
	226 10.9592
	227 10.9017
	228 10.8515
	229 10.8089
	230 10.7739
	231 10.7466
	232 10.727
	233 10.7153
	234 10.7113
	235 10.7153
	236 10.727
	237 10.7466
	238 10.7739
	239 10.8089
	240 10.8515
	241 10.9017
	242 10.9592
	15 11.0242
LINE 15 16 114.813 11
	243 10.5565
	244 10.4854
	245 10.4298
	246 10.3899
	247 10.3659
	248 10.3579
	249 10.3659
	250 10.3899
	251 10.4298
	252 10.4854
	16 10.5565
LINE 16 25 177.998 16
	253 11.793
	254 11.5327
	255 11.3048
	256 11.1113
	257 10.9541
	258 10.8347
	259 10.7543
	260 10.7139
	261 10.7139
	262 10.7543
	263 10.8347
	264 10.9541
	265 11.1113
	266 11.3048
	267 11.5327
	25 11.793
LINE 17 18 206.282 19
	268 10.8632
	269 10.8611
	270 10.8593
	271 10.8577
	272 10.8563
	273 10.8552
	274 10.8544
	275 10.8538
	276 10.8534
	277 10.8533
	278 10.8534
	279 10.8538
	280 10.8544
	281 10.8552
	282 10.8563
	283 10.8577
	284 10.8593
	285 10.8611
	18 10.8632
LINE 18 26 216.642 19
	286 12.0803
	287 11.8604
	288 11.6629
	289 11.489
	290 11.3398
	291 11.2163
	292 11.1192
	293 11.0494
	294 11.0073
	295 10.9932
	296 11.0073
	297 11.0494
	298 11.1192
	299 11.2163
	300 11.3398
	301 11.489
	302 11.6629
	303 11.8604
	26 12.0803
LINE 19 20 102.151 9
	304 12.2576
	305 11.5943
	306 11.0963
	307 10.7865
	308 10.6812
	309 10.7865
	310 11.0963
	311 11.5943
	20 12.2576
LINE 20 21 229.133 21
	312 10.9883
	313 10.9652
	314 10.9445
	315 10.9262
	316 10.9103
	317 10.8969
	318 10.8859
	319 10.8773
	320 10.8711
	321 10.8675
	322 10.8662
	323 10.8675
	324 10.8711
	325 10.8773
	326 10.8859
	327 10.8969
	328 10.9103
	329 10.9262
	330 10.9445
	331 10.9652
	21 10.9883
LINE 21 28 297.741 26
	332 12.5227
	333 12.2771
	334 12.0476
	335 11.835
	336 11.6405
	337 11.4647
	338 11.3087
	339 11.1733
	340 11.0591
	341 10.9669
	342 10.8973
	343 10.8506
	344 10.8272
	345 10.8272
	346 10.8506
	347 10.8973
	348 10.9669
	349 11.0591
	350 11.1733
	351 11.3087
	352 11.4647
	353 11.6405
	354 11.835
	355 12.0476
	356 12.2771
	28 12.5227
LINE 23 30 230.323 20
	357 13.0262
	358 12.5771
	359 12.164
	360 11.7907
	361 11.461
	362 11.1789
	363 10.9479
	364 10.7714
	365 10.6522
	366 10.592
	367 10.592
	368 10.6522
	369 10.7714
	370 10.9479
	371 11.1789
	372 11.461
	373 11.7907
	374 12.164
	375 12.5771
	30 13.0262
LINE 24 25 107.479 10
	376 10.7835
	377 10.7598
	378 10.742
	379 10.7302
	380 10.7242
	381 10.7242
	382 10.7302
	383 10.742
	384 10.7598
	25 10.7835
LINE 25 32 139.891 13
	385 10.7782
	386 10.7695
	387 10.7624
	388 10.7569
	389 10.7529
	390 10.7506
	391 10.7498
	392 10.7506
	393 10.7529
	394 10.7569
	395 10.7624
	396 10.7695
	32 10.7782
LINE 27 35 174.566 16
	397 11.1981
	398 11.0844
	399 10.9859
	400 10.9032
	401 10.8366
	402 10.7863
	403 10.7527
	404 10.7359
	405 10.7359
	406 10.7527
	407 10.7863
	408 10.8366
	409 10.9032
	410 10.9859
	411 11.0844
	35 11.1981
LINE 28 35 223.71 20
	412 12.0281
	413 11.7712
	414 11.538
	415 11.3301
	416 11.1487
	417 10.9953
	418 10.8711
	419 10.7769
	420 10.7137
	421 10.6819
	422 10.6819
	423 10.7137
	424 10.7769
	425 10.8711
	426 10.9953
	427 11.1487
	428 11.3301
	429 11.538
	430 11.7712
	35 12.0281
LINE 29 37 96.212 9
	431 11.0225
	432 10.7758
	433 10.596
	434 10.4867
	435 10.45
	436 10.4867
	437 10.596
	438 10.7758
	37 11.0225
LINE 31 40 153.491 13
	439 12.9671
	440 12.4096
	441 11.9341
	442 11.5507
	443 11.2688
	444 11.0963
	445 11.0382
	446 11.0963
	447 11.2688
	448 11.5507
	449 11.9341
	450 12.4096
	40 12.9671
LINE 32 33 138.127 13
	451 11.0643
	452 10.8484
	453 10.6685
	454 10.5265
	455 10.4238
	456 10.3618
	457 10.341
	458 10.3618
	459 10.4238
	460 10.5265
	461 10.6685
	462 10.8484
	33 11.0643
LINE 33 42 205.052 19
	463 10.9421
	464 10.8925
	465 10.8485
	466 10.8102
	467 10.7777
	468 10.7511
	469 10.7303
	470 10.7155
	471 10.7065
	472 10.7035
	473 10.7065
	474 10.7155
	475 10.7303
	476 10.7511
	477 10.7777
	478 10.8102
	479 10.8485
	480 10.8925
	42 10.9421
LINE 34 44 161.777 15
	481 11.3797
	482 11.1309
	483 10.9159
	484 10.7368
	485 10.5953
	486 10.4932
	487 10.4314
	488 10.4107
	489 10.4314
	490 10.4932
	491 10.5953
	492 10.7368
	493 10.9159
	494 11.1309
	44 11.3797
LINE 35 45 211.908 19
	495 11.7963
	496 11.5875
	497 11.4001
	498 11.2352
	499 11.0937
	500 10.9766
	501 10.8847
	502 10.8185
	503 10.7786
	504 10.7653
	505 10.7786
	506 10.8185
	507 10.8847
	508 10.9766
	509 11.0937
	510 11.2352
	511 11.4001
	512 11.5875
	45 11.7963
LINE 36 37 217.981 20
	513 10.9145
	514 10.9097
	515 10.9053
	516 10.9015
	517 10.8982
	518 10.8955
	519 10.8933
	520 10.8917
	521 10.8906
	522 10.8901
	523 10.8901
	524 10.8906
	525 10.8917
	526 10.8933
	527 10.8955
	528 10.8982
	529 10.9015
	530 10.9053
	531 10.9097
	37 10.9145
LINE 37 38 154.017 13
	532 13.5439
	533 12.7429
	534 12.048
	535 11.4784
	536 11.0536
	537 10.7908
	538 10.7017
	539 10.7908
	540 11.0536
	541 11.4784
	542 12.048
	543 12.7429
	38 13.5439
LINE 38 39 173.998 16
	544 10.8808
	545 10.8784
	546 10.8764
	547 10.8747
	548 10.8734
	549 10.8724
	550 10.8717
	551 10.8714
	552 10.8714
	553 10.8717
	554 10.8724
	555 10.8734
	556 10.8747
	557 10.8764
	558 10.8784
	39 10.8808
LINE 40 41 212.268 19
	559 12.3062
	560 11.9452
	561 11.6174
	562 11.3256
	563 11.0728
	564 10.8615
	565 10.6943
	566 10.5732
	567 10.4999
	568 10.4754
	569 10.4999
	570 10.5732
	571 10.6943
	572 10.8615
	573 11.0728
	574 11.3256
	575 11.6174
	576 11.9452
	41 12.3062
LINE 40 50 207.509 18
	577 12.6878
	578 12.2967
	579 11.9439
	580 11.633
	581 11.3675
	582 11.1505
	583 10.9849
	584 10.8731
	585 10.8168
	586 10.8168
	587 10.8731
	588 10.9849
	589 11.1505
	590 11.3675
	591 11.633
	592 11.9439
	593 12.2967
	50 12.6878
LINE 40 51 256.928 23
	594 12.1633
	595 11.9039
	596 11.6642
	597 11.4455
	598 11.2489
	599 11.0758
	600 10.9271
	601 10.804
	602 10.7073
	603 10.6376
	604 10.5956
	605 10.5816
	606 10.5956
	607 10.6376
	608 10.7073
	609 10.804
	610 10.9271
	611 11.0758
	612 11.2489
	613 11.4455
	614 11.6642
	615 11.9039
	51 12.1633
LINE 41 42 221.356 19
	616 13.1782
	617 12.6982
	618 12.2591
	619 11.8654
	620 11.5218
	621 11.2328
	622 11.0028
	623 10.8356
	624 10.734
	625 10.6999
	626 10.734
	627 10.8356
	628 11.0028
	629 11.2328
	630 11.5218
	631 11.8654
	632 12.2591
	633 12.6982
	42 13.1782
LINE 43 44 119.451 10
	634 13.4627
	635 12.4949
	636 11.7168
	637 11.1679
	638 10.8831
	639 10.8831
	640 11.1679
	641 11.7168
	642 12.4949
	44 13.4627
LINE 43 52 161.467 15
	643 11.0145
	644 10.9084
	645 10.8178
	646 10.7432
	647 10.6847
	648 10.6428
	649 10.6175
	650 10.6091
	651 10.6175
	652 10.6428
	653 10.6847
	654 10.7432
	655 10.8178
	656 10.9084
	52 11.0145
LINE 44 53 161.45 15
	657 10.8584
	658 10.8178
	659 10.7834
	660 10.7551
	661 10.733
	662 10.7172
	663 10.7078
	664 10.7046
	665 10.7078
	666 10.7172
	667 10.733
	668 10.7551
	669 10.7834
	670 10.8178
	53 10.8584
LINE 45 46 158.417 14
	671 12.5874
	672 12.0271
	673 11.5393
	674 11.1338
	675 10.8197
	676 10.6051
	677 10.4961
	678 10.4961
	679 10.6051
	680 10.8197
	681 11.1338
	682 11.5393
	683 12.0271
	46 12.5874
LINE 47 55 192.26 18
	684 10.6915
	685 10.6878
	686 10.6846
	687 10.6819
	688 10.6796
	689 10.6777
	690 10.6764
	691 10.6754
	692 10.675
	693 10.675
	694 10.6754
	695 10.6764
	696 10.6777
	697 10.6796
	698 10.6819
	699 10.6846
	700 10.6878
	55 10.6915
LINE 48 49 181.038 17
	701 10.9645
	702 10.8479
	703 10.7458
	704 10.6586
	705 10.5868
	706 10.5306
	707 10.4902
	708 10.4659
	709 10.4578
	710 10.4659
	711 10.4902
	712 10.5306
	713 10.5868
	714 10.6586
	715 10.7458
	716 10.8479
	49 10.9645
LINE 48 56 132.602 12
	717 11.4489
	718 11.2345
	719 11.0599
	720 10.9272
	721 10.8378
	722 10.7928
	723 10.7928
	724 10.8378
	725 10.9272
	726 11.0599
	727 11.2345
	56 11.4489
LINE 49 50 193.574 18
	728 10.7612
	729 10.7587
	730 10.7565
	731 10.7546
	732 10.7531
	733 10.7518
	734 10.7509
	735 10.7503
	736 10.7499
	737 10.7499
	738 10.7503
	739 10.7509
	740 10.7518
	741 10.7531
	742 10.7546
	743 10.7565
	744 10.7587
	50 10.7612
LINE 50 58 146.267 14
	745 10.543
	746 10.4992
	747 10.4625
	748 10.4331
	749 10.4109
	750 10.3962
	751 10.3888
	752 10.3888
	753 10.3962
	754 10.4109
	755 10.4331
	756 10.4625
	757 10.4992
	58 10.543
LINE 52 53 150.06 14
	758 10.7763
	759 10.7497
	760 10.7275
	761 10.7097
	762 10.6964
	763 10.6875
	764 10.683
	765 10.683
	766 10.6875
	767 10.6964
	768 10.7097
	769 10.7275
	770 10.7497
	53 10.7763
LINE 54 55 164.723 15
	771 11.2485
	772 11.1353
	773 11.0386
	774 10.9588
	775 10.8964
	776 10.8516
	777 10.8246
	778 10.8156
	779 10.8246
	780 10.8516
	781 10.8964
	782 10.9588
	783 11.0386
	784 11.1353
	55 11.2485
LINE 57 58 181.618 17
	785 10.7245
	786 10.7091
	787 10.6957
	788 10.6844
	789 10.6752
	790 10.668
	791 10.6628
	792 10.6597
	793 10.6587
	794 10.6597
	795 10.6628
	796 10.668
	797 10.6752
	798 10.6844
	799 10.6957
	800 10.7091
	58 10.7245
LINE 59 60 219.239 18
	801 14.1586
	802 13.5087
	803 12.9132
	804 12.38
	805 11.9174
	806 11.534
	807 11.2379
	808 11.0361
	809 10.9337
	810 10.9337
	811 11.0361
	812 11.2379
	813 11.534
	814 11.9174
	815 12.38
	816 12.9132
	817 13.5087
	60 14.1586
COORDENADAS :
1	25.0139	664.794
2	97.7633	662.211
3	214.674	615.499
4	348.208	628.338
5	408.511	643.553
6	536.663	631.201
7	827.018	641.436
8	38.8037	559.423
9	152.388	543.322
10	244.837	539.19
11	320.632	512.487
12	446.026	538.447
13	557.729	516.588
14	607.599	541.918
15	743.269	540.511
16	818.964	534.2
17	0	451.44
18	137.216	443.014
19	242.752	455.905
20	304.811	439.91
21	455.114	463.397
22	537.402	450.526
23	597.398	446.332
24	762.73	421.639
25	834.217	420.996
26	106.548	307.186
27	255.206	359.173
28	346.475	310.429
29	417.257	305.142
30	499.735	344.456
31	651.773	337.744
32	825.751	328.216
33	915.285	332.177
34	129.457	210.273
35	216.986	251.248
36	316.345	257.456
37	461.508	260.722
38	545.125	220.592
39	660.453	208.494
40	698.975	254.535
41	831.094	242.262
42	961.301	204.646
43	55.6676	145.358
44	116.922	106.924
45	229.727	115.484
46	314.693	163.986
47	432.954	145.984
48	502.391	134.065
49	620.912	134.364
50	749.908	135.236
51	821.139	147.759
52	31.6236	42.0273
53	122.036	0
54	243.924	6.63106
55	337.988	60.015
56	528.778	51.9013
57	629.156	26.1953
58	749.348	38.2846
59	819.37	66.4879
60	938.532	11.9483
61	715.53	438.262
62	71.8029	190.217
63	589.305	633.156
64	732.071	405.684
65	798.052	485.752
66	635.938	94.404
67	22.0294	657.258
68	19.6025	649.796
69	17.7334	642.406
70	16.422	635.089
71	15.6682	627.846
72	15.4722	620.675
73	15.8338	613.577
74	16.7531	606.553
75	18.2301	599.601
76	20.2648	592.722
77	22.8572	585.916
78	26.0073	579.184
79	29.7151	572.524
80	33.9805	565.937
81	90.0202	658.617
82	82.8115	654.716
83	76.1371	650.509
84	69.9971	645.995
85	64.3915	641.175
86	59.3202	636.048
87	54.7833	630.615
88	50.7807	624.875
89	47.3125	618.828
90	44.3786	612.475
91	41.9791	605.816
92	40.114	598.85
93	38.7832	591.578
94	37.9868	583.999
95	37.7247	576.114
96	37.997	567.922
97	96.0473	653.423
98	94.8902	644.892
99	94.292	636.618
100	94.2527	628.601
101	94.7723	620.84
102	95.8509	613.337
103	97.4883	606.09
104	99.6847	599.1
105	102.44	592.366
106	105.754	585.89
107	109.627	579.67
108	114.059	573.707
109	119.05	568.001
110	124.6	562.551
111	130.709	557.359
112	137.376	552.423
113	144.603	547.744
114	212.851	606.757
115	211.94	598.376
116	211.943	590.356
117	212.859	582.697
118	214.687	575.399
119	217.429	568.462
120	221.085	561.886
121	225.653	555.671
122	231.134	549.816
123	237.529	544.323
124	355.805	626.474
125	363.178	625.499
126	370.327	625.412
127	377.251	626.214
128	383.952	627.904
129	390.428	630.484
130	396.68	633.951
131	402.707	638.308
132	542.221	624.817
133	547.214	618.329
134	551.641	611.738
135	555.502	605.042
136	558.798	598.243
137	561.529	591.339
138	563.694	584.332
139	565.293	577.221
140	566.327	570.006
141	566.795	562.686
142	566.698	555.263
143	566.035	547.736
144	564.807	540.105
145	563.013	532.37
146	560.654	524.531
147	820.476	637.396
148	814.156	633.173
149	808.059	628.765
150	802.183	624.172
151	796.53	619.395
152	791.1	614.434
153	785.891	609.288
154	780.905	603.958
155	776.141	598.443
156	771.6	592.744
157	767.28	586.86
158	763.183	580.792
159	759.309	574.54
160	755.656	568.103
161	752.226	561.481
162	749.018	554.675
163	746.032	547.685
164	159.252	537.462
165	166.157	532.527
166	173.103	528.514
167	180.091	525.426
168	187.12	523.261
169	194.19	522.019
170	201.301	521.701
171	208.454	522.307
172	215.648	523.837
173	222.883	526.29
174	230.16	529.666
175	237.478	533.966
176	148.875	536.525
177	145.735	529.671
178	142.968	522.761
179	140.576	515.794
180	138.558	508.77
181	136.913	501.69
182	135.643	494.554
183	134.746	487.36
184	134.223	480.111
185	134.074	472.805
186	134.299	465.442
187	134.897	458.023
188	135.87	450.547
189	326.293	507.12
190	332.066	502.06
191	337.951	497.306
192	343.948	492.859
193	350.057	488.719
194	356.277	484.885
195	362.61	481.357
196	369.054	478.136
197	375.61	475.222
198	382.278	472.614
199	389.058	470.313
200	395.95	468.318
201	402.954	466.63
202	410.07	465.249
203	417.298	464.174
204	424.637	463.405
205	432.089	462.943
206	439.652	462.788
207	447.327	462.939
208	448.324	530.674
209	450.949	523.242
210	453.9	516.149
211	457.179	509.396
212	460.784	502.982
213	464.716	496.908
214	468.975	491.175
215	473.561	485.78
216	478.474	480.726
217	483.714	476.011
218	489.281	471.636
219	495.175	467.601
220	501.395	463.906
221	507.943	460.55
222	514.817	457.535
223	522.019	454.858
224	529.547	452.522
225	614.721	540.106
226	621.846	538.487
227	628.972	537.061
228	636.101	535.828
229	643.231	534.788
230	650.364	533.941
231	657.498	533.288
232	664.635	532.828
233	671.773	532.56
234	678.914	532.486
235	686.056	532.605
236	693.201	532.917
237	700.347	533.423
238	707.496	534.121
239	714.646	535.013
240	721.799	536.098
241	728.953	537.375
242	736.11	538.846
243	750.037	538.583
244	756.828	536.926
245	763.642	535.54
246	770.478	534.425
247	777.337	533.581
248	784.218	533.007
249	791.122	532.704
250	798.049	532.672
251	804.998	532.91
252	811.97	533.42
253	823.181	527.564
254	826.962	520.87
255	830.309	514.117
256	833.22	507.306
257	835.696	500.436
258	837.737	493.507
259	839.343	486.52
260	840.514	479.474
261	841.25	472.369
262	841.551	465.206
263	841.416	457.984
264	840.847	450.704
265	839.842	443.365
266	838.402	435.967
267	836.527	428.511
268	7.2409	451.306
269	14.4797	451.137
270	21.7164	450.934
271	28.9509	450.696
272	36.1834	450.425
273	43.4137	450.119
274	50.642	449.778
275	57.8681	449.403
276	65.0921	448.994
277	72.3141	448.551
278	79.5339	448.073
279	86.7516	447.561
280	93.9672	447.015
281	101.181	446.434
282	108.392	445.819
283	115.601	445.169
284	122.808	444.485
285	130.013	443.767
286	132.345	436.601
287	127.836	430.106
288	123.689	423.529
289	119.904	416.87
290	116.48	410.13
291	113.419	403.308
292	110.719	396.404
293	108.381	389.419
294	106.405	382.352
295	104.791	375.203
296	103.538	367.972
297	102.648	360.66
298	102.12	353.266
299	101.953	345.79
300	102.148	338.233
301	102.705	330.594
302	103.624	322.873
303	104.905	315.071
304	248.647	450.246
305	254.792	445.557
306	261.187	441.839
307	267.832	439.091
308	274.728	437.314
309	281.873	436.507
310	289.269	436.671
311	296.915	437.805
312	312.136	439.953
313	319.445	440.103
314	326.737	440.36
315	334.012	440.726
316	341.27	441.199
317	348.511	441.779
318	355.736	442.467
319	362.944	443.263
320	370.135	444.166
321	377.309	445.177
322	384.466	446.295
323	391.606	447.521
324	398.73	448.855
325	405.837	450.296
326	412.927	451.845
327	420	453.501
328	427.057	455.265
329	434.096	457.136
330	441.119	459.116
331	448.125	461.202
332	454.359	455.083
333	453.329	446.963
334	452.026	439.038
335	450.448	431.307
336	448.597	423.77
337	446.473	416.429
338	444.074	409.281
339	441.401	402.328
340	438.455	395.57
341	435.235	389.006
342	431.741	382.636
343	427.974	376.461
344	423.932	370.481
345	419.617	364.695
346	415.028	359.103
347	410.165	353.706
348	405.028	348.503
349	399.617	343.495
350	393.933	338.681
351	387.975	334.062
352	381.743	329.637
353	375.237	325.406
354	368.457	321.37
355	361.404	317.529
356	354.076	313.882
357	596.169	437.735
358	594.555	429.507
359	592.557	421.648
360	590.174	414.158
361	587.406	407.036
362	584.254	400.283
363	580.717	393.898
364	576.795	387.883
365	572.489	382.236
366	567.798	376.958
367	562.723	372.048
368	557.263	367.508
369	551.418	363.336
370	545.189	359.532
371	538.575	356.098
372	531.576	353.032
373	524.193	350.335
374	516.425	348.007
375	508.272	346.047
376	769.886	422.332
377	777.04	422.857
378	784.192	423.213
379	791.343	423.402
380	798.493	423.422
381	805.64	423.273
382	812.787	422.956
383	819.932	422.471
384	827.075	421.817
385	833.046	413.906
386	831.962	406.809
387	830.965	399.703
388	830.054	392.59
389	829.229	385.469
390	828.491	378.34
391	827.84	371.203
392	827.275	364.059
393	826.797	356.906
394	826.406	349.745
395	826.101	342.577
396	825.883	335.4
397	254.823	351.718
398	254.172	344.357
399	253.254	337.091
400	252.068	329.919
401	250.616	322.842
402	248.895	315.86
403	246.908	308.973
404	244.652	302.18
405	242.13	295.482
406	239.34	288.879
407	236.283	282.37
408	232.958	275.956
409	229.366	269.637
410	225.507	263.413
411	221.38	257.283
412	338.466	310.828
413	330.619	310.872
414	322.933	310.564
415	315.409	309.902
416	308.046	308.886
417	300.845	307.517
418	293.805	305.795
419	286.927	303.719
420	280.21	301.29
421	273.655	298.508
422	267.261	295.372
423	261.029	291.883
424	254.958	288.041
425	249.049	283.845
426	243.301	279.295
427	237.715	274.392
428	232.29	269.136
429	227.027	263.527
430	221.926	257.564
431	420.518	298.557
432	424.193	292.384
433	428.282	286.624
434	432.785	281.276
435	437.701	276.34
436	443.032	271.817
437	448.777	267.706
438	454.936	264.008
439	659.35	333.582
440	666.269	329.046
441	672.53	324.138
442	678.134	318.856
443	683.08	313.202
444	687.369	307.174
445	691	300.774
446	693.973	294
447	696.289	286.853
448	697.947	279.333
449	698.947	271.44
450	699.29	263.174
451	832.522	331.141
452	839.313	333.63
453	846.123	335.682
454	852.952	337.297
455	859.801	338.475
456	866.669	339.216
457	873.556	339.521
458	880.463	339.389
459	887.388	338.82
460	894.334	337.814
461	901.298	336.372
462	908.282	334.493
463	916.282	324.951
464	917.437	317.781
465	918.751	310.669
466	920.223	303.614
467	921.853	296.617
468	923.641	289.676
469	925.588	282.792
470	927.693	275.966
471	929.957	269.197
472	932.379	262.485
473	934.959	255.83
474	937.698	249.232
475	940.595	242.691
476	943.65	236.207
477	946.863	229.781
478	950.235	223.412
479	953.765	217.099
480	957.454	210.844
481	131.663	203.015
482	133.434	195.808
483	134.77	188.655
484	135.672	181.554
485	136.14	174.506
486	136.173	167.511
487	135.772	160.568
488	134.936	153.678
489	133.666	146.841
490	131.961	140.056
491	129.822	133.324
492	127.249	126.645
493	124.241	120.019
494	120.798	113.445
495	214.455	243.802
496	212.28	236.389
497	210.461	229.01
498	208.997	221.664
499	207.889	214.352
500	207.137	207.073
501	206.74	199.827
502	206.699	192.615
503	207.014	185.436
504	207.685	178.291
505	208.711	171.179
506	210.093	164.1
507	211.831	157.055
508	213.924	150.043
509	216.373	143.064
510	219.178	136.119
511	222.339	129.207
512	225.855	122.329
513	323.592	258.106
514	330.84	258.706
515	338.09	259.254
516	345.341	259.751
517	352.592	260.196
518	359.845	260.59
519	367.099	260.933
520	374.355	261.225
521	381.611	261.465
522	388.869	261.654
523	396.128	261.792
524	403.387	261.878
525	410.648	261.913
526	417.911	261.897
527	425.174	261.829
528	432.439	261.711
529	439.704	261.54
530	446.971	261.319
531	454.239	261.046
532	465.546	252.646
533	469.982	245.401
534	474.818	238.988
535	480.053	233.406
536	485.687	228.656
537	491.72	224.738
538	498.152	221.651
539	504.983	219.396
540	512.213	217.972
541	519.842	217.379
542	527.871	217.619
543	536.298	218.689
544	552.364	220.136
545	559.6	219.64
546	566.831	219.105
547	574.058	218.529
548	581.281	217.913
549	588.499	217.257
550	595.713	216.561
551	602.923	215.825
552	610.129	215.049
553	617.331	214.232
554	624.528	213.376
555	631.722	212.48
556	638.911	211.543
557	646.096	210.567
558	653.276	209.55
559	705.53	249.602
560	712.13	245.146
561	718.774	241.166
562	725.462	237.662
563	732.194	234.634
564	738.971	232.083
565	745.792	230.008
566	752.657	228.409
567	759.566	227.287
568	766.52	226.641
569	773.518	226.471
570	780.56	226.778
571	787.646	227.561
572	794.777	228.82
573	801.952	230.556
574	809.171	232.768
575	816.434	235.457
576	823.742	238.621
577	705.877	249.647
578	712.301	244.553
579	718.245	239.255
580	723.71	233.753
581	728.696	228.045
582	733.203	222.134
583	737.23	216.017
584	740.779	209.697
585	743.848	203.171
586	746.438	196.441
587	748.549	189.507
588	750.181	182.367
589	751.333	175.024
590	752.007	167.475
591	752.201	159.722
592	751.916	151.765
593	751.151	143.603
594	701.655	246.882
595	704.574	239.503
596	707.732	232.397
597	711.13	225.565
598	714.767	219.006
599	718.643	212.722
600	722.758	206.711
601	727.113	200.973
602	731.706	195.51
603	736.539	190.32
604	741.612	185.404
605	746.923	180.761
606	752.474	176.393
607	758.264	172.298
608	764.293	168.476
609	770.561	164.929
610	777.069	161.655
611	783.816	158.655
612	790.802	155.928
613	798.027	153.475
614	805.492	151.296
615	813.196	149.391
616	839.37	245.209
617	847.488	247.609
618	855.448	249.461
619	863.25	250.766
620	870.894	251.524
621	878.38	251.734
622	885.707	251.396
623	892.877	250.511
624	899.888	249.079
625	906.741	247.099
626	913.436	244.572
627	919.972	241.497
628	926.351	237.875
629	932.571	233.706
630	938.633	228.989
631	944.538	223.724
632	950.284	217.912
633	955.871	211.553
634	58.9675	137.011
635	62.8954	129.666
636	67.4511	123.321
637	72.6347	117.976
638	78.4461	113.632
639	84.8855	110.289
640	91.9527	107.947
641	99.6478	106.605
642	107.971	106.264
643	55.9872	138.022
644	56.0321	130.75
645	55.8024	123.541
646	55.298	116.397
647	54.519	109.317
648	53.4654	102.3
649	52.1371	95.3475
650	50.5342	88.4588
651	48.6566	81.634
652	46.5044	74.8732
653	44.0775	68.1762
654	41.376	61.5431
655	38.3998	54.9739
656	35.149	48.4687
657	116.05	99.7375
658	115.351	92.5595
659	114.826	85.3898
660	114.474	78.2284
661	114.295	71.0753
662	114.289	63.9305
663	114.457	56.7939
664	114.798	49.6657
665	115.312	42.5457
666	115.999	35.4341
667	116.86	28.3307
668	117.894	21.2356
669	119.102	14.1488
670	120.482	7.07024
671	233.492	122.983
672	237.613	129.861
673	242.087	136.119
674	246.916	141.756
675	252.099	146.772
676	257.637	151.168
677	263.529	154.943
678	269.775	158.097
679	276.376	160.63
680	283.331	162.543
681	290.64	163.835
682	298.303	164.506
683	306.321	164.557
684	427.412	141.502
685	421.901	136.986
686	416.422	132.435
687	410.973	127.849
688	405.556	123.229
689	400.171	118.574
690	394.816	113.884
691	389.493	109.16
692	384.202	104.402
693	378.941	99.6082
694	373.713	94.7802
695	368.515	89.9176
696	363.349	85.0204
697	358.214	80.0885
698	353.11	75.1221
699	348.038	70.121
700	342.997	65.0853
701	509.357	136.279
702	516.324	138.219
703	523.292	139.884
704	530.26	141.274
705	537.229	142.39
706	544.199	143.231
707	551.169	143.798
708	558.14	144.09
709	565.112	144.107
710	572.085	143.85
711	579.058	143.319
712	586.032	142.513
713	593.007	141.432
714	599.982	140.077
715	606.958	138.447
716	613.935	136.543
717	502.155	126.436
718	502.361	118.95
719	503.011	111.605
720	504.103	104.403
721	505.638	97.3423
722	507.616	90.4242
723	510.036	83.6482
724	512.899	77.0145
725	516.205	70.5229
726	519.953	64.1735
727	524.144	57.9663
728	628.076	134.742
729	635.241	135.08
730	642.406	135.38
731	649.571	135.641
732	656.736	135.864
733	663.901	136.048
734	671.067	136.193
735	678.233	136.299
736	685.4	136.367
737	692.566	136.396
738	699.733	136.386
739	706.9	136.338
740	714.067	136.251
741	721.235	136.126
742	728.403	135.961
743	735.571	135.758
744	742.739	135.516
745	751.07	128.304
746	752.046	121.373
747	752.838	114.443
748	753.445	107.514
749	753.867	100.587
750	754.104	93.6598
751	754.156	86.7342
752	754.024	79.8096
753	753.707	72.8861
754	753.205	65.9636
755	752.518	59.0423
756	751.646	52.122
757	750.59	45.2027
758	38.4803	39.8831
759	45.2757	37.6069
760	52.0097	35.1988
761	58.6824	32.6586
762	65.2938	29.9866
763	71.8438	27.1826
764	78.3325	24.2466
765	84.7599	21.1787
766	91.1259	17.9788
767	97.4306	14.6469
768	103.674	11.1831
769	109.856	7.58737
770	115.977	3.85966
771	249.178	11.9819
772	254.577	17.0768
773	260.122	21.9157
774	265.812	26.4986
775	271.647	30.8255
776	277.627	34.8964
777	283.753	38.7113
778	290.023	42.2702
779	296.44	45.5732
780	303.001	48.6201
781	309.708	51.4111
782	316.56	53.946
783	323.557	56.225
784	330.7	58.248
785	636.305	26.1199
786	643.445	26.1428
787	650.574	26.264
788	657.694	26.4836
789	664.804	26.8014
790	671.903	27.2176
791	678.993	27.7321
792	686.073	28.3449
793	693.143	29.0561
794	700.204	29.8655
795	707.254	30.7733
796	714.294	31.7794
797	721.325	32.8838
798	728.346	34.0865
799	735.356	35.3875
800	742.357	36.7869
801	823.49	57.9955
802	827.904	50.1456
803	832.612	42.9384
804	837.615	36.3739
805	842.911	30.452
806	848.502	25.1728
807	854.387	20.5362
808	860.566	16.5422
809	867.039	13.1909
810	873.806	10.4823
811	880.867	8.41627
812	888.223	6.99291
813	895.872	6.21219
814	903.816	6.07412
815	912.054	6.57869
816	920.586	7.72592
817	929.412	9.51579
