NOMBRE : MTLARP5_5_6_1.dat
VERTICES ORIGINALES : 25
VERTICES TOTALES : 265
DEPOTS : 6
20
21
22
23
24
25
LINEAS ORIGINALES : 16
LINE 1 2 191.346 18
	26 11.7087
	27 11.3451
	28 11.0171
	29 10.7279
	30 10.4809
	31 10.279
	32 10.1249
	33 10.0209
	34 9.96849
	35 9.96849
	36 10.0209
	37 10.1249
	38 10.279
	39 10.4809
	40 10.7279
	41 11.0171
	42 11.3451
	2 11.7087
LINE 1 5 132.089 13
	43 10.2126
	44 10.1867
	45 10.1655
	46 10.1489
	47 10.1371
	48 10.13
	49 10.1276
	50 10.13
	51 10.1371
	52 10.1489
	53 10.1655
	54 10.1867
	5 10.2126
LINE 2 3 136.411 13
	55 11.2253
	56 10.8694
	57 10.5693
	58 10.3299
	59 10.1554
	60 10.0492
	61 10.0136
	62 10.0492
	63 10.1554
	64 10.3299
	65 10.5693
	66 10.8694
	3 11.2253
LINE 4 6 97.4617 10
	67 9.75035
	68 9.74756
	69 9.74547
	70 9.74408
	71 9.74338
	72 9.74338
	73 9.74408
	74 9.74547
	75 9.74756
	6 9.75035
LINE 5 8 196.059 20
	76 9.80308
	77 9.80304
	78 9.803
	79 9.80297
	80 9.80294
	81 9.80292
	82 9.8029
	83 9.80289
	84 9.80288
	85 9.80288
	86 9.80288
	87 9.80288
	88 9.80289
	89 9.8029
	90 9.80292
	91 9.80294
	92 9.80297
	93 9.803
	94 9.80304
	8 9.80308
LINE 7 12 161.053 16
	95 10.1325
	96 10.1059
	97 10.083
	98 10.0639
	99 10.0487
	100 10.0372
	101 10.0295
	102 10.0257
	103 10.0257
	104 10.0295
	105 10.0372
	106 10.0487
	107 10.0639
	108 10.083
	109 10.1059
	12 10.1325
LINE 8 12 104.857 11
	110 9.56276
	111 9.54461
	112 9.53046
	113 9.52034
	114 9.51427
	115 9.51224
	116 9.51427
	117 9.52034
	118 9.53046
	119 9.54461
	12 9.56276
LINE 9 10 165.416 16
	120 10.799
	121 10.6184
	122 10.4611
	123 10.3282
	124 10.2206
	125 10.1392
	126 10.0846
	127 10.0571
	128 10.0571
	129 10.0846
	130 10.1392
	131 10.2206
	132 10.3282
	133 10.4611
	134 10.6184
	10 10.799
LINE 11 12 94.6955 10
	135 9.47333
	136 9.47081
	137 9.46892
	138 9.46766
	139 9.46703
	140 9.46703
	141 9.46766
	142 9.46892
	143 9.47081
	12 9.47333
LINE 11 16 112.471 11
	144 10.3588
	145 10.2787
	146 10.2159
	147 10.1708
	148 10.1437
	149 10.1346
	150 10.1437
	151 10.1708
	152 10.2159
	153 10.2787
	16 10.3588
LINE 12 13 213.278 20
	154 12.2024
	155 11.7475
	156 11.3278
	157 10.9473
	158 10.6104
	159 10.3212
	160 10.0839
	161 9.90223
	162 9.77922
	163 9.71712
	164 9.71712
	165 9.77922
	166 9.90223
	167 10.0839
	168 10.3212
	169 10.6104
	170 10.9473
	171 11.3278
	172 11.7475
	13 12.2024
LINE 12 17 280.731 28
	173 10.2237
	174 10.1803
	175 10.14
	176 10.1029
	177 10.069
	178 10.0385
	179 10.0113
	180 9.98739
	181 9.96687
	182 9.94974
	183 9.93601
	184 9.9257
	185 9.91883
	186 9.91539
	187 9.91539
	188 9.91883
	189 9.9257
	190 9.93601
	191 9.94974
	192 9.96687
	193 9.98739
	194 10.0113
	195 10.0385
	196 10.069
	197 10.1029
	198 10.14
	199 10.1803
	17 10.2237
LINE 13 17 134.631 13
	200 11.2889
	201 10.8392
	202 10.4569
	203 10.1496
	204 9.92422
	205 9.78653
	206 9.74021
	207 9.78653
	208 9.92422
	209 10.1496
	210 10.4569
	211 10.8392
	17 11.2889
LINE 14 15 112.642 10
	212 12.5768
	213 11.7367
	214 11.0648
	215 10.5933
	216 10.3495
	217 10.3495
	218 10.5933
	219 11.0648
	220 11.7367
	15 12.5768
LINE 15 18 273.433 27
	221 10.3057
	222 10.2649
	223 10.2271
	224 10.1926
	225 10.1612
	226 10.1331
	227 10.1082
	228 10.0866
	229 10.0682
	230 10.0532
	231 10.0415
	232 10.0331
	233 10.0281
	234 10.0264
	235 10.0281
	236 10.0331
	237 10.0415
	238 10.0532
	239 10.0682
	240 10.0866
	241 10.1082
	242 10.1331
	243 10.1612
	244 10.1926
	245 10.2271
	246 10.2649
	18 10.3057
LINE 15 19 198.973 20
	247 10.0603
	248 10.0252
	249 9.99392
	250 9.96648
	251 9.9429
	252 9.92321
	253 9.90743
	254 9.89557
	255 9.88766
	256 9.8837
	257 9.8837
	258 9.88766
	259 9.89557
	260 9.90743
	261 9.92321
	262 9.9429
	263 9.96648
	264 9.99392
	265 10.0252
	19 10.0603
COORDENADAS :
1	85.2124	409.449
2	203.328	427.866
3	283.324	461.515
4	403.377	402.653
5	93.2	322.04
6	402.717	337.701
7	91.335	220.367
8	161.876	210.831
9	281.027	251.275
10	387.464	264.373
11	103.875	119.263
12	163.095	141.085
13	285.699	99.5215
14	400.25	130.41
15	461.591	161.545
16	61.1769	58.432
17	299.769	16.2871
18	381.126	0
19	518.93	42.8968
20	409.757	188.511
21	214.316	166.018
22	355.861	313.713
23	405.988	228.902
24	236.717	475.156
25	0	527.388
26	91.1425	414.525
27	97.1469	419.124
28	103.226	423.246
29	109.379	426.892
30	115.606	430.06
31	121.908	432.752
32	128.284	434.967
33	134.735	436.706
34	141.259	437.967
35	147.859	438.752
36	154.532	439.06
37	161.28	438.891
38	168.102	438.246
39	174.999	437.123
40	181.97	435.524
41	189.015	433.448
42	196.134	430.895
43	86.6994	402.805
44	88.041	396.148
45	89.2371	389.477
46	90.2878	382.793
47	91.1931	376.096
48	91.953	369.385
49	92.5674	362.662
50	93.0364	355.925
51	93.36	349.174
52	93.5382	342.411
53	93.5709	335.634
54	93.4582	328.844
55	210.793	427.337
56	218.039	427.327
57	225.067	427.837
58	231.876	428.867
59	238.467	430.416
60	244.839	432.485
61	250.992	435.073
62	256.927	438.181
63	262.644	441.809
64	268.142	445.956
65	273.421	450.623
66	278.482	455.809
67	403.559	396.156
68	403.685	389.658
69	403.756	383.162
70	403.773	376.666
71	403.734	370.17
72	403.641	363.675
73	403.492	357.181
74	403.289	350.687
75	403.031	344.194
76	96.6697	316.502
77	100.136	310.961
78	103.598	305.418
79	107.056	299.873
80	110.51	294.325
81	113.961	288.775
82	117.408	283.223
83	120.851	277.668
84	124.291	272.111
85	127.727	266.552
86	131.158	260.991
87	134.587	255.427
88	138.011	249.86
89	141.431	244.292
90	144.848	238.721
91	148.261	233.147
92	151.67	227.572
93	155.076	221.994
94	158.478	216.414
95	95.0933	214.755
96	98.9485	209.229
97	102.901	203.792
98	106.949	198.442
99	111.095	193.18
100	115.338	188.005
101	119.678	182.919
102	124.114	177.92
103	128.648	173.008
104	133.278	168.185
105	138.005	163.449
106	142.83	158.801
107	147.751	154.24
108	152.769	149.768
109	157.884	145.383
110	162.641	204.502
111	163.275	198.171
112	163.779	191.837
113	164.151	185.501
114	164.393	179.163
115	164.504	172.822
116	164.484	166.479
117	164.333	160.134
118	164.051	153.787
119	163.639	147.437
120	287.359	254.702
121	293.733	257.782
122	300.15	260.513
123	306.609	262.897
124	313.112	264.933
125	319.657	266.621
126	326.245	267.961
127	332.876	268.954
128	339.55	269.598
129	346.266	269.895
130	353.026	269.844
131	359.828	269.446
132	366.673	268.699
133	373.56	267.605
134	380.491	266.163
135	109.877	121.228
136	115.862	123.241
137	121.828	125.302
138	127.777	127.412
139	133.708	129.57
140	139.621	131.776
141	145.516	134.031
142	151.394	136.334
143	157.253	138.685
144	101.163	112.912
145	98.2173	106.725
146	95.0374	100.702
147	91.6237	94.8437
148	87.9759	89.1494
149	84.0943	83.6193
150	79.9787	78.2534
151	75.6292	73.0518
152	71.0457	68.0143
153	66.2283	63.141
154	167.644	134.341
155	172.358	128.087
156	177.24	122.325
157	182.287	117.054
158	187.502	112.274
159	192.883	107.985
160	198.43	104.188
161	204.144	100.882
162	210.024	98.0668
163	216.071	95.743
164	222.285	93.9105
165	228.665	92.5691
166	235.211	91.7189
167	241.924	91.3599
168	248.804	91.4922
169	255.85	92.1156
170	263.063	93.2303
171	270.442	94.8361
172	277.987	96.9332
173	169.098	137.856
174	175.017	134.535
175	180.853	131.124
176	186.606	127.622
177	192.276	124.029
178	197.863	120.345
179	203.367	116.57
180	208.788	112.704
181	214.126	108.747
182	219.381	104.699
183	224.553	100.56
184	229.641	96.3304
185	234.647	92.0097
186	239.57	87.5981
187	244.409	83.0955
188	249.166	78.5021
189	253.84	73.8176
190	258.43	69.0423
191	262.938	64.176
192	267.362	59.2188
193	271.704	54.1706
194	275.962	49.0315
195	280.138	43.8014
196	284.23	38.4804
197	288.239	33.0685
198	292.166	27.5657
199	296.009	21.9719
200	283.03	92.4847
201	280.987	85.5537
202	279.568	78.7283
203	278.775	72.0086
204	278.607	65.3946
205	279.064	58.8862
206	280.146	52.4836
207	281.853	46.1866
208	284.186	39.9954
209	287.144	33.9098
210	290.727	27.9299
211	294.936	22.0557
212	404.214	137.798
213	408.661	144.236
214	413.59	149.724
215	419.001	154.263
216	424.894	157.851
217	431.269	160.49
218	438.127	162.178
219	445.466	162.917
220	453.288	162.706
221	460.033	154.853
222	458.366	148.216
223	456.589	141.634
224	454.702	135.106
225	452.706	128.632
226	450.601	122.213
227	448.387	115.849
228	446.063	109.539
229	443.63	103.283
230	441.087	97.0821
231	438.435	90.9355
232	435.673	84.8434
233	432.803	78.8058
234	429.822	72.8227
235	426.733	66.894
236	423.534	61.0198
237	420.225	55.2002
238	416.808	49.435
239	413.281	43.7243
240	409.644	38.068
241	405.898	32.4663
242	402.043	26.919
243	398.078	21.4263
244	394.004	15.988
245	389.821	10.6042
246	385.528	5.27484
247	463.33	155.067
248	465.188	148.647
249	467.165	142.284
250	469.26	135.979
251	471.474	129.731
252	473.806	123.54
253	476.258	117.407
254	478.828	111.331
255	481.517	105.313
256	484.324	99.3519
257	487.25	93.4482
258	490.295	87.6018
259	493.459	81.8129
260	496.742	76.0813
261	500.143	70.4071
262	503.663	64.7903
263	507.301	59.2309
264	511.059	53.7288
265	514.935	48.2841
