NOMBRE : MTLARP8_10_5_2.dat
VERTICES ORIGINALES : 75
VERTICES TOTALES : 1257
DEPOTS : 5
71
72
73
74
75
LINEAS ORIGINALES : 79
LINE 1 10 134.919 13
	76 10.5996
	77 10.4899
	78 10.3993
	79 10.3283
	80 10.2773
	81 10.2466
	82 10.2363
	83 10.2466
	84 10.2773
	85 10.3283
	86 10.3993
	87 10.4899
	10 10.5996
LINE 1 11 219.027 21
	88 10.5277
	89 10.4985
	90 10.4723
	91 10.4491
	92 10.4289
	93 10.4119
	94 10.3979
	95 10.387
	96 10.3792
	97 10.3745
	98 10.373
	99 10.3745
	100 10.3792
	101 10.387
	102 10.3979
	103 10.4119
	104 10.4289
	105 10.4491
	106 10.4723
	107 10.4985
	11 10.5277
LINE 2 3 171.688 16
	108 10.7314
	109 10.731
	110 10.7307
	111 10.7304
	112 10.7302
	113 10.7301
	114 10.73
	115 10.7299
	116 10.7299
	117 10.73
	118 10.7301
	119 10.7302
	120 10.7304
	121 10.7307
	122 10.731
	3 10.7314
LINE 4 5 69.9722 7
	123 10.1627
	124 9.99669
	125 9.89577
	126 9.8619
	127 9.89577
	128 9.99669
	5 10.1627
LINE 4 13 194.985 19
	129 10.2681
	130 10.2662
	131 10.2645
	132 10.263
	133 10.2618
	134 10.2608
	135 10.26
	136 10.2595
	137 10.2591
	138 10.259
	139 10.2591
	140 10.2595
	141 10.26
	142 10.2608
	143 10.2618
	144 10.263
	145 10.2645
	146 10.2662
	13 10.2681
LINE 5 14 130.579 12
	147 11.4397
	148 11.1413
	149 10.8967
	150 10.7097
	151 10.5831
	152 10.5192
	153 10.5192
	154 10.5831
	155 10.7097
	156 10.8967
	157 11.1413
	14 11.4397
LINE 5 15 274.102 25
	158 11.4687
	159 11.3454
	160 11.2316
	161 11.1276
	162 11.0338
	163 10.9503
	164 10.8775
	165 10.8155
	166 10.7644
	167 10.7246
	168 10.696
	169 10.6789
	170 10.6731
	171 10.6789
	172 10.696
	173 10.7246
	174 10.7644
	175 10.8155
	176 10.8775
	177 10.9503
	178 11.0338
	179 11.1276
	180 11.2316
	181 11.3454
	15 11.4687
LINE 6 15 223.629 21
	182 11.2658
	183 11.0858
	184 10.9222
	185 10.7757
	186 10.6472
	187 10.5372
	188 10.4464
	189 10.3752
	190 10.324
	191 10.2932
	192 10.2829
	193 10.2932
	194 10.324
	195 10.3752
	196 10.4464
	197 10.5372
	198 10.6472
	199 10.7757
	200 10.9222
	201 11.0858
	15 11.2658
LINE 7 8 91.622 9
	202 10.4249
	203 10.2428
	204 10.1107
	205 10.0306
	206 10.0038
	207 10.0306
	208 10.1107
	209 10.2428
	8 10.4249
LINE 7 17 233.265 22
	210 10.6387
	211 10.6285
	212 10.6193
	213 10.6111
	214 10.604
	215 10.5978
	216 10.5927
	217 10.5886
	218 10.5856
	219 10.5835
	220 10.5825
	221 10.5825
	222 10.5835
	223 10.5856
	224 10.5886
	225 10.5927
	226 10.5978
	227 10.604
	228 10.6111
	229 10.6193
	230 10.6285
	17 10.6387
LINE 8 9 196.606 18
	231 11.7603
	232 11.4747
	233 11.2189
	234 10.9949
	235 10.8046
	236 10.65
	237 10.5325
	238 10.4535
	239 10.4137
	240 10.4137
	241 10.4535
	242 10.5325
	243 10.65
	244 10.8046
	245 10.9949
	246 11.2189
	247 11.4747
	9 11.7603
LINE 9 18 200.94 19
	248 10.9446
	249 10.8237
	250 10.7158
	251 10.6214
	252 10.5409
	253 10.4746
	254 10.4227
	255 10.3854
	256 10.363
	257 10.3556
	258 10.363
	259 10.3854
	260 10.4227
	261 10.4746
	262 10.5409
	263 10.6214
	264 10.7158
	265 10.8237
	18 10.9446
LINE 10 19 146.705 14
	266 10.5157
	267 10.4988
	268 10.4846
	269 10.4732
	270 10.4647
	271 10.459
	272 10.4562
	273 10.4562
	274 10.459
	275 10.4647
	276 10.4732
	277 10.4846
	278 10.4988
	19 10.5157
LINE 11 12 160.102 15
	279 10.7374
	280 10.7101
	281 10.6869
	282 10.6679
	283 10.6531
	284 10.6425
	285 10.6361
	286 10.634
	287 10.6361
	288 10.6425
	289 10.6531
	290 10.6679
	291 10.6869
	292 10.7101
	12 10.7374
LINE 12 22 117.489 11
	293 10.8166
	294 10.7355
	295 10.672
	296 10.6264
	297 10.5989
	298 10.5898
	299 10.5989
	300 10.6264
	301 10.672
	302 10.7355
	22 10.8166
LINE 13 14 166.334 15
	303 11.7868
	304 11.4957
	305 11.2435
	306 11.0328
	307 10.8662
	308 10.7455
	309 10.6725
	310 10.6481
	311 10.6725
	312 10.7455
	313 10.8662
	314 11.0328
	315 11.2435
	316 11.4957
	14 11.7868
LINE 13 22 74.1258 7
	317 10.7156
	318 10.5898
	319 10.5136
	320 10.488
	321 10.5136
	322 10.5898
	22 10.7156
LINE 13 23 232.705 22
	323 10.6469
	324 10.6271
	325 10.6093
	326 10.5934
	327 10.5795
	328 10.5676
	329 10.5576
	330 10.5497
	331 10.5437
	332 10.5397
	333 10.5377
	334 10.5377
	335 10.5397
	336 10.5437
	337 10.5497
	338 10.5576
	339 10.5676
	340 10.5795
	341 10.5934
	342 10.6093
	343 10.6271
	23 10.6469
LINE 14 15 175.618 16
	344 11.3429
	345 11.1983
	346 11.0729
	347 10.9673
	348 10.8821
	349 10.8178
	350 10.7747
	351 10.753
	352 10.753
	353 10.7747
	354 10.8178
	355 10.8821
	356 10.9673
	357 11.0729
	358 11.1983
	15 11.3429
LINE 14 23 239.137 22
	359 11.3584
	360 11.2218
	361 11.0974
	362 10.9857
	363 10.887
	364 10.8017
	365 10.73
	366 10.6724
	367 10.629
	368 10.5999
	369 10.5853
	370 10.5853
	371 10.5999
	372 10.629
	373 10.6724
	374 10.73
	375 10.8017
	376 10.887
	377 10.9857
	378 11.0974
	379 11.2218
	23 11.3584
LINE 15 23 210.897 20
	380 10.9621
	381 10.8328
	382 10.7165
	383 10.6137
	384 10.5248
	385 10.4502
	386 10.3901
	387 10.3448
	388 10.3145
	389 10.2993
	390 10.2993
	391 10.3145
	392 10.3448
	393 10.3901
	394 10.4502
	395 10.5248
	396 10.6137
	397 10.7165
	398 10.8328
	23 10.9621
LINE 15 24 115.548 11
	399 10.8353
	400 10.639
	401 10.4838
	402 10.3716
	403 10.3036
	404 10.2808
	405 10.3036
	406 10.3716
	407 10.4838
	408 10.639
	24 10.8353
LINE 16 17 245.693 23
	409 11.1527
	410 11.0271
	411 10.9123
	412 10.8085
	413 10.716
	414 10.6353
	415 10.5665
	416 10.5098
	417 10.4656
	418 10.4339
	419 10.4148
	420 10.4084
	421 10.4148
	422 10.4339
	423 10.4656
	424 10.5098
	425 10.5665
	426 10.6353
	427 10.716
	428 10.8085
	429 10.9123
	430 11.0271
	17 11.1527
LINE 17 26 129.461 12
	431 10.9384
	432 10.8571
	433 10.7915
	434 10.7421
	435 10.709
	436 10.6924
	437 10.6924
	438 10.709
	439 10.7421
	440 10.7915
	441 10.8571
	26 10.9384
LINE 19 20 120.152 11
	442 11.2959
	443 11.0749
	444 10.9
	445 10.7733
	446 10.6965
	447 10.6708
	448 10.6965
	449 10.7733
	450 10.9
	451 11.0749
	20 11.2959
LINE 20 21 143.366 13
	452 11.3654
	453 11.1989
	454 11.0607
	455 10.9521
	456 10.8738
	457 10.8265
	458 10.8108
	459 10.8265
	460 10.8738
	461 10.9521
	462 11.0607
	463 11.1989
	21 11.3654
LINE 23 24 194.908 18
	464 11.4371
	465 11.2276
	466 11.0411
	467 10.8787
	468 10.7415
	469 10.6304
	470 10.5463
	471 10.4899
	472 10.4616
	473 10.4616
	474 10.4899
	475 10.5463
	476 10.6304
	477 10.7415
	478 10.8787
	479 11.0411
	480 11.2276
	24 11.4371
LINE 23 31 215.541 20
	481 10.7911
	482 10.7867
	483 10.7827
	484 10.7793
	485 10.7763
	486 10.7738
	487 10.7719
	488 10.7704
	489 10.7694
	490 10.7689
	491 10.7689
	492 10.7694
	493 10.7704
	494 10.7719
	495 10.7738
	496 10.7763
	497 10.7793
	498 10.7827
	499 10.7867
	31 10.7911
LINE 23 32 83.775 8
	500 10.7584
	501 10.5147
	502 10.3491
	503 10.2653
	504 10.2653
	505 10.3491
	506 10.5147
	32 10.7584
LINE 24 33 176.961 17
	507 10.4096
	508 10.4095
	509 10.4095
	510 10.4095
	511 10.4095
	512 10.4094
	513 10.4094
	514 10.4094
	515 10.4094
	516 10.4094
	517 10.4094
	518 10.4094
	519 10.4095
	520 10.4095
	521 10.4095
	522 10.4095
	33 10.4096
LINE 25 26 138.129 13
	523 10.8986
	524 10.7633
	525 10.6514
	526 10.5636
	527 10.5004
	528 10.4623
	529 10.4495
	530 10.4623
	531 10.5004
	532 10.5636
	533 10.6514
	534 10.7633
	26 10.8986
LINE 25 33 196.349 18
	535 11.5716
	536 11.3439
	537 11.1408
	538 10.9637
	539 10.814
	540 10.6926
	541 10.6007
	542 10.539
	543 10.508
	544 10.508
	545 10.539
	546 10.6007
	547 10.6926
	548 10.814
	549 10.9637
	550 11.1408
	551 11.3439
	33 11.5716
LINE 25 34 229.011 21
	552 11.6252
	553 11.4158
	554 11.2252
	555 11.0543
	556 10.904
	557 10.7752
	558 10.6687
	559 10.5851
	560 10.5249
	561 10.4887
	562 10.4766
	563 10.4887
	564 10.5249
	565 10.5851
	566 10.6687
	567 10.7752
	568 10.904
	569 11.0543
	570 11.2252
	571 11.4158
	34 11.6252
LINE 26 27 207.142 19
	572 11.7382
	573 11.4692
	574 11.2265
	575 11.0118
	576 10.8268
	577 10.6731
	578 10.552
	579 10.4646
	580 10.4119
	581 10.3942
	582 10.4119
	583 10.4646
	584 10.552
	585 10.6731
	586 10.8268
	587 11.0118
	588 11.2265
	589 11.4692
	27 11.7382
LINE 27 28 84.1982 8
	590 10.582
	591 10.533
	592 10.5002
	593 10.4838
	594 10.4838
	595 10.5002
	596 10.533
	28 10.582
LINE 29 35 166.118 16
	597 10.6513
	598 10.545
	599 10.453
	600 10.3757
	601 10.3134
	602 10.2664
	603 10.235
	604 10.2193
	605 10.2193
	606 10.235
	607 10.2664
	608 10.3134
	609 10.3757
	610 10.453
	611 10.545
	35 10.6513
LINE 30 37 155.403 14
	612 11.7736
	613 11.4706
	614 11.2118
	615 11.0004
	616 10.8392
	617 10.7303
	618 10.6755
	619 10.6755
	620 10.7303
	621 10.8392
	622 11.0004
	623 11.2118
	624 11.4706
	37 11.7736
LINE 31 38 112.631 10
	625 11.6172
	626 11.3837
	627 11.2054
	628 11.0849
	629 11.0242
	630 11.0242
	631 11.0849
	632 11.2054
	633 11.3837
	38 11.6172
LINE 32 33 164.907 15
	634 11.762
	635 11.4425
	636 11.165
	637 10.9327
	638 10.7486
	639 10.6151
	640 10.5342
	641 10.5071
	642 10.5342
	643 10.6151
	644 10.7486
	645 10.9327
	646 11.165
	647 11.4425
	33 11.762
LINE 32 38 196.625 18
	648 11.2765
	649 11.1538
	650 11.0453
	651 10.9515
	652 10.8726
	653 10.8092
	654 10.7613
	655 10.7293
	656 10.7132
	657 10.7132
	658 10.7293
	659 10.7613
	660 10.8092
	661 10.8726
	662 10.9515
	663 11.0453
	664 11.1538
	38 11.2765
LINE 32 39 144.274 13
	665 11.9516
	666 11.5379
	667 11.188
	668 10.908
	669 10.7036
	670 10.5791
	671 10.5372
	672 10.5791
	673 10.7036
	674 10.908
	675 11.188
	676 11.5379
	39 11.9516
LINE 33 39 157.604 15
	677 10.519
	678 10.5138
	679 10.5095
	680 10.5059
	681 10.5031
	682 10.5011
	683 10.4999
	684 10.4995
	685 10.4999
	686 10.5011
	687 10.5031
	688 10.5059
	689 10.5095
	690 10.5138
	39 10.519
LINE 33 40 180.314 17
	691 11.2238
	692 10.9983
	693 10.7991
	694 10.6277
	695 10.4853
	696 10.3732
	697 10.2924
	698 10.2436
	699 10.2273
	700 10.2436
	701 10.2924
	702 10.3732
	703 10.4853
	704 10.6277
	705 10.7991
	706 10.9983
	40 11.2238
LINE 33 41 245.276 23
	707 10.8402
	708 10.7926
	709 10.7493
	710 10.7104
	711 10.676
	712 10.6461
	713 10.6207
	714 10.5999
	715 10.5837
	716 10.5721
	717 10.5652
	718 10.5629
	719 10.5652
	720 10.5721
	721 10.5837
	722 10.5999
	723 10.6207
	724 10.6461
	725 10.676
	726 10.7104
	727 10.7493
	728 10.7926
	41 10.8402
LINE 35 36 69.9467 7
	729 9.99335
	730 9.99238
	731 9.9918
	732 9.99161
	733 9.9918
	734 9.99238
	36 9.99335
LINE 38 39 138.44 13
	735 10.7546
	736 10.7021
	737 10.659
	738 10.6253
	739 10.6012
	740 10.5867
	741 10.5819
	742 10.5867
	743 10.6012
	744 10.6253
	745 10.659
	746 10.7021
	39 10.7546
LINE 38 46 174.817 16
	747 11.2816
	748 11.1414
	749 11.0199
	750 10.9175
	751 10.8349
	752 10.7726
	753 10.7308
	754 10.7099
	755 10.7099
	756 10.7308
	757 10.7726
	758 10.8349
	759 10.9175
	760 11.0199
	761 11.1414
	46 11.2816
LINE 39 40 174.807 16
	762 11.2629
	763 11.1297
	764 11.0143
	765 10.9172
	766 10.8389
	767 10.7798
	768 10.7402
	769 10.7203
	770 10.7203
	771 10.7402
	772 10.7798
	773 10.8389
	774 10.9172
	775 11.0143
	776 11.1297
	40 11.2629
LINE 39 46 264.261 24
	777 11.8869
	778 11.667
	779 11.4634
	780 11.2771
	781 11.1088
	782 10.9594
	783 10.8298
	784 10.7205
	785 10.6323
	786 10.5657
	787 10.521
	788 10.4986
	789 10.4986
	790 10.521
	791 10.5657
	792 10.6323
	793 10.7205
	794 10.8298
	795 10.9594
	796 11.1088
	797 11.2771
	798 11.4634
	799 11.667
	46 11.8869
LINE 39 47 180.852 16
	800 12.1782
	801 11.8399
	802 11.542
	803 11.2878
	804 11.0802
	805 10.9219
	806 10.8151
	807 10.7613
	808 10.7613
	809 10.8151
	810 10.9219
	811 11.0802
	812 11.2878
	813 11.542
	814 11.8399
	47 12.1782
LINE 40 47 173.628 16
	815 11.0178
	816 10.9518
	817 10.895
	818 10.8473
	819 10.8091
	820 10.7803
	821 10.7611
	822 10.7514
	823 10.7514
	824 10.7611
	825 10.7803
	826 10.8091
	827 10.8473
	828 10.895
	829 10.9518
	47 11.0178
LINE 40 49 167.197 16
	830 10.4676
	831 10.4605
	832 10.4544
	833 10.4493
	834 10.4452
	835 10.4422
	836 10.4402
	837 10.4391
	838 10.4391
	839 10.4402
	840 10.4422
	841 10.4452
	842 10.4493
	843 10.4544
	844 10.4605
	49 10.4676
LINE 42 43 120.203 11
	845 11.0118
	846 10.9614
	847 10.922
	848 10.8938
	849 10.8769
	850 10.8712
	851 10.8769
	852 10.8938
	853 10.922
	854 10.9614
	43 11.0118
LINE 44 51 248.083 24
	855 10.3392
	856 10.3385
	857 10.338
	858 10.3375
	859 10.337
	860 10.3366
	861 10.3363
	862 10.336
	863 10.3358
	864 10.3356
	865 10.3355
	866 10.3354
	867 10.3354
	868 10.3355
	869 10.3356
	870 10.3358
	871 10.336
	872 10.3363
	873 10.3366
	874 10.337
	875 10.3375
	876 10.338
	877 10.3385
	51 10.3392
LINE 45 46 155.662 14
	878 11.8651
	879 11.5301
	880 11.2434
	881 11.0086
	882 10.8292
	883 10.7079
	884 10.6468
	885 10.6468
	886 10.7079
	887 10.8292
	888 11.0086
	889 11.2434
	890 11.5301
	46 11.8651
LINE 45 54 220.695 20
	891 11.6306
	892 11.4472
	893 11.2816
	894 11.1347
	895 11.0072
	896 10.8998
	897 10.8131
	898 10.7477
	899 10.7038
	900 10.6818
	901 10.6818
	902 10.7038
	903 10.7477
	904 10.8131
	905 10.8998
	906 11.0072
	907 11.1347
	908 11.2816
	909 11.4472
	54 11.6306
LINE 46 47 178.898 16
	910 11.9382
	911 11.6442
	912 11.3862
	913 11.1667
	914 10.9879
	915 10.8518
	916 10.7602
	917 10.714
	918 10.714
	919 10.7602
	920 10.8518
	921 10.9879
	922 11.1667
	923 11.3862
	924 11.6442
	47 11.9382
LINE 47 55 204.417 19
	925 10.8297
	926 10.8061
	927 10.7853
	928 10.7672
	929 10.7519
	930 10.7394
	931 10.7296
	932 10.7226
	933 10.7184
	934 10.717
	935 10.7184
	936 10.7226
	937 10.7296
	938 10.7394
	939 10.7519
	940 10.7672
	941 10.7853
	942 10.8061
	55 10.8297
LINE 48 57 180.469 16
	943 12.1451
	944 11.8102
	945 11.5154
	946 11.2639
	947 11.0585
	948 10.9019
	949 10.7963
	950 10.7431
	951 10.7431
	952 10.7963
	953 10.9019
	954 11.0585
	955 11.2639
	956 11.5154
	957 11.8102
	57 12.1451
LINE 49 58 191.745 18
	958 10.9511
	959 10.8471
	960 10.7552
	961 10.6759
	962 10.6093
	963 10.5557
	964 10.5154
	965 10.4884
	966 10.4748
	967 10.4748
	968 10.4884
	969 10.5154
	970 10.5557
	971 10.6093
	972 10.6759
	973 10.7552
	974 10.8471
	58 10.9511
LINE 50 51 150.34 14
	975 11.0015
	976 10.8814
	977 10.7803
	978 10.6987
	979 10.6371
	980 10.5959
	981 10.5752
	982 10.5752
	983 10.5959
	984 10.6371
	985 10.6987
	986 10.7803
	987 10.8814
	51 11.0015
LINE 51 60 198.959 19
	988 10.8294
	989 10.712
	990 10.6073
	991 10.5157
	992 10.4376
	993 10.3733
	994 10.323
	995 10.2869
	996 10.2652
	997 10.2579
	998 10.2652
	999 10.2869
	1000 10.323
	1001 10.3733
	1002 10.4376
	1003 10.5157
	1004 10.6073
	1005 10.712
	60 10.8294
LINE 52 53 221.07 20
	1006 11.5853
	1007 11.4211
	1008 11.2732
	1009 11.1421
	1010 11.0285
	1011 10.933
	1012 10.8559
	1013 10.7978
	1014 10.7589
	1015 10.7393
	1016 10.7393
	1017 10.7589
	1018 10.7978
	1019 10.8559
	1020 10.933
	1021 11.0285
	1022 11.1421
	1023 11.2732
	1024 11.4211
	53 11.5853
LINE 53 63 156.051 14
	1025 11.7921
	1026 11.5013
	1027 11.2532
	1028 11.0507
	1029 10.8964
	1030 10.7922
	1031 10.7398
	1032 10.7398
	1033 10.7922
	1034 10.8964
	1035 11.0507
	1036 11.2532
	1037 11.5013
	63 11.7921
LINE 54 55 215.389 20
	1038 10.8266
	1039 10.8086
	1040 10.7926
	1041 10.7785
	1042 10.7665
	1043 10.7564
	1044 10.7484
	1045 10.7423
	1046 10.7383
	1047 10.7363
	1048 10.7363
	1049 10.7383
	1050 10.7423
	1051 10.7484
	1052 10.7564
	1053 10.7665
	1054 10.7785
	1055 10.7926
	1056 10.8086
	55 10.8266
LINE 54 64 138.885 13
	1057 11.1487
	1058 10.9202
	1059 10.7296
	1060 10.5789
	1061 10.47
	1062 10.4041
	1063 10.3821
	1064 10.4041
	1065 10.47
	1066 10.5789
	1067 10.7296
	1068 10.9202
	64 11.1487
LINE 56 57 152.515 14
	1069 10.9857
	1070 10.9435
	1071 10.9082
	1072 10.8799
	1073 10.8586
	1074 10.8444
	1075 10.8373
	1076 10.8373
	1077 10.8444
	1078 10.8586
	1079 10.8799
	1080 10.9082
	1081 10.9435
	57 10.9857
LINE 56 67 173.869 16
	1082 11.2677
	1083 11.1099
	1084 10.9729
	1085 10.8574
	1086 10.7641
	1087 10.6936
	1088 10.6463
	1089 10.6226
	1090 10.6226
	1091 10.6463
	1092 10.6936
	1093 10.7641
	1094 10.8574
	1095 10.9729
	1096 11.1099
	67 11.2677
LINE 57 67 101.859 10
	1097 10.2452
	1098 10.2058
	1099 10.1761
	1100 10.1563
	1101 10.1464
	1102 10.1464
	1103 10.1563
	1104 10.1761
	1105 10.2058
	67 10.2452
LINE 58 59 153.225 14
	1106 11.5889
	1107 11.2987
	1108 11.0512
	1109 10.849
	1110 10.6949
	1111 10.591
	1112 10.5386
	1113 10.5386
	1114 10.591
	1115 10.6949
	1116 10.849
	1117 11.0512
	1118 11.2987
	59 11.5889
LINE 59 60 210.454 20
	1119 10.7451
	1120 10.6756
	1121 10.6134
	1122 10.5587
	1123 10.5115
	1124 10.4721
	1125 10.4404
	1126 10.4166
	1127 10.4007
	1128 10.3928
	1129 10.3928
	1130 10.4007
	1131 10.4166
	1132 10.4404
	1133 10.4721
	1134 10.5115
	1135 10.5587
	1136 10.6134
	1137 10.6756
	60 10.7451
LINE 59 68 167.457 15
	1138 12.1582
	1139 11.7479
	1140 11.3892
	1141 11.0871
	1142 10.8464
	1143 10.6711
	1144 10.5645
	1145 10.5287
	1146 10.5645
	1147 10.6711
	1148 10.8464
	1149 11.0871
	1150 11.3892
	1151 11.7479
	68 12.1582
LINE 60 61 112.038 10
	1152 11.6649
	1153 11.3619
	1154 11.1292
	1155 10.9714
	1156 10.8916
	1157 10.8916
	1158 10.9714
	1159 11.1292
	1160 11.3619
	61 11.6649
LINE 60 69 285.597 27
	1161 10.6551
	1162 10.6373
	1163 10.6209
	1164 10.6059
	1165 10.5923
	1166 10.5801
	1167 10.5694
	1168 10.56
	1169 10.5521
	1170 10.5457
	1171 10.5406
	1172 10.537
	1173 10.5349
	1174 10.5342
	1175 10.5349
	1176 10.537
	1177 10.5406
	1178 10.5457
	1179 10.5521
	1180 10.56
	1181 10.5694
	1182 10.5801
	1183 10.5923
	1184 10.6059
	1185 10.6209
	1186 10.6373
	69 10.6551
LINE 60 70 167.72 16
	1187 10.9152
	1188 10.7452
	1189 10.5974
	1190 10.4726
	1191 10.3717
	1192 10.2954
	1193 10.2442
	1194 10.2185
	1195 10.2185
	1196 10.2442
	1197 10.2954
	1198 10.3717
	1199 10.4726
	1200 10.5974
	1201 10.7452
	70 10.9152
LINE 61 70 227.826 21
	1202 11.1465
	1203 11.0584
	1204 10.9789
	1205 10.9083
	1206 10.8468
	1207 10.7944
	1208 10.7514
	1209 10.7178
	1210 10.6938
	1211 10.6793
	1212 10.6745
	1213 10.6793
	1214 10.6938
	1215 10.7178
	1216 10.7514
	1217 10.7944
	1218 10.8468
	1219 10.9083
	1220 10.9789
	1221 11.0584
	70 11.1465
LINE 62 63 179.517 16
	1222 12.1042
	1223 11.7624
	1224 11.4614
	1225 11.2043
	1226 10.9943
	1227 10.8341
	1228 10.726
	1229 10.6715
	1230 10.6715
	1231 10.726
	1232 10.8341
	1233 10.9943
	1234 11.2043
	1235 11.4614
	1236 11.7624
	63 12.1042
LINE 65 66 180.557 17
	1237 11.0172
	1238 10.8711
	1239 10.7429
	1240 10.6332
	1241 10.5425
	1242 10.4715
	1243 10.4205
	1244 10.3898
	1245 10.3795
	1246 10.3898
	1247 10.4205
	1248 10.4715
	1249 10.5425
	1250 10.6332
	1251 10.7429
	1252 10.8711
	66 11.0172
LINE 68 69 68.5575 6
	1253 11.7307
	1254 11.3671
	1255 11.1809
	1256 11.1809
	1257 11.3671
	69 11.7307
COORDENADAS :
1	70.3169	730.902
2	136.613	723.604
3	251.033	720.876
4	393.267	725.061
5	438.954	730.607
6	582.492	745.492
7	793.329	750.538
8	853.344	751.506
9	977.978	743.279
10	90.8382	644.593
11	193.867	654.582
12	296.711	627.537
13	363.645	598.535
14	457.615	648.614
15	562.774	602.888
16	632.893	637.022
17	786.982	595.46
18	939.121	617.996
19	80.7057	547.533
20	143.62	501
21	236.226	515.23
22	334.132	559.489
23	478.168	494.755
24	596.824	535.623
25	663.054	492.474
26	749.815	518.436
27	878.614	545.732
28	934.431	548.823
29	42.5237	435.398
30	271.362	459.844
31	365.273	406.035
32	453.882	445.751
33	556.811	424.642
34	775.395	398.176
35	101.744	343.907
36	143.395	322.948
37	282.648	360.912
38	387.119	335.915
39	476.318	357.227
40	581.005	311.286
41	672.534	311.327
42	771.21	340.865
43	850.084	329.267
44	967.318	357.644
45	279.721	244.561
46	376.469	222.203
47	488.747	243.187
48	602.058	205.324
49	676.897	254.687
50	774.224	255.287
51	868.221	225.257
52	64.3139	153.254
53	198.661	103.805
54	250.471	105.21
55	383.968	156.879
56	476.589	93.8945
57	577.728	93.4159
58	671.778	129.113
59	764.077	95.2959
60	902.556	99.9423
61	974.897	94.5247
62	44.9292	37.2164
63	156.104	13.1169
64	278.584	19.7372
65	362.759	6.51357
66	480.33	2.65114
67	567.662	26.5349
68	689.024	21.4548
69	733.15	14.7639
70	859.146	0
71	0	644.793
72	196.448	360.776
73	124.424	761.227
74	722.312	751.217
75	739.006	208.598
76	73.68	724.687
77	76.7457	718.401
78	79.5139	712.045
79	81.9848	705.618
80	84.1582	699.12
81	86.0341	692.552
82	87.6127	685.913
83	88.8938	679.203
84	89.8776	672.422
85	90.5638	665.571
86	90.9527	658.649
87	91.0442	651.656
88	76.8303	728.287
89	83.2807	725.571
90	89.668	722.753
91	95.9924	719.832
92	102.254	716.81
93	108.452	713.686
94	114.587	710.459
95	120.66	707.131
96	126.669	703.701
97	132.616	700.169
98	138.499	696.534
99	144.319	692.798
100	150.077	688.96
101	155.771	685.02
102	161.402	680.977
103	166.971	676.833
104	172.476	672.587
105	177.918	668.239
106	183.298	663.789
107	188.614	659.237
108	143.767	723.551
109	150.92	723.482
110	158.074	723.398
111	165.227	723.298
112	172.379	723.182
113	179.531	723.051
114	186.683	722.904
115	193.835	722.741
116	200.986	722.563
117	208.136	722.369
118	215.287	722.159
119	222.437	721.934
120	229.586	721.693
121	236.735	721.436
122	243.884	721.164
123	399.597	727.477
124	405.992	729.352
125	412.453	730.686
126	418.98	731.478
127	425.572	731.729
128	432.23	731.439
129	391.988	718.336
130	390.677	711.619
131	389.336	704.908
132	387.963	698.205
133	386.56	691.51
134	385.125	684.821
135	383.659	678.14
136	382.162	671.466
137	380.634	664.8
138	379.075	658.141
139	377.485	651.489
140	375.864	644.844
141	374.212	638.206
142	372.528	631.576
143	370.814	624.953
144	369.068	618.338
145	367.292	611.729
146	365.484	605.128
147	437.574	723.106
148	436.728	715.727
149	436.416	708.469
150	436.637	701.333
151	437.392	694.318
152	438.68	687.424
153	440.502	680.652
154	442.857	674.002
155	445.746	667.473
156	449.169	661.065
157	453.125	654.778
158	445.916	727.446
159	452.71	724.122
160	459.337	720.636
161	465.796	716.988
162	472.088	713.178
163	478.213	709.205
164	484.17	705.07
165	489.96	700.773
166	495.582	696.314
167	501.038	691.692
168	506.325	686.908
169	511.445	681.961
170	516.398	676.852
171	521.183	671.581
172	525.801	666.148
173	530.252	660.552
174	534.535	654.794
175	538.651	648.874
176	542.599	642.792
177	546.38	636.547
178	549.994	630.14
179	553.44	623.57
180	556.719	616.839
181	559.83	609.945
182	584.592	738.282
183	586.388	731.113
184	587.881	723.986
185	589.069	716.901
186	589.954	709.858
187	590.534	702.857
188	590.811	695.899
189	590.784	688.982
190	590.453	682.107
191	589.818	675.274
192	588.879	668.484
193	587.636	661.735
194	586.089	655.028
195	584.238	648.364
196	582.084	641.741
197	579.625	635.161
198	576.863	628.622
199	573.796	622.126
200	570.426	615.671
201	566.752	609.259
202	799.966	752.601
203	806.611	754.175
204	813.263	755.26
205	819.924	755.856
206	826.592	755.964
207	833.268	755.583
208	839.952	754.713
209	846.644	753.354
210	793.769	743.46
211	794.14	736.384
212	794.441	729.31
213	794.673	722.24
214	794.836	715.173
215	794.929	708.108
216	794.952	701.046
217	794.907	693.987
218	794.792	686.931
219	794.607	679.878
220	794.353	672.828
221	794.03	665.78
222	793.638	658.735
223	793.176	651.693
224	792.644	644.654
225	792.044	637.618
226	791.374	630.585
227	790.634	623.554
228	789.825	616.526
229	788.947	609.502
230	787.999	602.48
231	860.028	747.408
232	866.74	743.738
233	873.48	740.496
234	880.249	737.683
235	887.046	735.298
236	893.871	733.342
237	900.724	731.814
238	907.606	730.714
239	914.516	730.043
240	921.454	729.8
241	928.42	729.986
242	935.415	730.599
243	942.438	731.642
244	949.49	733.112
245	956.569	735.012
246	963.677	737.339
247	970.813	740.095
248	978.188	735.986
249	978.148	728.77
250	977.857	721.632
251	977.316	714.572
252	976.524	707.59
253	975.481	700.685
254	974.188	693.858
255	972.644	687.108
256	970.849	680.437
257	968.804	673.843
258	966.508	667.327
259	963.962	660.888
260	961.165	654.528
261	958.118	648.245
262	954.819	642.04
263	951.271	635.912
264	947.471	629.862
265	943.421	623.89
266	89.3713	637.738
267	88.0188	630.87
268	86.7805	623.991
269	85.6567	617.1
270	84.6471	610.197
271	83.7519	603.282
272	82.9709	596.355
273	82.3044	589.416
274	81.7521	582.466
275	81.3142	575.503
276	80.9906	568.528
277	80.7813	561.542
278	80.6864	554.543
279	200.976	653.738
280	208.048	652.756
281	215.084	651.638
282	222.085	650.383
283	229.049	648.99
284	235.977	647.461
285	242.869	645.795
286	249.726	643.992
287	256.546	642.052
288	263.33	639.975
289	270.078	637.761
290	276.79	635.411
291	283.467	632.923
292	290.107	630.298
293	301.4	622.059
294	305.832	616.439
295	310.006	610.677
296	313.923	604.774
297	317.582	598.73
298	320.984	592.544
299	324.129	586.216
300	327.016	579.747
301	329.645	573.136
302	332.018	566.383
303	368.325	604.847
304	373.231	610.734
305	378.364	616.197
306	383.723	621.235
307	389.308	625.848
308	395.12	630.036
309	401.158	633.8
310	407.423	637.138
311	413.914	640.052
312	420.631	642.541
313	427.575	644.605
314	434.745	646.244
315	442.142	647.459
316	449.765	648.249
317	360.597	592.074
318	357.16	585.907
319	353.333	580.035
320	349.117	574.457
321	344.512	569.174
322	339.517	564.184
323	368.169	593.065
324	372.758	587.667
325	377.412	582.341
326	382.131	577.087
327	386.914	571.904
328	391.763	566.793
329	396.676	561.753
330	401.655	556.785
331	406.698	551.889
332	411.806	547.064
333	416.979	542.311
334	422.217	537.63
335	427.52	533.02
336	432.888	528.482
337	438.321	524.015
338	443.818	519.62
339	449.381	515.297
340	455.009	511.045
341	460.701	506.865
342	466.458	502.757
343	472.281	498.72
344	465.149	647.968
345	472.555	647.027
346	479.833	645.791
347	486.982	644.261
348	494.004	642.435
349	500.897	640.315
350	507.661	637.899
351	514.298	635.189
352	520.806	632.184
353	527.186	628.884
354	533.438	625.288
355	539.562	621.398
356	545.557	617.213
357	551.424	612.733
358	557.163	607.958
359	455.824	641.256
360	454.293	633.933
361	453.022	626.645
362	452.01	619.391
363	451.257	612.173
364	450.764	604.988
365	450.531	597.839
366	450.557	590.724
367	450.842	583.644
368	451.387	576.598
369	452.192	569.587
370	453.256	562.611
371	454.579	555.669
372	456.162	548.763
373	458.005	541.89
374	460.107	535.053
375	462.468	528.25
376	465.089	521.482
377	467.969	514.748
378	471.109	508.049
379	474.509	501.385
380	560.517	595.937
381	558.053	589.149
382	555.381	582.523
383	552.501	576.06
384	549.413	569.759
385	546.118	563.621
386	542.615	557.646
387	538.904	551.832
388	534.985	546.182
389	530.859	540.694
390	526.524	535.369
391	521.983	530.206
392	517.233	525.206
393	512.275	520.368
394	507.11	515.693
395	501.737	511.18
396	496.157	506.83
397	490.368	502.643
398	484.372	498.618
399	563.834	595.743
400	565.301	588.804
401	567.175	582.07
402	569.457	575.543
403	572.145	569.222
404	575.241	563.107
405	578.743	557.198
406	582.653	551.495
407	586.97	545.998
408	591.693	540.707
409	638.897	632.637
410	644.965	628.485
411	651.095	624.569
412	657.289	620.886
413	663.546	617.439
414	669.866	614.225
415	676.249	611.246
416	682.696	608.501
417	689.206	605.991
418	695.779	603.715
419	702.415	601.674
420	709.115	599.867
421	715.877	598.294
422	722.703	596.956
423	729.593	595.852
424	736.545	594.983
425	743.561	594.348
426	750.639	593.947
427	757.782	593.781
428	764.987	593.849
429	772.255	594.152
430	779.587	594.689
431	785.276	588.371
432	783.317	581.403
433	781.104	574.557
434	778.639	567.833
435	775.921	561.231
436	772.951	554.752
437	769.727	548.394
438	766.25	542.158
439	762.521	536.045
440	758.538	530.053
441	754.303	524.184
442	84.9562	541.316
443	89.5005	535.497
444	94.3385	530.075
445	99.4704	525.05
446	104.896	520.423
447	110.615	516.193
448	116.629	512.36
449	122.936	508.924
450	129.537	505.885
451	136.431	503.244
452	150.388	504.405
453	157.216	507.426
454	164.103	510.061
455	171.049	512.311
456	178.054	514.176
457	185.118	515.656
458	192.242	516.751
459	199.424	517.46
460	206.666	517.784
461	213.967	517.723
462	221.328	517.277
463	228.747	516.446
464	483.755	499.944
465	489.46	504.79
466	495.283	509.292
467	501.225	513.45
468	507.285	517.266
469	513.463	520.738
470	519.759	523.866
471	526.174	526.652
472	532.707	529.094
473	539.358	531.193
474	546.127	532.948
475	553.015	534.36
476	560.021	535.429
477	567.145	536.154
478	574.387	536.536
479	581.748	536.575
480	589.227	536.271
481	472.808	489.956
482	467.419	485.195
483	461.999	480.473
484	456.55	475.788
485	451.07	471.142
486	445.561	466.534
487	440.021	461.964
488	434.452	457.433
489	428.852	452.939
490	423.222	448.484
491	417.562	444.067
492	411.873	439.689
493	406.153	435.348
494	400.403	431.046
495	394.623	426.782
496	388.813	422.556
497	382.973	418.369
498	377.103	414.219
499	371.203	410.108
500	473.189	489.593
501	468.765	484.155
502	464.897	478.442
503	461.583	472.454
504	458.825	466.191
505	456.623	459.653
506	454.975	452.839
507	594.508	529.081
508	592.188	522.541
509	589.863	516.002
510	587.533	509.465
511	585.198	502.93
512	582.858	496.397
513	580.514	489.865
514	578.165	483.335
515	575.812	476.807
516	573.453	470.28
517	571.09	463.755
518	568.722	457.232
519	566.349	450.711
520	563.972	444.191
521	561.59	437.673
522	559.203	431.157
523	670.319	492.493
524	677.486	492.843
525	684.555	493.522
526	691.525	494.53
527	698.396	495.868
528	705.168	497.535
529	711.842	499.533
530	718.418	501.859
531	724.894	504.515
532	731.272	507.501
533	737.552	510.817
534	743.733	514.462
535	658.893	485.978
536	654.527	479.802
537	649.956	473.948
538	645.181	468.415
539	640.201	463.202
540	635.015	458.311
541	629.625	453.74
542	624.03	449.49
543	618.23	445.561
544	612.226	441.953
545	606.016	438.666
546	599.601	435.7
547	592.982	433.055
548	586.158	430.73
549	579.128	428.727
550	571.894	427.044
551	564.455	425.683
552	670.563	490.556
553	677.856	488.381
554	684.933	485.949
555	691.794	483.26
556	698.44	480.313
557	704.869	477.109
558	711.082	473.648
559	717.08	469.929
560	722.861	465.953
561	728.427	461.72
562	733.776	457.23
563	738.91	452.482
564	743.828	447.477
565	748.529	442.215
566	753.015	436.695
567	757.285	430.919
568	761.339	424.884
569	765.177	418.593
570	768.799	412.045
571	772.205	405.239
572	757.348	516.316
573	764.797	514.591
574	772.162	513.261
575	779.443	512.326
576	786.641	511.787
577	793.755	511.642
578	800.785	511.893
579	807.731	512.54
580	814.594	513.581
581	821.373	515.018
582	828.068	516.849
583	834.68	519.076
584	841.207	521.699
585	847.651	524.716
586	854.011	528.129
587	860.288	531.937
588	866.48	536.14
589	872.589	540.738
590	885.538	547.085
591	892.477	548.163
592	899.431	548.964
593	906.4	549.488
594	913.385	549.737
595	920.385	549.708
596	927.401	549.404
597	47.9093	430.77
598	53.0703	425.997
599	58.0068	421.078
600	62.7186	416.014
601	67.2059	410.805
602	71.4686	405.45
603	75.5067	399.95
604	79.3203	394.304
605	82.9093	388.514
606	86.2737	382.577
607	89.4135	376.496
608	92.3287	370.269
609	95.0194	363.896
610	97.4855	357.379
611	99.727	350.716
612	275.466	453.154
613	279.063	446.406
614	282.153	439.6
615	284.736	432.736
616	286.81	425.814
617	288.378	418.834
618	289.438	411.796
619	289.99	404.701
620	290.035	397.548
621	289.572	390.336
622	288.602	383.067
623	287.125	375.74
624	285.14	368.355
625	365.111	398.292
626	365.47	390.711
627	366.351	383.293
628	367.753	376.037
629	369.677	368.944
630	372.123	362.014
631	375.089	355.245
632	378.578	348.64
633	382.588	342.196
634	460.036	440.891
635	466.291	436.525
636	472.648	432.652
637	479.105	429.272
638	485.663	426.385
639	492.323	423.991
640	499.084	422.091
641	505.946	420.684
642	512.909	419.769
643	519.973	419.349
644	527.138	419.421
645	534.405	419.986
646	541.773	421.045
647	549.241	422.597
648	448.165	440.87
649	442.684	435.845
650	437.439	430.677
651	432.43	425.365
652	427.658	419.909
653	423.122	414.31
654	418.822	408.567
655	414.758	402.68
656	410.931	396.65
657	407.34	390.476
658	403.986	384.159
659	400.867	377.698
660	397.985	371.093
661	395.339	364.345
662	392.93	357.453
663	390.757	350.417
664	388.82	343.238
665	451.963	438.018
666	450.652	430.438
667	449.948	423.013
668	449.851	415.742
669	450.362	408.624
670	451.481	401.661
671	453.206	394.851
672	455.54	388.196
673	458.48	381.694
674	462.029	375.346
675	466.184	369.153
676	470.947	363.113
677	551.171	420.475
678	545.57	416.261
679	540.008	412
680	534.486	407.693
681	529.002	403.338
682	523.557	398.938
683	518.152	394.49
684	512.786	389.996
685	507.459	385.455
686	502.171	380.867
687	496.922	376.232
688	491.712	371.551
689	486.542	366.823
690	481.41	362.048
691	561.249	418.618
692	565.31	412.512
693	568.994	406.327
694	572.301	400.061
695	575.231	393.715
696	577.785	387.288
697	579.961	380.781
698	581.761	374.193
699	583.184	367.525
700	584.231	360.777
701	584.9	353.948
702	585.193	347.039
703	585.109	340.049
704	584.648	332.979
705	583.811	325.828
706	582.596	318.597
707	560.706	418.555
708	564.705	412.573
709	568.806	406.697
710	573.011	400.926
711	577.32	395.261
712	581.731	389.701
713	586.246	384.247
714	590.864	378.898
715	595.586	373.655
716	600.411	368.517
717	605.339	363.485
718	610.37	358.558
719	615.505	353.737
720	620.743	349.021
721	626.084	344.411
722	631.529	339.906
723	637.077	335.507
724	642.728	331.213
725	648.483	327.025
726	654.341	322.942
727	660.302	318.965
728	666.367	315.093
729	107.638	340.802
730	113.551	337.733
731	119.483	334.702
732	125.433	331.708
733	131.402	328.751
734	137.389	325.831
735	393.683	338.799
736	400.297	341.476
737	406.96	343.945
738	413.673	346.207
739	420.435	348.261
740	427.247	350.108
741	434.108	351.747
742	441.019	353.179
743	447.98	354.404
744	454.99	355.421
745	462.05	356.23
746	469.159	356.832
747	384.094	329.029
748	381.384	322.114
749	378.989	315.169
750	376.908	308.194
751	375.141	301.19
752	373.689	294.157
753	372.552	287.094
754	371.729	280.002
755	371.221	272.88
756	371.027	265.729
757	371.148	258.548
758	371.583	251.338
759	372.333	244.098
760	373.397	236.829
761	374.776	229.53
762	481.933	352.243
763	487.673	347.54
764	493.536	343.12
765	499.522	338.981
766	505.633	335.123
767	511.866	331.548
768	518.224	328.254
769	524.705	325.241
770	531.31	322.511
771	538.038	320.062
772	544.89	317.895
773	551.866	316.01
774	558.965	314.406
775	566.188	313.085
776	573.535	312.044
777	475.149	349.389
778	473.719	341.744
779	472.03	334.29
780	470.08	327.03
781	467.871	319.961
782	465.401	313.085
783	462.671	306.401
784	459.681	299.909
785	456.431	293.61
786	452.921	287.503
787	449.151	281.589
788	445.121	275.867
789	440.83	270.337
790	436.28	264.999
791	431.469	259.854
792	426.398	254.901
793	421.068	250.141
794	415.477	245.572
795	409.626	241.197
796	403.515	237.013
797	397.144	233.022
798	390.512	229.223
799	383.621	225.617
800	473.308	349.687
801	470.803	342.202
802	468.803	334.772
803	467.307	327.396
804	466.317	320.076
805	465.831	312.811
806	465.851	305.601
807	466.375	298.446
808	467.404	291.346
809	468.939	284.301
810	470.978	277.311
811	473.522	270.377
812	476.571	263.497
813	480.124	256.672
814	484.183	249.902
815	574.283	308.324
816	567.689	305.19
817	561.222	301.884
818	554.882	298.404
819	548.67	294.752
820	542.586	290.927
821	536.628	286.93
822	530.799	282.76
823	525.096	278.418
824	519.521	273.903
825	514.074	269.215
826	508.753	264.355
827	503.561	259.322
828	498.495	254.116
829	493.557	248.738
830	586.736	307.305
831	592.502	303.382
832	598.303	299.519
833	604.139	295.716
834	610.01	291.971
835	615.916	288.286
836	621.857	284.659
837	627.833	281.092
838	633.843	277.584
839	639.889	274.136
840	645.97	270.746
841	652.085	267.416
842	658.236	264.145
843	664.421	260.933
844	670.641	257.781
845	778.55	340.968
846	785.857	340.839
847	793.129	340.479
848	800.368	339.887
849	807.572	339.064
850	814.743	338.01
851	821.879	336.724
852	828.981	335.207
853	836.05	333.458
854	843.084	331.479
855	963.337	352.017
856	959.343	346.399
857	955.337	340.791
858	951.317	335.193
859	947.285	329.605
860	943.24	324.026
861	939.182	318.457
862	935.111	312.897
863	931.027	307.347
864	926.93	301.807
865	922.82	296.276
866	918.698	290.756
867	914.562	285.244
868	910.414	279.743
869	906.253	274.251
870	902.079	268.768
871	897.892	263.296
872	893.692	257.833
873	889.479	252.379
874	885.253	246.936
875	881.014	241.502
876	876.763	236.077
877	872.499	230.663
878	285.843	239.552
879	292.087	235.068
880	298.451	231.109
881	304.937	227.675
882	311.545	224.766
883	318.273	222.381
884	325.123	220.522
885	332.095	219.187
886	339.187	218.378
887	346.401	218.093
888	353.736	218.333
889	361.193	219.098
890	368.77	220.388
891	281.265	236.962
892	282.492	229.43
893	283.403	221.965
894	283.997	214.565
895	284.275	207.233
896	284.236	199.966
897	283.881	192.766
898	283.21	185.633
899	282.222	178.565
900	280.918	171.565
901	279.297	164.63
902	277.36	157.762
903	275.106	150.961
904	272.536	144.226
905	269.65	137.557
906	266.447	130.955
907	262.927	124.419
908	259.092	117.95
909	254.939	111.547
910	382.84	226.973
911	389.297	231.282
912	395.841	235.129
913	402.47	238.516
914	409.186	241.442
915	415.988	243.906
916	422.876	245.909
917	429.85	247.451
918	436.911	248.532
919	444.057	249.152
920	451.29	249.311
921	458.609	249.009
922	466.014	248.245
923	473.505	247.02
924	481.083	245.334
925	483.892	237.843
926	478.965	232.588
927	473.964	227.422
928	468.889	222.345
929	463.741	217.357
930	458.52	212.458
931	453.225	207.649
932	447.857	202.928
933	442.416	198.296
934	436.901	193.754
935	431.313	189.3
936	425.652	184.936
937	419.917	180.661
938	414.109	176.474
939	408.228	172.377
940	402.273	168.369
941	396.244	164.45
942	390.143	160.62
943	604.236	197.525
944	605.921	189.834
945	607.112	182.25
946	607.811	174.774
947	608.016	167.404
948	607.728	160.142
949	606.947	152.987
950	605.673	145.939
951	603.906	138.998
952	601.645	132.165
953	598.892	125.439
954	595.645	118.82
955	591.906	112.308
956	587.673	105.903
957	582.947	99.6061
958	678.744	247.624
959	680.34	240.571
960	681.686	233.528
961	682.781	226.496
962	683.625	219.473
963	684.218	212.461
964	684.56	205.459
965	684.652	198.468
966	684.493	191.486
967	684.083	184.515
968	683.423	177.554
969	682.512	170.603
970	681.35	163.663
971	679.937	156.732
972	678.273	149.812
973	676.359	142.903
974	674.194	136.003
975	780.321	251.211
976	786.513	247.431
977	792.8	243.949
978	799.182	240.763
979	805.658	237.876
980	812.23	235.285
981	818.897	232.991
982	825.658	230.995
983	832.515	229.296
984	839.466	227.894
985	846.512	226.789
986	853.654	225.981
987	860.89	225.471
988	867.796	218.05
989	867.619	210.911
990	867.69	203.84
991	868.009	196.837
992	868.576	189.901
993	869.391	183.034
994	870.454	176.235
995	871.765	169.503
996	873.325	162.84
997	875.132	156.244
998	877.187	149.717
999	879.49	143.257
1000	882.041	136.865
1001	884.84	130.542
1002	887.887	124.286
1003	891.182	118.098
1004	894.725	111.978
1005	898.517	105.926
1006	72.0334	153.504
1007	79.6474	153.467
1008	87.1559	153.144
1009	94.5589	152.535
1010	101.856	151.638
1011	109.048	150.456
1012	116.135	148.986
1013	123.116	147.23
1014	129.992	145.188
1015	136.762	142.859
1016	143.426	140.243
1017	149.986	137.34
1018	156.439	134.152
1019	162.787	130.676
1020	169.03	126.914
1021	175.167	122.865
1022	181.199	118.53
1023	187.125	113.908
1024	192.946	109
1025	192.674	98.7102
1026	187.14	93.4028
1027	182.06	87.8827
1028	177.433	82.1498
1029	173.26	76.2041
1030	169.54	70.0455
1031	166.273	63.6742
1032	163.46	57.0901
1033	161.1	50.2932
1034	159.194	43.2835
1035	157.742	36.0611
1036	156.742	28.6258
1037	156.196	20.9777
1038	256.809	108.663
1039	263.183	112.023
1040	269.593	115.292
1041	276.038	118.47
1042	282.518	121.556
1043	289.034	124.551
1044	295.585	127.455
1045	302.171	130.267
1046	308.793	132.987
1047	315.45	135.617
1048	322.142	138.154
1049	328.87	140.601
1050	335.634	142.955
1051	342.432	145.219
1052	349.266	147.391
1053	356.136	149.471
1054	363.041	151.46
1055	369.981	153.358
1056	376.957	155.164
1057	250.06	97.7893
1058	250.079	90.5092
1059	250.526	83.3702
1060	251.402	76.3722
1061	252.707	69.5152
1062	254.441	62.7993
1063	256.604	56.2244
1064	259.195	49.7906
1065	262.215	43.4979
1066	265.664	37.3461
1067	269.542	31.3355
1068	273.849	25.4658
1069	483.808	92.657
1070	491.027	91.6047
1071	498.247	90.7375
1072	505.468	90.0555
1073	512.69	89.5585
1074	519.913	89.2466
1075	527.137	89.1199
1076	534.362	89.1783
1077	541.587	89.4218
1078	548.813	89.8504
1079	556.041	90.4641
1080	563.269	91.2629
1081	570.498	92.2469
1082	480.788	87.6659
1083	485.186	81.7065
1084	489.783	76.0163
1085	494.58	70.5952
1086	499.575	65.4432
1087	504.769	60.5604
1088	510.163	55.9467
1089	515.755	51.6021
1090	521.547	47.5267
1091	527.537	43.7205
1092	533.727	40.1834
1093	540.116	36.9154
1094	546.704	33.9166
1095	553.491	31.1869
1096	560.477	28.7263
1097	575.78	86.8695
1098	574.041	80.2916
1099	572.511	73.6823
1100	571.191	67.0414
1101	570.08	60.369
1102	569.178	53.6652
1103	568.485	46.9299
1104	568.001	40.163
1105	567.727	33.3647
1106	679.48	129.725
1107	687.011	129.87
1108	694.371	129.55
1109	701.561	128.764
1110	708.581	127.513
1111	715.429	125.795
1112	722.107	123.613
1113	728.615	120.964
1114	734.952	117.85
1115	741.118	114.271
1116	747.114	110.225
1117	752.939	105.715
1118	758.593	100.738
1119	770.94	97.3491
1120	777.809	99.2106
1121	784.685	100.88
1122	791.567	102.359
1123	798.455	103.645
1124	805.35	104.74
1125	812.252	105.643
1126	819.16	106.355
1127	826.074	106.874
1128	832.995	107.203
1129	839.922	107.339
1130	846.855	107.284
1131	853.796	107.037
1132	860.742	106.599
1133	867.695	105.968
1134	874.654	105.147
1135	881.62	104.133
1136	888.592	102.928
1137	895.571	101.531
1138	756.231	93.2626
1139	748.79	90.8165
1140	741.756	87.9576
1141	735.128	84.686
1142	728.907	81.0016
1143	723.091	76.9044
1144	717.681	72.3944
1145	712.678	67.4717
1146	708.08	62.1362
1147	703.889	56.3879
1148	700.104	50.2268
1149	696.725	43.653
1150	693.752	36.6664
1151	691.185	29.267
1152	909.999	102.194
1153	917.396	103.825
1154	924.746	104.836
1155	932.05	105.225
1156	939.308	104.994
1157	946.519	104.142
1158	953.683	102.669
1159	960.801	100.575
1160	967.872	97.8602
1161	896.761	95.8341
1162	890.929	91.7992
1163	885.06	87.8376
1164	879.155	83.9494
1165	873.213	80.1346
1166	867.233	76.3931
1167	861.217	72.7249
1168	855.164	69.1301
1169	849.074	65.6086
1170	842.947	62.1605
1171	836.784	58.7857
1172	830.583	55.4842
1173	824.346	52.2561
1174	818.071	49.1014
1175	811.76	46.02
1176	805.412	43.0119
1177	799.027	40.0772
1178	792.605	37.2158
1179	786.147	34.4278
1180	779.651	31.7131
1181	773.119	29.0717
1182	766.549	26.5038
1183	759.943	24.0091
1184	753.3	21.5878
1185	746.62	19.2398
1186	739.903	16.9652
1187	902.194	92.6745
1188	901.519	85.5429
1189	900.531	78.5475
1190	899.228	71.6883
1191	897.613	64.9653
1192	895.683	58.3784
1193	893.441	51.9277
1194	890.884	45.6132
1195	888.014	39.4349
1196	884.831	33.3928
1197	881.334	27.4869
1198	877.524	21.7171
1199	873.4	16.0836
1200	868.962	10.5862
1201	864.211	5.22501
1202	968.032	91.6807
1203	961.302	88.6709
1204	954.707	85.4955
1205	948.248	82.1544
1206	941.924	78.6475
1207	935.736	74.9749
1208	929.682	71.1366
1209	923.765	67.1326
1210	917.982	62.9628
1211	912.335	58.6274
1212	906.823	54.1262
1213	901.446	49.4593
1214	896.205	44.6267
1215	891.099	39.6284
1216	886.128	34.4643
1217	881.293	29.1346
1218	876.593	23.6391
1219	872.028	17.9779
1220	867.599	12.151
1221	863.305	6.15835
1222	51.0691	31.9801
1223	57.3167	27.2412
1224	63.6722	22.9996
1225	70.1355	19.2553
1226	76.7066	16.0084
1227	83.3855	13.2588
1228	90.1722	11.0066
1229	97.0668	9.25166
1230	104.069	7.99411
1231	111.179	7.2339
1232	118.397	6.97104
1233	125.723	7.20551
1234	133.157	7.93734
1235	140.698	9.1665
1236	148.347	10.893
1237	369.756	8.74755
1238	376.742	10.6739
1239	383.719	12.2926
1240	390.685	13.6036
1241	397.642	14.607
1242	404.588	15.3027
1243	411.524	15.6908
1244	418.45	15.7713
1245	425.366	15.5441
1246	432.272	15.0092
1247	439.168	14.1667
1248	446.053	13.0166
1249	452.929	11.5588
1250	459.794	9.79335
1251	466.649	7.72027
1252	473.495	5.33953
1253	696.741	22.7274
1254	704.312	23.0449
1255	711.739	22.4073
1256	719.021	20.8146
1257	726.158	18.2668
