NOMBRE : MTLARP6_8_5_1.dat
VERTICES ORIGINALES : 42
VERTICES TOTALES : 492
DEPOTS : 5
38
39
40
41
42
LINEAS ORIGINALES : 30
LINE 1 2 189.248 18
	43 11.0599
	44 10.8717
	45 10.7042
	46 10.5586
	47 10.4357
	48 10.3363
	49 10.2612
	50 10.2107
	51 10.1854
	52 10.1854
	53 10.2107
	54 10.2612
	55 10.3363
	56 10.4357
	57 10.5586
	58 10.7042
	59 10.8717
	2 11.0599
LINE 1 7 91.2709 9
	60 10.1932
	61 10.1543
	62 10.1264
	63 10.1096
	64 10.104
	65 10.1096
	66 10.1264
	67 10.1543
	7 10.1932
LINE 2 8 171.002 17
	68 10.1878
	69 10.1398
	70 10.098
	71 10.0624
	72 10.0333
	73 10.0106
	74 9.99429
	75 9.98451
	76 9.98125
	77 9.98451
	78 9.99429
	79 10.0106
	80 10.0333
	81 10.0624
	82 10.098
	83 10.1398
	8 10.1878
LINE 3 11 173.628 17
	84 10.2305
	85 10.2241
	86 10.2186
	87 10.2138
	88 10.21
	89 10.207
	90 10.2048
	91 10.2035
	92 10.2031
	93 10.2035
	94 10.2048
	95 10.207
	96 10.21
	97 10.2138
	98 10.2186
	99 10.2241
	11 10.2305
LINE 4 12 123.459 12
	100 10.3519
	101 10.3173
	102 10.2895
	103 10.2686
	104 10.2547
	105 10.2477
	106 10.2477
	107 10.2547
	108 10.2686
	109 10.2895
	110 10.3173
	12 10.3519
LINE 5 13 218.124 20
	111 11.8052
	112 11.532
	113 11.2836
	114 11.0616
	115 10.8678
	116 10.7035
	117 10.5703
	118 10.4693
	119 10.4014
	120 10.3673
	121 10.3673
	122 10.4014
	123 10.4693
	124 10.5703
	125 10.7035
	126 10.8678
	127 11.0616
	128 11.2836
	129 11.532
	13 11.8052
LINE 6 14 139.239 14
	130 10.0647
	131 10.0101
	132 9.96426
	133 9.92747
	134 9.89979
	135 9.88129
	136 9.87203
	137 9.87203
	138 9.88129
	139 9.89979
	140 9.92747
	141 9.96426
	142 10.0101
	14 10.0647
LINE 7 14 177.802 17
	143 10.4929
	144 10.4802
	145 10.4691
	146 10.4598
	147 10.4521
	148 10.4462
	149 10.4419
	150 10.4394
	151 10.4385
	152 10.4394
	153 10.4419
	154 10.4462
	155 10.4521
	156 10.4598
	157 10.4691
	158 10.4802
	14 10.4929
LINE 7 15 191.264 18
	159 11.3229
	160 11.0841
	161 10.8708
	162 10.6846
	163 10.5269
	164 10.3991
	165 10.3022
	166 10.237
	167 10.2043
	168 10.2043
	169 10.237
	170 10.3022
	171 10.3991
	172 10.5269
	173 10.6846
	174 10.8708
	175 11.0841
	15 11.3229
LINE 8 9 106.886 10
	176 10.71
	177 10.6957
	178 10.685
	179 10.6779
	180 10.6743
	181 10.6743
	182 10.6779
	183 10.685
	184 10.6957
	9 10.71
LINE 8 16 199.505 19
	185 11.0752
	186 10.8884
	187 10.7208
	188 10.5734
	189 10.4471
	190 10.3426
	191 10.2606
	192 10.2016
	193 10.166
	194 10.1541
	195 10.166
	196 10.2016
	197 10.2606
	198 10.3426
	199 10.4471
	200 10.5734
	201 10.7208
	202 10.8884
	16 11.0752
LINE 10 18 77.5674 8
	203 9.76277
	204 9.70559
	205 9.66728
	206 9.64807
	207 9.64807
	208 9.66728
	209 9.70559
	18 9.76277
LINE 13 14 205.715 20
	210 10.3418
	211 10.3242
	212 10.3084
	213 10.2947
	214 10.2828
	215 10.273
	216 10.2651
	217 10.2592
	218 10.2552
	219 10.2532
	220 10.2532
	221 10.2552
	222 10.2592
	223 10.2651
	224 10.273
	225 10.2828
	226 10.2947
	227 10.3084
	228 10.3242
	14 10.3418
LINE 16 17 90.6334 9
	229 10.0706
	230 10.0704
	231 10.0703
	232 10.0703
	233 10.0702
	234 10.0703
	235 10.0703
	236 10.0704
	17 10.0706
LINE 16 22 211.646 20
	237 11.108
	238 10.9458
	239 10.7996
	240 10.67
	241 10.5577
	242 10.4631
	243 10.3869
	244 10.3293
	245 10.2908
	246 10.2715
	247 10.2715
	248 10.2908
	249 10.3293
	250 10.3869
	251 10.4631
	252 10.5577
	253 10.67
	254 10.7996
	255 10.9458
	22 11.108
LINE 18 25 163.238 16
	256 10.3059
	257 10.2647
	258 10.2292
	259 10.1996
	260 10.1758
	261 10.1579
	262 10.146
	263 10.14
	264 10.14
	265 10.146
	266 10.1579
	267 10.1758
	268 10.1996
	269 10.2292
	270 10.2647
	25 10.3059
LINE 19 26 144.937 14
	271 10.9722
	272 10.6933
	273 10.4552
	274 10.2608
	275 10.1125
	276 10.0124
	277 9.96202
	278 9.96202
	279 10.0124
	280 10.1125
	281 10.2608
	282 10.4552
	283 10.6933
	26 10.9722
LINE 20 21 147.221 14
	284 10.5641
	285 10.5419
	286 10.5233
	287 10.5084
	288 10.4972
	289 10.4898
	290 10.486
	291 10.486
	292 10.4898
	293 10.4972
	294 10.5084
	295 10.5233
	296 10.5419
	21 10.5641
LINE 21 22 224.095 20
	297 12.5664
	298 12.1597
	299 11.7865
	300 11.4499
	301 11.1533
	302 10.9
	303 10.693
	304 10.5351
	305 10.4286
	306 10.3748
	307 10.3748
	308 10.4286
	309 10.5351
	310 10.693
	311 10.9
	312 11.1533
	313 11.4499
	314 11.7865
	315 12.1597
	22 12.5664
LINE 22 29 182.671 17
	316 11.125
	317 10.9849
	318 10.862
	319 10.7569
	320 10.6701
	321 10.6022
	322 10.5534
	323 10.524
	324 10.5142
	325 10.524
	326 10.5534
	327 10.6022
	328 10.6701
	329 10.7569
	330 10.862
	331 10.9849
	29 11.125
LINE 23 30 139.275 13
	332 10.9709
	333 10.8434
	334 10.738
	335 10.6553
	336 10.5958
	337 10.56
	338 10.548
	339 10.56
	340 10.5958
	341 10.6553
	342 10.738
	343 10.8434
	30 10.9709
LINE 24 31 302.866 29
	344 10.8001
	345 10.725
	346 10.655
	347 10.5903
	348 10.5308
	349 10.4766
	350 10.428
	351 10.3848
	352 10.3473
	353 10.3155
	354 10.2893
	355 10.2689
	356 10.2544
	357 10.2456
	358 10.2427
	359 10.2456
	360 10.2544
	361 10.2689
	362 10.2893
	363 10.3155
	364 10.3473
	365 10.3848
	366 10.428
	367 10.4766
	368 10.5308
	369 10.5903
	370 10.655
	371 10.725
	31 10.8001
LINE 25 26 164.167 16
	372 10.5221
	373 10.4186
	374 10.329
	375 10.2538
	376 10.1933
	377 10.1476
	378 10.1171
	379 10.1018
	380 10.1018
	381 10.1171
	382 10.1476
	383 10.1933
	384 10.2538
	385 10.329
	386 10.4186
	26 10.5221
LINE 26 31 208.429 19
	387 12.1461
	388 11.7727
	389 11.4332
	390 11.1305
	391 10.8678
	392 10.6481
	393 10.474
	394 10.3478
	395 10.2714
	396 10.2458
	397 10.2714
	398 10.3478
	399 10.474
	400 10.6481
	401 10.8678
	402 11.1305
	403 11.4332
	404 11.7727
	31 12.1461
LINE 27 28 192.457 18
	405 11.6698
	406 11.3387
	407 11.0408
	408 10.7789
	409 10.5557
	410 10.3736
	411 10.235
	412 10.1415
	413 10.0945
	414 10.0945
	415 10.1415
	416 10.235
	417 10.3736
	418 10.5557
	419 10.7789
	420 11.0408
	421 11.3387
	28 11.6698
LINE 29 30 247.486 23
	422 11.6647
	423 11.4278
	424 11.2091
	425 11.0097
	426 10.8308
	427 10.6733
	428 10.5381
	429 10.4263
	430 10.3385
	431 10.2753
	432 10.2372
	433 10.2244
	434 10.2372
	435 10.2753
	436 10.3385
	437 10.4263
	438 10.5381
	439 10.6733
	440 10.8308
	441 11.0097
	442 11.2091
	443 11.4278
	30 11.6647
LINE 30 33 245.122 22
	444 12.4066
	445 12.064
	446 11.7472
	447 11.4581
	448 11.1991
	449 10.9723
	450 10.7796
	451 10.6229
	452 10.5039
	453 10.4237
	454 10.3835
	455 10.3835
	456 10.4237
	457 10.5039
	458 10.6229
	459 10.7796
	460 10.9723
	461 11.1991
	462 11.4581
	463 11.7472
	464 12.064
	33 12.4066
LINE 31 32 89.1123 9
	465 10.0458
	466 9.93798
	467 9.86025
	468 9.81332
	469 9.79763
	470 9.81332
	471 9.86025
	472 9.93798
	32 10.0458
LINE 34 35 110.961 11
	473 10.1022
	474 10.0933
	475 10.0864
	476 10.0814
	477 10.0784
	478 10.0774
	479 10.0784
	480 10.0814
	481 10.0864
	482 10.0933
	35 10.1022
LINE 36 37 109.576 11
	483 10.0135
	484 9.98234
	485 9.958
	486 9.94058
	487 9.93012
	488 9.92662
	489 9.93012
	490 9.94058
	491 9.958
	492 9.98234
	37 10.0135
COORDENADAS :
1	231.617	507.112
2	345.2	552.153
3	619.744	528.455
4	754.219	495.315
5	61.5317	433.474
6	95.4433	430.585
7	205.492	452.405
8	335.781	439.425
9	405.757	452.344
10	500.54	401.087
11	643.927	415.377
12	757.783	413.418
13	15.4497	303.211
14	143.224	351.816
15	241.468	335.409
16	344.213	311.083
17	402.021	293.506
18	496.178	349.829
19	651.592	308.133
20	0	232.117
21	92.9054	201.357
22	223.724	246.048
23	339.938	231.433
24	397.08	223.963
25	506.044	242.128
26	612.232	223.961
27	8.17774	133.843
28	129.188	137.4
29	203.121	128.682
30	359.321	142.096
31	556.644	106.689
32	615.424	105.877
33	261.57	25.4134
34	361.769	0.217902
35	435.67	0
36	522.549	58.5986
37	595.298	56.0158
38	165.904	307.728
39	178.014	524.404
40	694.167	552.401
41	506.93	208.427
42	682.107	104.731
43	238.988	506.938
44	246.235	507.08
45	253.356	507.536
46	260.353	508.307
47	267.225	509.392
48	273.972	510.793
49	280.594	512.508
50	287.092	514.538
51	293.464	516.883
52	299.712	519.543
53	305.835	522.518
54	311.833	525.807
55	317.706	529.411
56	323.455	533.33
57	329.078	537.564
58	334.577	542.112
59	339.951	546.975
60	229.524	500.647
61	227.228	494.278
62	224.73	488.007
63	222.03	481.832
64	219.127	475.753
65	216.022	469.771
66	212.714	463.886
67	209.205	458.097
68	343.29	545.636
69	341.549	539.104
70	339.978	532.558
71	338.577	525.997
72	337.345	519.423
73	336.282	512.834
74	335.389	506.232
75	334.666	499.615
76	334.112	492.984
77	333.727	486.338
78	333.512	479.679
79	333.466	473.006
80	333.59	466.318
81	333.884	459.616
82	334.347	452.9
83	334.979	446.17
84	620.678	521.699
85	621.674	514.956
86	622.73	508.226
87	623.848	501.51
88	625.026	494.806
89	626.266	488.115
90	627.566	481.437
91	628.928	474.772
92	630.35	468.121
93	631.834	461.482
94	633.378	454.857
95	634.984	448.244
96	636.65	441.645
97	638.378	435.058
98	640.166	428.485
99	642.016	421.924
100	755.496	488.533
101	756.595	481.743
102	757.515	474.945
103	758.258	468.14
104	758.822	461.327
105	759.208	454.506
106	759.416	447.677
107	759.445	440.841
108	759.297	433.997
109	758.97	427.145
110	758.466	420.285
111	55.6739	428.218
112	50.1902	422.829
113	45.0805	417.309
114	40.3449	411.656
115	35.9834	405.87
116	31.9959	399.953
117	28.3826	393.903
118	25.1433	387.721
119	22.2781	381.406
120	19.7869	374.959
121	17.6699	368.38
122	15.9269	361.668
123	14.558	354.824
124	13.5631	347.848
125	12.9424	340.739
126	12.6957	333.498
127	12.8231	326.125
128	13.3245	318.619
129	14.2001	310.981
130	99.9767	425.639
131	104.338	420.587
132	108.526	415.432
133	112.543	410.171
134	116.387	404.806
135	120.058	399.337
136	123.557	393.763
137	126.884	388.084
138	130.038	382.301
139	133.02	376.413
140	135.829	370.42
141	138.467	364.323
142	140.931	358.122
143	201.225	446.863
144	197.033	441.273
145	192.916	435.637
146	188.875	429.954
147	184.91	424.224
148	181.021	418.448
149	177.207	412.624
150	173.468	406.754
151	169.805	400.837
152	166.218	394.873
153	162.706	388.862
154	159.27	382.805
155	155.91	376.701
156	152.625	370.55
157	149.415	364.352
158	146.282	358.107
159	204.359	444.943
160	203.594	437.593
161	203.197	430.357
162	203.169	423.234
163	203.509	416.224
164	204.218	409.327
165	205.295	402.544
166	206.741	395.875
167	208.555	389.318
168	210.738	382.875
169	213.29	376.545
170	216.21	370.329
171	219.498	364.225
172	223.155	358.236
173	227.18	352.359
174	231.574	346.596
175	236.337	340.946
176	342.672	441.294
177	349.587	443.034
178	356.525	444.646
179	363.488	446.13
180	370.473	447.486
181	377.483	448.713
182	384.516	449.813
183	391.573	450.785
184	398.653	451.628
185	333.283	432.477
186	331.112	425.551
187	329.268	418.645
188	327.75	411.762
189	326.56	404.899
190	325.696	398.059
191	325.159	391.239
192	324.949	384.442
193	325.066	377.665
194	325.51	370.91
195	326.281	364.177
196	327.378	357.465
197	328.803	350.775
198	330.554	344.106
199	332.632	337.458
200	335.037	330.832
201	337.769	324.228
202	340.827	317.645
203	498.994	394.765
204	497.733	388.419
205	496.759	382.048
206	496.07	375.653
207	495.668	369.234
208	495.552	362.79
209	495.722	356.322
210	21.5177	306.484
211	27.6196	309.668
212	33.7551	312.764
213	39.9244	315.771
214	46.1275	318.689
215	52.3643	321.519
216	58.6349	324.26
217	64.9392	326.912
218	71.2773	329.475
219	77.6491	331.95
220	84.0547	334.336
221	90.494	336.633
222	96.9671	338.841
223	103.474	340.961
224	110.014	342.992
225	116.589	344.934
226	123.197	346.788
227	129.839	348.552
228	136.514	350.229
229	350.62	309.079
230	357.032	307.087
231	363.447	305.108
232	369.866	303.143
233	376.289	301.19
234	382.716	299.249
235	389.147	297.322
236	395.582	295.407
237	336.847	310.316
238	329.623	309.287
239	322.54	307.997
240	315.598	306.445
241	308.797	304.632
242	302.137	302.557
243	295.619	300.22
244	289.241	297.622
245	283.005	294.763
246	276.91	291.642
247	270.956	288.259
248	265.143	284.615
249	259.472	280.71
250	253.941	276.543
251	248.552	272.114
252	243.304	267.424
253	238.197	262.472
254	233.232	257.259
255	228.407	251.784
256	498.02	343.21
257	499.699	336.576
258	501.214	329.927
259	502.566	323.263
260	503.754	316.584
261	504.779	309.89
262	505.641	303.181
263	506.339	296.457
264	506.874	289.718
265	507.245	282.965
266	507.453	276.196
267	507.498	269.412
268	507.38	262.614
269	507.098	255.8
270	506.652	248.971
271	645.995	303.423
272	640.827	298.513
273	636.087	293.402
274	631.776	288.091
275	627.893	282.58
276	624.439	276.868
277	621.413	270.956
278	618.816	264.843
279	616.648	258.531
280	614.908	252.017
281	613.596	245.304
282	612.713	238.39
283	612.258	231.275
284	6.90554	230.734
285	13.7696	229.225
286	20.5923	227.591
287	27.3735	225.832
288	34.1132	223.948
289	40.8115	221.939
290	47.4683	219.804
291	54.0837	217.544
292	60.6576	215.159
293	67.19	212.649
294	73.681	210.014
295	80.1306	207.253
296	86.5387	204.368
297	97.916	208.071
298	103.088	214.313
299	108.42	220.084
300	113.914	225.384
301	119.569	230.211
302	125.385	234.568
303	131.362	238.453
304	137.501	241.866
305	143.8	244.808
306	150.26	247.278
307	156.882	249.277
308	163.664	250.804
309	170.608	251.86
310	177.713	252.444
311	184.978	252.557
312	192.405	252.198
313	199.993	251.368
314	207.742	250.066
315	215.652	248.293
316	220.124	239.563
317	216.824	233.026
318	213.821	226.436
319	211.118	219.794
320	208.712	213.1
321	206.605	206.353
322	204.796	199.554
323	203.286	192.703
324	202.074	185.799
325	201.161	178.842
326	200.545	171.834
327	200.229	164.773
328	200.21	157.659
329	200.49	150.494
330	201.069	143.275
331	201.946	136.005
332	343.394	224.988
333	346.523	218.471
334	349.324	211.883
335	351.798	205.224
336	353.944	198.494
337	355.762	191.693
338	357.253	184.821
339	358.417	177.878
340	359.253	170.863
341	359.761	163.778
342	359.942	156.622
343	359.795	149.394
344	401.23	218.079
345	405.476	212.327
346	409.82	206.706
347	414.259	201.216
348	418.796	195.858
349	423.429	190.632
350	428.158	185.537
351	432.984	180.573
352	437.907	175.74
353	442.926	171.039
354	448.042	166.47
355	453.255	162.032
356	458.564	157.725
357	463.969	153.549
358	469.472	149.506
359	475.07	145.593
360	480.766	141.812
361	486.558	138.162
362	492.446	134.644
363	498.431	131.257
364	504.513	128.002
365	510.691	124.878
366	516.966	121.885
367	523.338	119.024
368	529.806	116.294
369	536.37	113.695
370	543.032	111.228
371	549.789	108.893
372	512.349	239.053
373	518.698	236.237
374	525.092	233.68
375	531.529	231.381
376	538.011	229.341
377	544.537	227.559
378	551.108	226.036
379	557.723	224.771
380	564.382	223.765
381	571.085	223.017
382	577.832	222.528
383	584.624	222.298
384	591.46	222.326
385	598.34	222.612
386	605.264	223.157
387	613.236	215.926
388	613.804	208.098
389	613.934	200.477
390	613.629	193.063
391	612.886	185.856
392	611.707	178.856
393	610.091	172.063
394	608.038	165.476
395	605.549	159.097
396	602.624	152.925
397	599.261	146.96
398	595.462	141.201
399	591.227	135.65
400	586.555	130.306
401	581.446	125.168
402	575.9	120.238
403	569.918	115.515
404	563.499	110.998
405	14.7857	137.95
406	21.4071	141.596
407	28.042	144.783
408	34.6905	147.509
409	41.3525	149.776
410	48.028	151.583
411	54.717	152.931
412	61.4195	153.818
413	68.1355	154.246
414	74.8651	154.213
415	81.6082	153.721
416	88.3648	152.769
417	95.1349	151.357
418	101.919	149.486
419	108.716	147.154
420	115.526	144.363
421	122.351	141.111
422	210.233	125.536
423	217.315	122.728
424	224.368	120.26
425	231.393	118.131
426	238.388	116.341
427	245.354	114.89
428	252.291	113.778
429	259.198	113.005
430	266.077	112.571
431	272.927	112.476
432	279.747	112.72
433	286.538	113.303
434	293.3	114.226
435	300.033	115.487
436	306.737	117.087
437	313.412	119.027
438	320.058	121.305
439	326.674	123.923
440	333.262	126.879
441	339.82	130.175
442	346.35	133.809
443	352.85	137.783
444	358.351	133.882
445	357.051	125.945
446	355.42	118.285
447	353.459	110.902
448	351.166	103.797
449	348.543	96.9688
450	345.588	90.4178
451	342.303	84.144
452	338.687	78.1473
453	334.74	72.4278
454	330.462	66.9854
455	325.854	61.8203
456	320.914	56.9323
457	315.644	52.3215
458	310.043	47.9879
459	304.111	43.9314
460	297.848	40.1521
461	291.254	36.65
462	284.329	33.4251
463	277.074	30.4774
464	269.487	27.8068
465	563.195	108.078
466	569.742	109.097
467	576.283	109.746
468	582.819	110.026
469	589.351	109.936
470	595.877	109.476
471	602.398	108.646
472	608.913	107.446
473	368.489	0.669627
474	375.208	1.02704
475	381.927	1.29016
476	388.646	1.45896
477	395.364	1.53346
478	402.083	1.51365
479	408.801	1.39953
480	415.518	1.19111
481	422.236	0.888379
482	428.953	0.491343
483	529.131	57.4867
484	535.72	56.5502
485	542.315	55.7891
486	548.916	55.2035
487	555.523	54.7933
488	562.137	54.5585
489	568.756	54.4991
490	575.383	54.6151
491	582.015	54.9066
492	588.653	55.3735
